0	0	0.540182	0.5
1	0	-0.339601	0.5
2	0	-0.104218	0.5
3	0	-0.886916	0.5
4	0	1.0307	0.5
0	1	0.640021	0.5
1	1	1.65222	0.5
2	1	-0.398711	0.5
3	1	0.180274	0.5
4	1	-0.890757	0.5
0	2	-1.13688	0.5
1	2	-0.169322	0.5
2	2	-0.465765	0.5
3	2	-1.13981	0.5
4	2	1.47508	0.5
0	3	-2.79029	0.5
1	3	-0.572248	0.5
2	3	-2.15534	0.5
3	3	0.822003	0.5
4	3	-0.542636	0.5
0	4	0.231272	0.5
1	4	0.219763	0.5
2	4	0.224865	0.5
3	4	-0.132375	0.5
4	4	2.1478	0.5
0	5	0.910852	0.5
1	5	-0.16146	0.5
2	5	1.09591	0.5
3	5	-0.524383	0.5
4	5	0.283578	0.5
0	6	0.196509	0.5
1	6	-0.394252	0.5
2	6	-1.20962	0.5
3	6	-0.916847	0.5
4	6	-1.83027	0.5
0	7	1.17011	0.5
1	7	-1.29706	0.5
2	7	1.86468	0.5
3	7	0.772475	0.5
4	7	0.38138	0.5
0	8	0.0432249	0.5
1	8	-2.69705	0.5
2	8	0.808764	0.5
3	8	0.838591	0.5
4	8	1.15859	0.5
0	9	0.796055	0.5
1	9	1.43111	0.5
2	9	-0.996572	0.5
3	9	1.37364	0.5
4	9	-0.672742	0.5
0	10	2.21689	0.5
1	10	-0.185904	0.5
2	10	0.911095	0.5
3	10	-1.18665	0.5
4	10	-0.537566	0.5
0	11	-1.95685	0.5
1	11	0.13318	0.5
2	11	-1.07653	0.5
3	11	-0.0641181	0.5
4	11	1.27209	0.5
0	12	0.149483	0.5
1	12	-0.656016	0.5
2	12	-0.730258	0.5
3	12	0.60967	0.5
4	12	0.3013	0.5
0	13	0.620517	0.5
1	13	-2.25544	0.5
2	13	0.23804	0.5
3	13	1.29346	0.5
4	13	2.19791	0.5
0	14	-1.3783	0.5
1	14	-0.303075	0.5
2	14	-0.705851	0.5
3	14	0.571058	0.5
4	14	-0.306662	0.5
0	15	-2.81154	0.5
1	15	-0.995211	0.5
2	15	-0.515784	0.5
3	15	-2.12063	0.5
4	15	0.989709	0.5
0	16	0.728317	0.5
1	16	-0.552192	0.5
2	16	-2.06765	0.5
3	16	-1.81883	0.5
4	16	0.734379	0.5
0	17	-0.0604549	0.5
1	17	-0.452797	0.5
2	17	-0.327829	0.5
3	17	-0.253013	0.5
4	17	-1.15308	0.5
0	18	0.754516	0.5
1	18	-1.36236	0.5
2	18	-1.68207	0.5
3	18	-0.334339	0.5
4	18	0.991083	0.5
0	19	-0.636803	0.5
1	19	0.319246	0.5
2	19	-0.919813	0.5
3	19	0.50267	0.5
4	19	-2.4357	0.5
0	20	0.758663	0.5
1	20	1.20056	0.5
2	20	-0.755681	0.5
3	20	0.685933	0.5
4	20	-1.59346	0.5
0	21	0.705332	0.5
1	21	-1.30844	0.5
2	21	1.39961	0.5
3	21	-0.991007	0.5
4	21	-0.169932	0.5
0	22	1.16889	0.5
1	22	0.303687	0.5
2	22	0.96285	0.5
3	22	-0.100824	0.5
4	22	-0.0943111	0.5
0	23	1.32166	0.5
1	23	-0.132763	0.5
2	23	0.750037	0.5
3	23	1.0638	0.5
4	23	0.146229	0.5
0	24	-0.412838	0.5
1	24	-0.239051	0.5
2	24	-1.18239	0.5
3	24	0.243564	0.5
4	24	-0.12301	0.5
0	25	-0.172788	0.5
1	25	0.199011	0.5
2	25	-0.240242	0.5
3	25	-1.26693	0.5
4	25	-0.26952	0.5
0	26	0.438998	0.5
1	26	0.259235	0.5
2	26	-0.820313	0.5
3	26	0.0720447	0.5
4	26	-0.956208	0.5
0	27	-2.13713	0.5
1	27	-0.959446	0.5
2	27	-2.25817	0.5
3	27	-1.15811	0.5
4	27	-1.15638	0.5
0	28	-0.333609	0.5
1	28	0.499333	0.5
2	28	-0.842351	0.5
3	28	-0.314817	0.5
4	28	-0.267894	0.5
0	29	-0.940255	0.5
1	29	-1.44425	0.5
2	29	1.08468	0.5
3	29	0.698868	0.5
4	29	-0.0584244	0.5
0	30	-0.572187	0.5
1	30	0.555081	0.5
2	30	0.45952	0.5
3	30	-1.24348	0.5
4	30	0.577922	0.5
0	31	1.20179	0.5
1	31	0.733833	0.5
2	31	-0.412051	0.5
3	31	0.0453529	0.5
4	31	-0.682621	0.5
0	32	0.286082	0.5
1	32	-0.257706	0.5
2	32	1.49735	0.5
3	32	1.2393	0.5
4	32	0.697733	0.5
0	33	-0.0199668	0.5
1	33	-0.838596	0.5
2	33	0.566562	0.5
3	33	-0.949208	0.5
4	33	0.591057	0.5
0	34	-0.0510206	0.5
1	34	0.713423	0.5
2	34	-1.05492	0.5
3	34	0.12484	0.5
4	34	-0.0678226	0.5
0	35	0.0156157	0.5
1	35	0.351975	0.5
2	35	0.163734	0.5
3	35	-1.37667	0.5
4	35	-0.699069	0.5
0	36	0.125966	0.5
1	36	0.356904	0.5
2	36	-0.505163	0.5
3	36	0.444007	0.5
4	36	-0.858813	0.5
0	37	0.0507855	0.5
1	37	-0.620485	0.5
2	37	-0.0959559	0.5
3	37	-0.560294	0.5
4	37	0.345221	0.5
0	38	-1.30339	0.5
1	38	2.03087	0.5
2	38	-2.01732	0.5
3	38	-1.43936	0.5
4	38	2.4491	0.5
0	39	-0.285074	0.5
1	39	-0.0446951	0.5
2	39	-0.696185	0.5
3	39	0.492287	0.5
4	39	-1.96839	0.5
0	40	0.846381	0.5
1	40	-1.12347	0.5
2	40	1.94085	0.5
3	40	-0.907033	0.5
4	40	-0.129004	0.5
0	41	1.47733	0.5
1	41	-0.721863	0.5
2	41	-0.385253	0.5
3	41	-1.0414	0.5
4	41	-1.41399	0.5
0	42	-0.648208	0.5
1	42	1.27692	0.5
2	42	0.0870636	0.5
3	42	-1.40801	0.5
4	42	1.67992	0.5
0	43	-0.615227	0.5
1	43	-0.745307	0.5
2	43	1.01259	0.5
3	43	0.148329	0.5
4	43	-0.756957	0.5
0	44	0.678648	0.5
1	44	0.46557	0.5
2	44	0.213988	0.5
3	44	-0.804936	0.5
4	44	-0.357738	0.5
0	45	-0.907303	0.5
1	45	0.0980741	0.5
2	45	0.335985	0.5
3	45	-1.73511	0.5
4	45	-2.06726	0.5
0	46	-1.69379	0.5
1	46	0.800208	0.5
2	46	-0.678249	0.5
3	46	-0.0354226	0.5
4	46	-1.75712	0.5
0	47	-0.680425	0.5
1	47	0.238601	0.5
2	47	0.604228	0.5
3	47	-0.370981	0.5
4	47	1.21506	0.5
0	48	0.171001	0.5
1	48	1.15434	0.5
2	48	0.623469	0.5
3	48	0.592953	0.5
4	48	-0.607012	0.5
0	49	-1.64207	0.5
1	49	0.293873	0.5
2	49	-0.246084	0.5
3	49	-0.717004	0.5
4	49	-0.428057	0.5
0	50	0.659324	0.5
1	50	-2.57698	0.5
2	50	0.394555	0.5
3	50	0.967178	0.5
4	50	-0.429572	0.5
0	51	-0.643473	0.5
1	51	1.31596	0.5
2	51	0.606289	0.5
3	51	0.0895581	0.5
4	51	-0.0964545	0.5
0	52	-0.476659	0.5
1	52	0.384582	0.5
2	52	0.35303	0.5
3	52	-0.466611	0.5
4	52	0.635161	0.5
0	53	-1.24665	0.5
1	53	-0.412221	0.5
2	53	0.30608	0.5
3	53	3.09443	0.5
4	53	2.15959	0.5
0	54	-0.169054	0.5
1	54	-0.768674	0.5
2	54	-0.388978	0.5
3	54	-0.398788	0.5
4	54	-1.63383	0.5
0	55	-0.316838	0.5
1	55	-2.07872	0.5
2	55	0.237747	0.5
3	55	-0.309709	0.5
4	55	-0.607922	0.5
0	56	-0.821003	0.5
1	56	-0.0643228	0.5
2	56	-0.295167	0.5
3	56	-0.643575	0.5
4	56	1.12035	0.5
0	57	0.306527	0.5
1	57	0.869836	0.5
2	57	-1.21725	0.5
3	57	-0.550319	0.5
4	57	0.641902	0.5
0	58	-0.749187	0.5
1	58	0.904596	0.5
2	58	1.36921	0.5
3	58	1.5275	0.5
4	58	0.413159	0.5
0	59	-1.50594	0.5
1	59	0.158359	0.5
2	59	-0.034471	0.5
3	59	-0.00887136	0.5
4	59	-0.819764	0.5
0	60	-0.299725	0.5
1	60	0.986293	0.5
2	60	-0.214245	0.5
3	60	0.489083	0.5
4	60	-1.31174	0.5
0	61	0.593921	0.5
1	61	0.784335	0.5
2	61	1.4185	0.5
3	61	-0.298795	0.5
4	61	-0.668509	0.5
0	62	-0.00113623	0.5
1	62	-0.893089	0.5
2	62	-1.73124	0.5
3	62	0.0997211	0.5
4	62	1.66185	0.5
0	63	0.0528274	0.5
1	63	-1.42028	0.5
2	63	-0.855306	0.5
3	63	-0.258597	0.5
4	63	0.799261	0.5
0	64	-0.262442	0.5
1	64	0.218589	0.5
2	64	-0.129469	0.5
3	64	0.824731	0.5
4	64	1.04852	0.5
0	65	0.72666	0.5
1	65	0.0246874	0.5
2	65	-2.16808	0.5
3	65	-0.900834	0.5
4	65	0.142457	0.5
0	66	1.09065	0.5
1	66	-0.0883982	0.5
2	66	0.0303993	0.5
3	66	-0.230651	0.5
4	66	1.25481	0.5
0	67	-0.59993	0.5
1	67	0.498674	0.5
2	67	-1.64636	0.5
3	67	-0.142189	0.5
4	67	1.05613	0.5
0	68	0.381901	0.5
1	68	-0.906622	0.5
2	68	-0.110754	0.5
3	68	0.984673	0.5
4	68	-2.32218	0.5
0	69	0.129053	0.5
1	69	-0.609903	0.5
2	69	-0.0522969	0.5
3	69	1.20309	0.5
4	69	-0.0884873	0.5
0	70	0.307586	0.5
1	70	0.0591908	0.5
2	70	-1.75108	0.5
3	70	0.442496	0.5
4	70	-1.77076	0.5
0	71	0.230514	0.5
1	71	-0.0326881	0.5
2	71	0.255176	0.5
3	71	0.462752	0.5
4	71	1.95235	0.5
0	72	0.879341	0.5
1	72	-1.29516	0.5
2	72	0.775697	0.5
3	72	0.422988	0.5
4	72	-0.509629	0.5
0	73	1.81264	0.5
1	73	-0.724835	0.5
2	73	-1.86613	0.5
3	73	-0.411354	0.5
4	73	0.203478	0.5
0	74	-0.402563	0.5
1	74	-0.174029	0.5
2	74	0.141989	0.5
3	74	0.57319	0.5
4	74	-0.845412	0.5
0	75	-1.46383	0.5
1	75	1.23085	0.5
2	75	-0.213417	0.5
3	75	-0.468224	0.5
4	75	0.540627	0.5
0	76	-1.96149	0.5
1	76	0.944066	0.5
2	76	-0.177849	0.5
3	76	0.865148	0.5
4	76	-0.705506	0.5
0	77	-1.66445	0.5
1	77	-0.0965475	0.5
2	77	1.17104	0.5
3	77	-0.368962	0.5
4	77	-0.0143839	0.5
0	78	-1.23804	0.5
1	78	0.931896	0.5
2	78	-0.675849	0.5
3	78	0.187361	0.5
4	78	0.724577	0.5
0	79	0.965962	0.5
1	79	-0.255468	0.5
2	79	0.774787	0.5
3	79	-1.06687	0.5
4	79	0.241734	0.5
0	80	1.09588	0.5
1	80	0.027663	0.5
2	80	0.14425	0.5
3	80	-1.63137	0.5
4	80	0.852378	0.5
0	81	0.621933	0.5
1	81	-0.51045	0.5
2	81	0.912927	0.5
3	81	1.28487	0.5
4	81	-0.33553	0.5
0	82	-0.655982	0.5
1	82	1.14203	0.5
2	82	0.229463	0.5
3	82	0.540213	0.5
4	82	0.916471	0.5
0	83	0.297207	0.5
1	83	-0.180472	0.5
2	83	1.37264	0.5
3	83	-0.731516	0.5
4	83	0.596448	0.5
0	84	0.279734	0.5
1	84	2.01671	0.5
2	84	-1.09078	0.5
3	84	0.15056	0.5
4	84	-0.705617	0.5
0	85	0.993935	0.5
1	85	-0.748044	0.5
2	85	-1.78566	0.5
3	85	0.5706	0.5
4	85	-0.718889	0.5
0	86	-0.365292	0.5
1	86	0.621449	0.5
2	86	-0.551755	0.5
3	86	1.82652	0.5
4	86	-1.11324	0.5
0	87	-0.910197	0.5
1	87	0.0318671	0.5
2	87	-0.330305	0.5
3	87	-1.15815	0.5
4	87	0.753849	0.5
0	88	-0.0243017	0.5
1	88	1.27881	0.5
2	88	-0.967487	0.5
3	88	-0.375894	0.5
4	88	0.41542	0.5
0	89	0.374894	0.5
1	89	0.613124	0.5
2	89	-0.551814	0.5
3	89	0.25901	0.5
4	89	0.654055	0.5
0	90	2.80521	0.5
1	90	-0.334892	0.5
2	90	0.700148	0.5
3	90	-2.0636	0.5
4	90	-0.158914	0.5
0	91	-1.00705	0.5
1	91	-0.0358308	0.5
2	91	1.71982	0.5
3	91	0.41179	0.5
4	91	-0.812794	0.5
0	92	-0.0123149	0.5
1	92	0.791423	0.5
2	92	-1.27335	0.5
3	92	-0.9013	0.5
4	92	2.56872	0.5
0	93	-1.87681	0.5
1	93	-1.15673	0.5
2	93	-0.707696	0.5
3	93	0.483497	0.5
4	93	0.988814	0.5
0	94	2.63206	0.5
1	94	0.294423	0.5
2	94	0.00263428	0.5
3	94	3.53975	0.5
4	94	0.227974	0.5
0	95	1.5755	0.5
1	95	1.05116	0.5
2	95	-0.0755813	0.5
3	95	0.132154	0.5
4	95	0.0421977	0.5
0	96	-1.00761	0.5
1	96	0.117478	0.5
2	96	-1.2487	0.5
3	96	0.889878	0.5
4	96	0.859871	0.5
0	97	0.279968	0.5
1	97	-0.47912	0.5
2	97	0.00740918	0.5
3	97	-0.646918	0.5
4	97	0.242689	0.5
0	98	0.309811	0.5
1	98	0.25441	0.5
2	98	0.77586	0.5
3	98	-0.480658	0.5
4	98	-1.46316	0.5
0	99	0.18967	0.5
1	99	1.63735	0.5
2	99	-0.992938	0.5
3	99	-0.365162	0.5
4	99	-0.804962	0.5
0	100	-1.00547	0.5
1	100	-0.92616	0.5
2	100	0.394493	0.5
3	100	0.19536	0.5
4	100	-0.469845	0.5
0	101	0.608858	0.5
1	101	1.41616	0.5
2	101	0.724841	0.5
3	101	-2.20129	0.5
4	101	-0.51835	0.5
0	102	-0.54204	0.5
1	102	0.855265	0.5
2	102	-0.912727	0.5
3	102	1.18726	0.5
4	102	-0.826843	0.5
0	103	0.145827	0.5
1	103	1.38655	0.5
2	103	1.39283	0.5
3	103	0.48167	0.5
4	103	-0.128215	0.5
0	104	-0.263476	0.5
1	104	2.05887	0.5
2	104	0.58502	0.5
3	104	1.51086	0.5
4	104	-0.982985	0.5
0	105	1.45723	0.5
1	105	-0.730357	0.5
2	105	0.262797	0.5
3	105	-1.64125	0.5
4	105	1.83578	0.5
0	106	0.301494	0.5
1	106	-0.658318	0.5
2	106	-3.435	0.5
3	106	0.962064	0.5
4	106	0.0688714	0.5
0	107	-0.299446	0.5
1	107	-0.368004	0.5
2	107	-0.197733	0.5
3	107	0.188521	0.5
4	107	0.63913	0.5
0	108	-0.251623	0.5
1	108	0.316638	0.5
2	108	-1.11241	0.5
3	108	0.295734	0.5
4	108	0.102912	0.5
0	109	-1.14227	0.5
1	109	-1.52524	0.5
2	109	-1.14791	0.5
3	109	-1.14536	0.5
4	109	-0.0456941	0.5
0	110	1.1617	0.5
1	110	0.408107	0.5
2	110	-0.157445	0.5
3	110	0.724929	0.5
4	110	-0.921692	0.5
0	111	-0.466293	0.5
1	111	-1.41815	0.5
2	111	1.39671	0.5
3	111	-1.46026	0.5
4	111	0.336585	0.5
0	112	0.627759	0.5
1	112	-1.3987	0.5
2	112	-0.0398519	0.5
3	112	-1.35409	0.5
4	112	0.329161	0.5
0	113	-0.16084	0.5
1	113	0.365673	0.5
2	113	1.25775	0.5
3	113	-0.212447	0.5
4	113	-0.256378	0.5
0	114	0.359104	0.5
1	114	0.521251	0.5
2	114	0.102072	0.5
3	114	0.573625	0.5
4	114	-0.750407	0.5
0	115	-1.32561	0.5
1	115	-0.261963	0.5
2	115	0.827623	0.5
3	115	1.23323	0.5
4	115	-0.924999	0.5
0	116	0.137104	0.5
1	116	0.959047	0.5
2	116	-0.772237	0.5
3	116	0.0713627	0.5
4	116	0.0438969	0.5
0	117	1.01088	0.5
1	117	-0.626639	0.5
2	117	0.556471	0.5
3	117	-1.07374	0.5
4	117	2.26021	0.5
0	118	-0.970672	0.5
1	118	1.36354	0.5
2	118	0.247646	0.5
3	118	-2.27396	0.5
4	118	-1.43536	0.5
0	119	-0.8036	0.5
1	119	-0.109798	0.5
2	119	-0.413753	0.5
3	119	0.995743	0.5
4	119	-1.31673	0.5
0	120	-0.429137	0.5
1	120	-0.878433	0.5
2	120	-1.06834	0.5
3	120	-0.670929	0.5
4	120	-0.803596	0.5
0	121	1.32256	0.5
1	121	-0.106419	0.5
2	121	-0.869228	0.5
3	121	-0.5907	0.5
4	121	0.446161	0.5
0	122	1.46669	0.5
1	122	-2.11269	0.5
2	122	0.948054	0.5
3	122	-0.607357	0.5
4	122	0.509017	0.5
0	123	-0.352587	0.5
1	123	-0.218083	0.5
2	123	0.361098	0.5
3	123	-0.166538	0.5
4	123	0.217242	0.5
0	124	0.362971	0.5
1	124	-1.54451	0.5
2	124	1.12743	0.5
3	124	0.313115	0.5
4	124	0.380576	0.5
0	125	1.60191	0.5
1	125	0.35329	0.5
2	125	-0.0817526	0.5
3	125	-0.731672	0.5
4	125	0.987506	0.5
0	126	0.137864	0.5
1	126	1.03325	0.5
2	126	-0.35058	0.5
3	126	2.00339	0.5
4	126	-0.550065	0.5
0	127	-1.20226	0.5
1	127	0.0690113	0.5
2	127	0.456251	0.5
3	127	-0.586488	0.5
4	127	-0.869462	0.5
0	128	-1.15525	0.5
1	128	0.546236	0.5
2	128	-0.589067	0.5
3	128	1.57715	0.5
4	128	-1.16118	0.5
0	129	0.480174	0.5
1	129	-1.27441	0.5
2	129	0.923363	0.5
3	129	-0.384727	0.5
4	129	0.133968	0.5
0	130	-0.660852	0.5
1	130	-0.583101	0.5
2	130	-0.703662	0.5
3	130	-2.40767	0.5
4	130	-0.579537	0.5
0	131	-0.468876	0.5
1	131	0.569083	0.5
2	131	0.507949	0.5
3	131	-0.19816	0.5
4	131	-1.21051	0.5
0	132	0.0254176	0.5
1	132	-1.01947	0.5
2	132	-0.518422	0.5
3	132	1.46243	0.5
4	132	0.846757	0.5
0	133	0.925367	0.5
1	133	0.592862	0.5
2	133	1.09514	0.5
3	133	1.43609	0.5
4	133	-0.743556	0.5
0	134	0.0455622	0.5
1	134	0.546108	0.5
2	134	-1.44341	0.5
3	134	-1.08308	0.5
4	134	-0.0830002	0.5
0	135	1.11605	0.5
1	135	-0.257936	0.5
2	135	0.96779	0.5
3	135	0.932303	0.5
4	135	1.36868	0.5
0	136	1.33592	0.5
1	136	1.68184	0.5
2	136	-0.177319	0.5
3	136	0.161711	0.5
4	136	-0.343614	0.5
0	137	-1.35171	0.5
1	137	-0.983568	0.5
2	137	-2.24598	0.5
3	137	-0.57002	0.5
4	137	-2.01337	0.5
0	138	-0.984202	0.5
1	138	-1.48384	0.5
2	138	-0.0573664	0.5
3	138	-1.70175	0.5
4	138	0.0778881	0.5
0	139	-0.454834	0.5
1	139	0.196849	0.5
2	139	-0.00428412	0.5
3	139	1.65652	0.5
4	139	-0.445251	0.5
0	140	-0.591755	0.5
1	140	-0.466734	0.5
2	140	0.825141	0.5
3	140	1.30463	0.5
4	140	1.03747	0.5
0	141	1.54977	0.5
1	141	-0.374439	0.5
2	141	1.11872	0.5
3	141	-0.750137	0.5
4	141	-0.135206	0.5
0	142	0.375998	0.5
1	142	0.634792	0.5
2	142	1.24661	0.5
3	142	1.54169	0.5
4	142	1.47896	0.5
0	143	0.597184	0.5
1	143	2.14984	0.5
2	143	0.864204	0.5
3	143	-0.495421	0.5
4	143	0.369698	0.5
0	144	1.20695	0.5
1	144	0.606483	0.5
2	144	-0.709331	0.5
3	144	1.90419	0.5
4	144	-1.08857	0.5
0	145	-2.74265	0.5
1	145	0.243455	0.5
2	145	-0.865477	0.5
3	145	-0.111909	0.5
4	145	-0.865483	0.5
0	146	1.07719	0.5
1	146	0.752287	0.5
2	146	0.0852122	0.5
3	146	-1.8237	0.5
4	146	0.985542	0.5
0	147	-1.52984	0.5
1	147	1.63756	0.5
2	147	-1.49063	0.5
3	147	-0.620432	0.5
4	147	-0.582967	0.5
0	148	0.261617	0.5
1	148	0.539682	0.5
2	148	-0.123676	0.5
3	148	1.37938	0.5
4	148	1.16337	0.5
0	149	0.0145321	0.5
1	149	1.87974	0.5
2	149	1.61204	0.5
3	149	-0.900741	0.5
4	149	-0.163361	0.5
0	150	-1.60748	0.5
1	150	0.00341091	0.5
2	150	-0.953034	0.5
3	150	-0.645684	0.5
4	150	-0.229678	0.5
0	151	-1.00007	0.5
1	151	-1.29798	0.5
2	151	1.15183	0.5
3	151	0.269157	0.5
4	151	1.06428	0.5
0	152	-0.686583	0.5
1	152	1.42119	0.5
2	152	0.0763376	0.5
3	152	1.24505	0.5
4	152	2.04195	0.5
0	153	-1.19639	0.5
1	153	0.131466	0.5
2	153	0.309839	0.5
3	153	-0.931904	0.5
4	153	1.67642	0.5
0	154	-1.2523	0.5
1	154	1.78396	0.5
2	154	0.558067	0.5
3	154	0.178056	0.5
4	154	0.119431	0.5
0	155	-0.193661	0.5
1	155	-1.31314	0.5
2	155	-0.218644	0.5
3	155	-0.557543	0.5
4	155	-0.760766	0.5
0	156	0.452987	0.5
1	156	0.478123	0.5
2	156	-0.101257	0.5
3	156	0.386443	0.5
4	156	-0.498779	0.5
0	157	-1.34332	0.5
1	157	-1.60917	0.5
2	157	-0.374795	0.5
3	157	0.727579	0.5
4	157	0.204309	0.5
0	158	-0.188126	0.5
1	158	0.337919	0.5
2	158	0.504987	0.5
3	158	-0.411787	0.5
4	158	2.08272	0.5
0	159	-0.0590966	0.5
1	159	-1.07711	0.5
2	159	1.37554	0.5
3	159	-0.448669	0.5
4	159	-2.15575	0.5
0	160	0.00195674	0.5
1	160	0.619553	0.5
2	160	0.66319	0.5
3	160	0.887897	0.5
4	160	0.229156	0.5
0	161	0.842365	0.5
1	161	-0.402272	0.5
2	161	-1.2777	0.5
3	161	0.737158	0.5
4	161	1.71707	0.5
0	162	-0.0485434	0.5
1	162	-1.21436	0.5
2	162	1.80212	0.5
3	162	-0.99825	0.5
4	162	-0.469149	0.5
0	163	0.190473	0.5
1	163	-2.06457	0.5
2	163	-0.283397	0.5
3	163	0.322667	0.5
4	163	1.4688	0.5
0	164	-0.965666	0.5
1	164	0.363252	0.5
2	164	1.92844	0.5
3	164	0.556258	0.5
4	164	-0.198425	0.5
0	165	0.424621	0.5
1	165	0.715989	0.5
2	165	-0.746957	0.5
3	165	-0.305229	0.5
4	165	-1.80871	0.5
0	166	0.580077	0.5
1	166	-0.855983	0.5
2	166	-0.686205	0.5
3	166	0.307588	0.5
4	166	1.03719	0.5
0	167	0.722265	0.5
1	167	-0.355376	0.5
2	167	-1.06369	0.5
3	167	1.63707	0.5
4	167	0.134915	0.5
0	168	-0.403185	0.5
1	168	0.219834	0.5
2	168	0.617061	0.5
3	168	0.911549	0.5
4	168	-1.1335	0.5
0	169	1.10559	0.5
1	169	0.81421	0.5
2	169	0.184402	0.5
3	169	1.82768	0.5
4	169	1.05377	0.5
0	170	-0.170281	0.5
1	170	-1.97999	0.5
2	170	-0.958646	0.5
3	170	-0.631847	0.5
4	170	-0.18967	0.5
0	171	1.72795	0.5
1	171	-0.302201	0.5
2	171	0.885933	0.5
3	171	-0.396506	0.5
4	171	-0.0177906	0.5
0	172	0.106468	0.5
1	172	-0.213434	0.5
2	172	0.537128	0.5
3	172	-1.5344	0.5
4	172	-0.193336	0.5
0	173	-1.0173	0.5
1	173	0.570011	0.5
2	173	0.155887	0.5
3	173	1.05583	0.5
4	173	2.03566	0.5
0	174	1.38464	0.5
1	174	-0.475666	0.5
2	174	-1.25672	0.5
3	174	-0.678812	0.5
4	174	-0.406528	0.5
0	175	-1.14945	0.5
1	175	-0.722563	0.5
2	175	1.0062	0.5
3	175	0.686823	0.5
4	175	0.124654	0.5
0	176	1.21837	0.5
1	176	-0.727008	0.5
2	176	2.26625	0.5
3	176	-1.49089	0.5
4	176	-0.489142	0.5
0	177	0.538867	0.5
1	177	-0.351281	0.5
2	177	-1.15685	0.5
3	177	-0.292748	0.5
4	177	-1.74725	0.5
0	178	-0.543147	0.5
1	178	0.946884	0.5
2	178	-0.386404	0.5
3	178	-1.88977	0.5
4	178	1.77355	0.5
0	179	0.209014	0.5
1	179	1.05352	0.5
2	179	0.733418	0.5
3	179	0.885054	0.5
4	179	0.322011	0.5
0	180	0.388432	0.5
1	180	0.557317	0.5
2	180	-0.511293	0.5
3	180	0.767527	0.5
4	180	-0.862576	0.5
0	181	-0.452048	0.5
1	181	-1.37719	0.5
2	181	1.44074	0.5
3	181	-1.5923	0.5
4	181	-0.029573	0.5
0	182	-0.161659	0.5
1	182	-1.00833	0.5
2	182	-0.545195	0.5
3	182	0.758651	0.5
4	182	1.3142	0.5
0	183	0.11813	0.5
1	183	-0.123362	0.5
2	183	-0.346441	0.5
3	183	-0.869637	0.5
4	183	-0.340582	0.5
0	184	-1.05122	0.5
1	184	-0.0722202	0.5
2	184	0.185179	0.5
3	184	-0.554691	0.5
4	184	-1.74824	0.5
0	185	0.569821	0.5
1	185	-0.366069	0.5
2	185	-0.422559	0.5
3	185	1.19538	0.5
4	185	-1.5005	0.5
0	186	1.23732	0.5
1	186	0.932067	0.5
2	186	1.377	0.5
3	186	0.279869	0.5
4	186	0.455808	0.5
0	187	0.0162626	0.5
1	187	-1.77771	0.5
2	187	-0.964122	0.5
3	187	2.44926	0.5
4	187	-0.220444	0.5
0	188	-0.926999	0.5
1	188	1.83375	0.5
2	188	2.40607	0.5
3	188	-1.30532	0.5
4	188	-0.94453	0.5
0	189	1.02074	0.5
1	189	1.20156	0.5
2	189	0.327397	0.5
3	189	-0.576899	0.5
4	189	0.363364	0.5
0	190	-1.84561	0.5
1	190	-0.196465	0.5
2	190	-0.0742409	0.5
3	190	-1.07975	0.5
4	190	-0.199639	0.5
0	191	-0.779847	0.5
1	191	-0.018884	0.5
2	191	-0.622165	0.5
3	191	-0.0091478	0.5
4	191	0.265884	0.5
0	192	0.605619	0.5
1	192	0.723549	0.5
2	192	-0.981598	0.5
3	192	0.780315	0.5
4	192	-0.602604	0.5
0	193	-0.0507065	0.5
1	193	0.864086	0.5
2	193	-0.141418	0.5
3	193	0.971628	0.5
4	193	-1.97781	0.5
0	194	0.269784	0.5
1	194	-1.08159	0.5
2	194	-0.327447	0.5
3	194	-1.06992	0.5
4	194	-0.16793	0.5
0	195	1.31085	0.5
1	195	1.48023	0.5
2	195	0.0449107	0.5
3	195	-1.54647	0.5
4	195	-1.31589	0.5
0	196	-1.45171	0.5
1	196	-0.103617	0.5
2	196	1.91606	0.5
3	196	-0.364721	0.5
4	196	1.5874	0.5
0	197	-0.861443	0.5
1	197	-0.539282	0.5
2	197	-2.26596	0.5
3	197	-0.57851	0.5
4	197	0.680741	0.5
0	198	2.15178	0.5
1	198	-0.00555643	0.5
2	198	-0.393367	0.5
3	198	-1.07105	0.5
4	198	-0.584563	0.5
0	199	-0.240367	0.5
1	199	-0.324901	0.5
2	199	1.72463	0.5
3	199	-0.319497	0.5
4	199	2.01424	0.5
0	200	-0.248913	0.5
1	200	-1.17489	0.5
2	200	0.131439	0.5
3	200	-0.824872	0.5
4	200	-1.34418	0.5
0	201	0.265099	0.5
1	201	0.445737	0.5
2	201	-0.45126	0.5
3	201	-0.221109	0.5
4	201	-0.830108	0.5
0	202	1.65626	0.5
1	202	0.278841	0.5
2	202	-0.897161	0.5
3	202	0.20381	0.5
4	202	-1.95455	0.5
0	203	-0.00370746	0.5
1	203	0.425338	0.5
2	203	-1.16329	0.5
3	203	1.40658	0.5
4	203	-0.96386	0.5
0	204	0.571741	0.5
1	204	-1.14119	0.5
2	204	-1.56981	0.5
3	204	-0.287977	0.5
4	204	1.01806	0.5
0	205	0.26612	0.5
1	205	0.217074	0.5
2	205	0.558966	0.5
3	205	0.413452	0.5
4	205	-0.0522735	0.5
0	206	-0.0705456	0.5
1	206	1.63275	0.5
2	206	-0.0702382	0.5
3	206	-1.35321	0.5
4	206	-0.646852	0.5
0	207	-0.900338	0.5
1	207	0.431483	0.5
2	207	-0.337518	0.5
3	207	1.16228	0.5
4	207	-0.893562	0.5
0	208	-0.86648	0.5
1	208	-0.915777	0.5
2	208	-0.404803	0.5
3	208	-0.804013	0.5
4	208	1.10244	0.5
0	209	-1.67912	0.5
1	209	0.098722	0.5
2	209	0.382852	0.5
3	209	-1.68526	0.5
4	209	0.587216	0.5
0	210	0.184413	0.5
1	210	-1.57175	0.5
2	210	-1.1099	0.5
3	210	0.257833	0.5
4	210	0.275663	0.5
0	211	0.940664	0.5
1	211	-0.0364121	0.5
2	211	0.43687	0.5
3	211	0.530299	0.5
4	211	-0.654178	0.5
0	212	-0.287932	0.5
1	212	2.05732	0.5
2	212	-0.168928	0.5
3	212	2.00546	0.5
4	212	-0.655765	0.5
0	213	0.393548	0.5
1	213	0.227739	0.5
2	213	0.690382	0.5
3	213	-0.658162	0.5
4	213	1.58054	0.5
0	214	0.885589	0.5
1	214	0.905575	0.5
2	214	-1.24347	0.5
3	214	0.52826	0.5
4	214	-0.952399	0.5
0	215	0.701989	0.5
1	215	-1.75875	0.5
2	215	2.68824	0.5
3	215	0.642033	0.5
4	215	1.67415	0.5
0	216	0.499073	0.5
1	216	-0.546915	0.5
2	216	0.429859	0.5
3	216	0.467477	0.5
4	216	1.1053	0.5
0	217	0.841898	0.5
1	217	-0.522878	0.5
2	217	-1.60874	0.5
3	217	-1.46656	0.5
4	217	-1.89204	0.5
0	218	-1.44265	0.5
1	218	0.247339	0.5
2	218	-1.35389	0.5
3	218	0.156225	0.5
4	218	-0.68737	0.5
0	219	1.25703	0.5
1	219	1.11897	0.5
2	219	-0.202009	0.5
3	219	1.30102	0.5
4	219	0.441178	0.5
0	220	-1.9457	0.5
1	220	1.12997	0.5
2	220	-1.90131	0.5
3	220	2.59791	0.5
4	220	-0.799162	0.5
0	221	0.343535	0.5
1	221	0.27812	0.5
2	221	1.61184	0.5
3	221	-0.16513	0.5
4	221	0.0296533	0.5
0	222	-1.0504	0.5
1	222	-0.156383	0.5
2	222	-2.3852	0.5
3	222	-0.517467	0.5
4	222	0.261003	0.5
0	223	-2.19022	0.5
1	223	0.878576	0.5
2	223	-1.23975	0.5
3	223	-3.35346	0.5
4	223	-2.00537	0.5
0	224	-3.11353	0.5
1	224	-0.192218	0.5
2	224	0.0866796	0.5
3	224	0.96582	0.5
4	224	-0.726196	0.5
0	225	1.19429	0.5
1	225	0.222491	0.5
2	225	-1.0889	0.5
3	225	0.318077	0.5
4	225	0.228273	0.5
0	226	0.870359	0.5
1	226	-0.653032	0.5
2	226	-1.10325	0.5
3	226	-0.799961	0.5
4	226	-0.361989	0.5
0	227	-1.99984	0.5
1	227	0.886123	0.5
2	227	0.837483	0.5
3	227	1.76073	0.5
4	227	-0.33495	0.5
0	228	-1.5146	0.5
1	228	-0.0912817	0.5
2	228	-0.101385	0.5
3	228	-0.401631	0.5
4	228	-1.48155	0.5
0	229	-0.699908	0.5
1	229	0.186296	0.5
2	229	-0.356138	0.5
3	229	1.21803	0.5
4	229	0.866384	0.5
0	230	0.0828184	0.5
1	230	1.55602	0.5
2	230	-0.175811	0.5
3	230	0.709588	0.5
4	230	1.8755	0.5
0	231	0.706634	0.5
1	231	2.55346	0.5
2	231	0.341192	0.5
3	231	0.162154	0.5
4	231	1.30386	0.5
0	232	0.873108	0.5
1	232	0.488778	0.5
2	232	0.176857	0.5
3	232	0.958925	0.5
4	232	1.30813	0.5
0	233	-0.789433	0.5
1	233	-0.00677385	0.5
2	233	-0.833912	0.5
3	233	-0.690439	0.5
4	233	1.32458	0.5
0	234	0.659613	0.5
1	234	-0.701765	0.5
2	234	0.213633	0.5
3	234	-0.558273	0.5
4	234	-0.846186	0.5
0	235	1.1784	0.5
1	235	-0.31786	0.5
2	235	0.900598	0.5
3	235	-0.433478	0.5
4	235	-1.65561	0.5
0	236	0.0569628	0.5
1	236	0.551841	0.5
2	236	-0.590784	0.5
3	236	0.72513	0.5
4	236	0.665021	0.5
0	237	-0.331083	0.5
1	237	0.983322	0.5
2	237	0.207473	0.5
3	237	-0.329832	0.5
4	237	-1.12096	0.5
0	238	-0.240252	0.5
1	238	-0.0943894	0.5
2	238	-1.90271	0.5
3	238	-0.1071	0.5
4	238	-0.491661	0.5
0	239	1.25576	0.5
1	239	-1.73588	0.5
2	239	-0.90423	0.5
3	239	-0.0911494	0.5
4	239	0.439597	0.5
0	240	-0.898042	0.5
1	240	2.3781	0.5
2	240	-1.40579	0.5
3	240	-0.409952	0.5
4	240	0.999968	0.5
0	241	1.85372	0.5
1	241	-0.312522	0.5
2	241	-0.512599	0.5
3	241	-0.717426	0.5
4	241	-0.273627	0.5
0	242	-1.30961	0.5
1	242	-0.0126203	0.5
2	242	-0.0863937	0.5
3	242	-0.0397497	0.5
4	242	-2.05012	0.5
0	243	-0.268897	0.5
1	243	0.189104	0.5
2	243	-0.403958	0.5
3	243	-0.395864	0.5
4	243	-0.784523	0.5
0	244	-1.51202	0.5
1	244	0.448775	0.5
2	244	-0.657665	0.5
3	244	1.63377	0.5
4	244	-1.32209	0.5
0	245	0.651119	0.5
1	245	0.957974	0.5
2	245	0.792989	0.5
3	245	-0.755477	0.5
4	245	-1.07377	0.5
0	246	0.814909	0.5
1	246	0.202608	0.5
2	246	-0.938192	0.5
3	246	0.123571	0.5
4	246	1.57283	0.5
0	247	-0.70709	0.5
1	247	0.0545892	0.5
2	247	-0.350545	0.5
3	247	0.636562	0.5
4	247	-0.185328	0.5
0	248	-0.785739	0.5
1	248	0.273297	0.5
2	248	-0.945906	0.5
3	248	-2.42398	0.5
4	248	-0.959943	0.5
0	249	2.37802	0.5
1	249	1.11672	0.5
2	249	1.07006	0.5
3	249	-2.06505	0.5
4	249	1.34278	0.5
0	250	-0.100159	0.5
1	250	0.742076	0.5
2	250	-0.532111	0.5
3	250	0.35358	0.5
4	250	-0.373157	0.5
0	251	1.19544	0.5
1	251	0.542932	0.5
2	251	-0.626534	0.5
3	251	0.112698	0.5
4	251	0.490236	0.5
0	252	-0.956116	0.5
1	252	0.400046	0.5
2	252	-0.655992	0.5
3	252	0.884811	0.5
4	252	-0.0562474	0.5
0	253	0.0396272	0.5
1	253	0.911689	0.5
2	253	0.366999	0.5
3	253	1.20233	0.5
4	253	-0.715441	0.5
0	254	-0.67042	0.5
1	254	1.97936	0.5
2	254	0.720352	0.5
3	254	-0.874999	0.5
4	254	0.010218	0.5
0	255	1.21236	0.5
1	255	-0.246154	0.5
2	255	-0.778634	0.5
3	255	0.0331128	0.5
4	255	-0.612036	0.5
0	256	1.54263	0.5
1	256	0.107983	0.5
2	256	0.0869639	0.5
3	256	1.92763	0.5
4	256	0.618379	0.5
0	257	-1.35	0.5
1	257	-0.240037	0.5
2	257	1.30141	0.5
3	257	0.014658	0.5
4	257	-1.74124	0.5
0	258	-0.558349	0.5
1	258	-0.778564	0.5
2	258	0.362609	0.5
3	258	-0.375836	0.5
4	258	1.77772	0.5
0	259	2.06847	0.5
1	259	0.654694	0.5
2	259	0.963896	0.5
3	259	0.603822	0.5
4	259	-0.0822007	0.5
0	260	1.24715	0.5
1	260	-0.202933	0.5
2	260	1.46048	0.5
3	260	0.319278	0.5
4	260	-0.297163	0.5
0	261	1.38493	0.5
1	261	0.741259	0.5
2	261	-0.807343	0.5
3	261	0.237826	0.5
4	261	-0.017076	0.5
0	262	1.9017	0.5
1	262	-0.913793	0.5
2	262	-0.264162	0.5
3	262	0.147612	0.5
4	262	-0.337522	0.5
0	263	-0.34623	0.5
1	263	-1.18891	0.5
2	263	3.0756	0.5
3	263	0.175545	0.5
4	263	-1.31938	0.5
0	264	0.359986	0.5
1	264	-1.01271	0.5
2	264	0.0148521	0.5
3	264	0.190927	0.5
4	264	0.175817	0.5
0	265	0.104304	0.5
1	265	0.210643	0.5
2	265	1.65653	0.5
3	265	-0.621537	0.5
4	265	-0.41985	0.5
0	266	2.27257	0.5
1	266	0.019523	0.5
2	266	-1.20926	0.5
3	266	0.318322	0.5
4	266	0.933984	0.5
0	267	-1.24539	0.5
1	267	-0.371652	0.5
2	267	1.78115	0.5
3	267	-0.628514	0.5
4	267	-1.13841	0.5
0	268	-0.466122	0.5
1	268	0.231457	0.5
2	268	0.684986	0.5
3	268	0.151473	0.5
4	268	0.498481	0.5
0	269	-0.00438744	0.5
1	269	0.798679	0.5
2	269	-1.05225	0.5
3	269	-0.12326	0.5
4	269	-0.181873	0.5
0	270	1.16789	0.5
1	270	0.367876	0.5
2	270	-1.76792	0.5
3	270	1.53193	0.5
4	270	0.742577	0.5
0	271	-0.451428	0.5
1	271	0.442653	0.5
2	271	-0.502938	0.5
3	271	-0.438615	0.5
4	271	-0.7949	0.5
0	272	-0.495525	0.5
1	272	3.00502	0.5
2	272	-0.457758	0.5
3	272	-1.53038	0.5
4	272	0.715125	0.5
0	273	1.22311	0.5
1	273	-1.67443	0.5
2	273	-1.0004	0.5
3	273	-2.5535	0.5
4	273	0.276169	0.5
0	274	1.57909	0.5
1	274	-0.172838	0.5
2	274	0.194206	0.5
3	274	-2.15964	0.5
4	274	-0.346717	0.5
0	275	-1.20072	0.5
1	275	0.911317	0.5
2	275	-2.09369	0.5
3	275	-0.826188	0.5
4	275	0.645775	0.5
0	276	0.141323	0.5
1	276	-0.856047	0.5
2	276	-1.2803	0.5
3	276	0.589778	0.5
4	276	-1.50911	0.5
0	277	-0.528636	0.5
1	277	1.13518	0.5
2	277	0.369101	0.5
3	277	0.0115947	0.5
4	277	0.817047	0.5
0	278	-1.82564	0.5
1	278	-0.395296	0.5
2	278	-0.0374059	0.5
3	278	-0.625687	0.5
4	278	0.160768	0.5
0	279	-0.531017	0.5
1	279	0.999959	0.5
2	279	-0.849913	0.5
3	279	0.993548	0.5
4	279	0.365034	0.5
0	280	-0.375603	0.5
1	280	-1.65362	0.5
2	280	-0.759579	0.5
3	280	-1.35338	0.5
4	280	-1.04553	0.5
0	281	-0.0921299	0.5
1	281	0.495634	0.5
2	281	1.88333	0.5
3	281	-0.533877	0.5
4	281	0.512512	0.5
0	282	-1.31466	0.5
1	282	-0.459956	0.5
2	282	-0.362823	0.5
3	282	1.59541	0.5
4	282	0.32422	0.5
0	283	-1.36739	0.5
1	283	-0.486714	0.5
2	283	-0.351256	0.5
3	283	-0.838541	0.5
4	283	1.32804	0.5
0	284	0.11007	0.5
1	284	-1.23942	0.5
2	284	-0.275523	0.5
3	284	1.88138	0.5
4	284	1.34442	0.5
0	285	0.497733	0.5
1	285	1.19971	0.5
2	285	0.192533	0.5
3	285	1.46159	0.5
4	285	-0.555815	0.5
0	286	0.17395	0.5
1	286	0.0750151	0.5
2	286	1.20631	0.5
3	286	-1.53537	0.5
4	286	1.67738	0.5
0	287	0.714658	0.5
1	287	0.18382	0.5
2	287	-0.25883	0.5
3	287	1.0631	0.5
4	287	0.183329	0.5
0	288	-0.820226	0.5
1	288	-0.554117	0.5
2	288	-0.133662	0.5
3	288	1.75729	0.5
4	288	-0.0455293	0.5
0	289	0.10818	0.5
1	289	0.691614	0.5
2	289	-0.0650549	0.5
3	289	0.238637	0.5
4	289	0.506351	0.5
0	290	-0.539075	0.5
1	290	0.775877	0.5
2	290	-0.164428	0.5
3	290	2.05172	0.5
4	290	0.229743	0.5
0	291	1.76493	0.5
1	291	-0.258609	0.5
2	291	-1.67642	0.5
3	291	-1.48676	0.5
4	291	-2.12412	0.5
0	292	-0.076826	0.5
1	292	-0.907645	0.5
2	292	1.74858	0.5
3	292	0.0422408	0.5
4	292	1.27618	0.5
0	293	0.9055	0.5
1	293	-0.483724	0.5
2	293	-0.159372	0.5
3	293	-0.680197	0.5
4	293	-1.0146	0.5
0	294	-1.4683	0.5
1	294	0.0191045	0.5
2	294	0.847048	0.5
3	294	-0.45084	0.5
4	294	0.101854	0.5
0	295	1.54162	0.5
1	295	2.04029	0.5
2	295	-0.667955	0.5
3	295	2.36695	0.5
4	295	1.10866	0.5
0	296	1.16071	0.5
1	296	-1.41233	0.5
2	296	0.387742	0.5
3	296	-1.55843	0.5
4	296	0.827446	0.5
0	297	-0.470768	0.5
1	297	0.544325	0.5
2	297	-1.54312	0.5
3	297	0.101605	0.5
4	297	0.181504	0.5
0	298	0.0957708	0.5
1	298	-0.00662093	0.5
2	298	0.107677	0.5
3	298	-1.3177	0.5
4	298	0.669346	0.5
0	299	0.183559	0.5
1	299	-0.0431859	0.5
2	299	-0.705252	0.5
3	299	-0.299845	0.5
4	299	0.903431	0.5
0	300	-1.15197	0.5
1	300	0.448572	0.5
2	300	0.154733	0.5
3	300	-0.71533	0.5
4	300	-0.836166	0.5
0	301	1.77733	0.5
1	301	0.167832	0.5
2	301	-0.581106	0.5
3	301	1.86976	0.5
4	301	-0.391892	0.5
0	302	0.754619	0.5
1	302	1.37933	0.5
2	302	-0.683524	0.5
3	302	0.488929	0.5
4	302	0.374497	0.5
0	303	-0.0889662	0.5
1	303	0.322892	0.5
2	303	0.32179	0.5
3	303	0.981853	0.5
4	303	-0.255547	0.5
0	304	-0.502857	0.5
1	304	-0.0213687	0.5
2	304	0.963784	0.5
3	304	-0.425287	0.5
4	304	0.703392	0.5
0	305	1.48861	0.5
1	305	-1.56687	0.5
2	305	-0.458765	0.5
3	305	-1.15956	0.5
4	305	0.77365	0.5
0	306	-0.613859	0.5
1	306	-0.707662	0.5
2	306	-1.38441	0.5
3	306	-0.00420821	0.5
4	306	0.366388	0.5
0	307	-0.0398091	0.5
1	307	-1.20903	0.5
2	307	0.914768	0.5
3	307	0.293809	0.5
4	307	-1.06086	0.5
0	308	1.24941	0.5
1	308	0.0797805	0.5
2	308	-0.730934	0.5
3	308	0.939599	0.5
4	308	-0.742541	0.5
0	309	0.104386	0.5
1	309	-0.707587	0.5
2	309	0.345099	0.5
3	309	-0.505129	0.5
4	309	2.41527	0.5
0	310	-0.857131	0.5
1	310	-1.50872	0.5
2	310	0.918034	0.5
3	310	-0.0113042	0.5
4	310	1.31449	0.5
0	311	-0.714997	0.5
1	311	-0.200097	0.5
2	311	0.145743	0.5
3	311	-0.896099	0.5
4	311	1.16832	0.5
0	312	-1.1953	0.5
1	312	0.787589	0.5
2	312	1.00563	0.5
3	312	-0.580178	0.5
4	312	-0.162967	0.5
0	313	-0.784968	0.5
1	313	0.965444	0.5
2	313	0.383218	0.5
3	313	1.00673	0.5
4	313	-1.52759	0.5
0	314	0.84555	0.5
1	314	-1.46716	0.5
2	314	0.07936	0.5
3	314	-0.73696	0.5
4	314	-0.223565	0.5
0	315	-0.395128	0.5
1	315	0.0240071	0.5
2	315	0.472453	0.5
3	315	-0.0535904	0.5
4	315	-1.21278	0.5
0	316	0.738838	0.5
1	316	-0.452553	0.5
2	316	-0.694695	0.5
3	316	0.387118	0.5
4	316	1.13056	0.5
0	317	-0.160452	0.5
1	317	0.253786	0.5
2	317	1.47204	0.5
3	317	-0.0185968	0.5
4	317	-1.17914	0.5
0	318	-1.10541	0.5
1	318	1.67918	0.5
2	318	-1.09785	0.5
3	318	-0.979437	0.5
4	318	-0.564468	0.5
0	319	2.11662	0.5
1	319	-0.193293	0.5
2	319	0.714551	0.5
3	319	-0.412526	0.5
4	319	-1.16326	0.5
