gen, d0l0, d1l0, d2l0, d3l0, d4l0, d5l0, d6l0, d7l0, d8l0, d9l0, d10l0, d11l0, d12l0, d13l0, d14l0, d15l0, d16l0, d17l0, d18l0, d19l0, d0l1, d1l1, d2l1, d3l1, d4l1, d5l1, d6l1, d7l1, d8l1, d9l1, d10l1, d11l1, d12l1, d13l1, d14l1, d15l1, d16l1, d17l1, d18l1, d19l1, d0W1, d0W0.606531, d0W0.687289, d0W1, d0W0.687289, d0W0.606531, d1W1, d1W0.606531, d1W0.687289, d1W1, d1W0.687289, d1W0.606531, d2W1, d2W0.606531, d2W0.687289, d2W1, d2W0.687289, d2W0.606531, d3W1, d3W0.606531, d3W0.687289, d3W1, d3W0.687289, d3W0.606531, d4W1, d4W0.606531, d4W0.687289, d4W1, d4W0.687289, d4W0.606531, d5W1, d5W0.606531, d5W0.687289, d5W1, d5W0.687289, d5W0.606531, d6W1, d6W0.606531, d6W0.687289, d6W1, d6W0.687289, d6W0.606531, d7W1, d7W0.606531, d7W0.687289, d7W1, d7W0.687289, d7W0.606531, d8W1, d8W0.606531, d8W0.687289, d8W1, d8W0.687289, d8W0.606531, d9W1, d9W0.606531, d9W0.687289, d9W1, d9W0.687289, d9W0.606531, d10W1, d10W0.606531, d10W0.687289, d10W1, d10W0.687289, d10W0.606531, d11W1, d11W0.606531, d11W0.687289, d11W1, d11W0.687289, d11W0.606531, d12W1, d12W0.606531, d12W0.687289, d12W1, d12W0.687289, d12W0.606531, d13W1, d13W0.606531, d13W0.687289, d13W1, d13W0.687289, d13W0.606531, d14W1, d14W0.606531, d14W0.687289, d14W1, d14W0.687289, d14W0.606531, d15W1, d15W0.606531, d15W0.687289, d15W1, d15W0.687289, d15W0.606531, d16W1, d16W0.606531, d16W0.687289, d16W1, d16W0.687289, d16W0.606531, d17W1, d17W0.606531, d17W0.687289, d17W1, d17W0.687289, d17W0.606531, d18W1, d18W0.606531, d18W0.687289, d18W1, d18W0.687289, d18W0.606531, d19W1, d19W0.606531, d19W0.687289, d19W1, d19W0.687289, d19W0.606531, 
0, 1,1,1,1,1,1,1,0.9975,0.9875,0.8475,0.2125,0.0225,0.01,0,0,0,0,0,0,0,1,1,1,1,1,1,1,0.9975,0.985,0.85,0.1975,0.0375,0,0,0,0,0,0,0,0,200,0,0,200,0,0,200,0,0,200,0,0,200,0,0,200,0,0,200,0,0,200,0,0,200,0,0,200,0,0,200,0,0,200,0,0,200,0,0,200,0,0,197,0,3,197,3,0,186,1,13,186,13,1,129,37,34,129,34,37,114,25,61,114,61,25,181,1,18,181,18,1,199,0,1,199,1,0,200,0,0,200,0,0,200,0,0,200,0,0,200,0,0,200,0,0,200,0,0,200,0,0,200,0,0,200,0,0,200,0,0,200,0,0,200,0,0,200,0,0,
10, 1,1,1,1,1,1,1,0.995,0.9925,0.7625,0.2075,0.0275,0.005,0,0,0,0,0,0,0,1,1,1,1,1,1,1,1,0.9875,0.775,0.2,0.03,0,0,0,0,0,0,0,0,200,0,0,200,0,0,200,0,0,200,0,0,200,0,0,200,0,0,200,0,0,200,0,0,200,0,0,200,0,0,200,0,0,200,0,0,200,0,0,200,0,0,200,0,0,200,0,0,195,1,4,195,4,1,114,28,58,114,58,28,105,37,58,105,58,37,182,7,11,182,11,7,196,0,4,196,4,0,200,0,0,200,0,0,200,0,0,200,0,0,200,0,0,200,0,0,200,0,0,200,0,0,200,0,0,200,0,0,200,0,0,200,0,0,200,0,0,200,0,0,
20, 1,1,1,1,1,1,1,0.995,0.99,0.8375,0.1675,0.005,0,0,0,0,0,0,0,0,1,1,1,1,1,1,1,0.9975,0.9825,0.8275,0.145,0.01,0,0,0,0,0,0,0,0,200,0,0,200,0,0,200,0,0,200,0,0,200,0,0,200,0,0,200,0,0,200,0,0,200,0,0,200,0,0,200,0,0,200,0,0,200,0,0,200,0,0,198,0,2,198,2,0,192,1,7,192,7,1,130,27,43,130,43,27,127,27,46,127,46,27,190,0,10,190,10,0,200,0,0,200,0,0,200,0,0,200,0,0,200,0,0,200,0,0,200,0,0,200,0,0,200,0,0,200,0,0,200,0,0,200,0,0,200,0,0,200,0,0,200,0,0,200,0,0,
30, 1,1,1,1,1,1,1,1,0.995,0.8325,0.1575,0.015,0,0,0,0,0,0,0,0,1,1,1,1,1,1,1,0.995,0.9675,0.8225,0.155,0.0125,0,0,0,0,0,0,0,0,200,0,0,200,0,0,200,0,0,200,0,0,200,0,0,200,0,0,200,0,0,200,0,0,200,0,0,200,0,0,200,0,0,200,0,0,200,0,0,200,0,0,197,0,3,197,3,0,186,4,10,186,10,4,121,25,54,121,54,25,129,18,53,129,53,18,192,1,7,192,7,1,199,0,1,199,1,0,200,0,0,200,0,0,200,0,0,200,0,0,200,0,0,200,0,0,200,0,0,200,0,0,200,0,0,200,0,0,200,0,0,200,0,0,200,0,0,200,0,0,
40, 1,1,1,1,1,1,1,1,0.97,0.815,0.1425,0.0175,0.0025,0,0,0,0,0,0,0,1,1,1,1,1,1,1,0.9975,0.9725,0.805,0.1725,0.0125,0,0,0,0,0,0,0,0,200,0,0,200,0,0,200,0,0,200,0,0,200,0,0,200,0,0,200,0,0,200,0,0,200,0,0,200,0,0,200,0,0,200,0,0,200,0,0,200,0,0,197,0,3,197,3,0,182,5,13,182,13,5,111,31,58,111,58,31,126,28,46,126,46,28,180,3,17,180,17,3,199,0,1,199,1,0,200,0,0,200,0,0,200,0,0,200,0,0,200,0,0,200,0,0,200,0,0,200,0,0,200,0,0,200,0,0,200,0,0,200,0,0,200,0,0,200,0,0,
50, 1,1,1,1,1,1,1,1,0.99,0.7875,0.1,0.005,0.0025,0,0,0,0,0,0,0,1,1,1,1,1,1,1,1,0.9875,0.79,0.085,0.0075,0,0,0,0,0,0,0,0,200,0,0,200,0,0,200,0,0,200,0,0,200,0,0,200,0,0,200,0,0,200,0,0,200,0,0,200,0,0,200,0,0,200,0,0,200,0,0,200,0,0,199,0,1,199,1,0,190,1,9,190,9,1,127,27,46,127,46,27,154,18,28,154,28,18,195,0,5,195,5,0,196,0,4,196,4,0,200,0,0,200,0,0,200,0,0,200,0,0,200,0,0,200,0,0,200,0,0,200,0,0,200,0,0,200,0,0,200,0,0,200,0,0,200,0,0,200,0,0,
60, 1,1,1,1,1,1,1,0.9975,0.9675,0.82,0.15,0.0025,0,0,0,0,0,0,0,0,1,1,1,1,1,1,1,1,0.975,0.8025,0.13,0.015,0,0,0,0,0,0,0,0,200,0,0,200,0,0,200,0,0,200,0,0,200,0,0,200,0,0,200,0,0,200,0,0,200,0,0,200,0,0,200,0,0,200,0,0,200,0,0,200,0,0,199,0,1,199,1,0,188,2,10,188,10,2,117,26,57,117,57,26,152,15,33,152,33,15,193,0,7,193,7,0,200,0,0,200,0,0,200,0,0,200,0,0,200,0,0,200,0,0,200,0,0,200,0,0,200,0,0,200,0,0,200,0,0,200,0,0,200,0,0,200,0,0,200,0,0,200,0,0,
70, 1,1,1,1,1,1,1,0.9975,0.97,0.75,0.18,0.01,0,0,0,0,0,0,0,0,1,1,1,1,1,1,1,1,0.9775,0.7525,0.17,0.01,0,0,0,0,0,0,0,0,200,0,0,200,0,0,200,0,0,200,0,0,200,0,0,200,0,0,200,0,0,200,0,0,200,0,0,200,0,0,200,0,0,200,0,0,200,0,0,200,0,0,196,0,4,196,4,0,180,3,17,180,17,3,107,35,58,107,58,35,121,31,48,121,48,31,194,0,6,194,6,0,200,0,0,200,0,0,200,0,0,200,0,0,200,0,0,200,0,0,200,0,0,200,0,0,200,0,0,200,0,0,200,0,0,200,0,0,200,0,0,200,0,0,200,0,0,200,0,0,
80, 1,1,1,1,1,1,1,1,0.9675,0.76,0.1625,0.015,0.0075,0,0,0,0,0,0,0,1,1,1,1,1,1,1,1,0.9825,0.7625,0.1625,0.025,0.0025,0,0,0,0,0,0,0,200,0,0,200,0,0,200,0,0,200,0,0,200,0,0,200,0,0,200,0,0,200,0,0,200,0,0,200,0,0,200,0,0,200,0,0,200,0,0,200,0,0,199,0,1,199,1,0,180,2,18,180,18,2,98,42,60,98,60,42,128,30,42,128,42,30,183,3,14,183,14,3,198,0,2,198,2,0,200,0,0,200,0,0,200,0,0,200,0,0,200,0,0,200,0,0,200,0,0,200,0,0,200,0,0,200,0,0,200,0,0,200,0,0,200,0,0,200,0,0,
90, 1,1,1,1,1,1,1,1,0.9875,0.8625,0.135,0.02,0.0025,0,0,0,0,0,0,0,1,1,1,1,1,1,1,0.9975,0.9825,0.8675,0.1275,0.005,0,0,0,0,0,0,0,0,200,0,0,200,0,0,200,0,0,200,0,0,200,0,0,200,0,0,200,0,0,200,0,0,200,0,0,200,0,0,200,0,0,200,0,0,200,0,0,200,0,0,199,0,1,199,1,0,181,3,16,181,16,3,132,15,53,132,53,15,141,12,47,141,47,12,191,1,8,191,8,1,199,0,1,199,1,0,200,0,0,200,0,0,200,0,0,200,0,0,200,0,0,200,0,0,200,0,0,200,0,0,200,0,0,200,0,0,200,0,0,200,0,0,200,0,0,200,0,0,
100, 1,1,1,1,1,1,1,1,0.965,0.8625,0.1325,0.02,0.0075,0,0,0,0,0,0,0,1,1,1,1,1,1,1,1,0.9825,0.84,0.1325,0.0375,0.0025,0,0,0,0,0,0,0,200,0,0,200,0,0,200,0,0,200,0,0,200,0,0,200,0,0,200,0,0,200,0,0,200,0,0,200,0,0,200,0,0,200,0,0,200,0,0,200,0,0,200,0,0,200,0,0,190,1,9,190,9,1,133,24,43,133,43,24,132,26,42,132,42,26,190,2,8,190,8,2,198,1,1,198,1,1,200,0,0,200,0,0,200,0,0,200,0,0,200,0,0,200,0,0,200,0,0,200,0,0,200,0,0,200,0,0,200,0,0,200,0,0,200,0,0,200,0,0,
110, 1,1,1,1,1,1,1,0.995,0.98,0.8225,0.1525,0.015,0,0,0,0,0,0,0,0,1,1,1,1,1,1,0.9975,1,0.9625,0.8325,0.14,0.005,0.0025,0,0,0,0,0,0,0,200,0,0,200,0,0,200,0,0,200,0,0,200,0,0,200,0,0,200,0,0,200,0,0,200,0,0,200,0,0,200,0,0,200,0,0,200,0,0,200,0,0,197,0,3,197,3,0,186,1,13,186,13,1,125,31,44,125,44,31,142,38,20,142,20,38,193,1,6,193,6,1,199,0,1,199,1,0,200,0,0,200,0,0,200,0,0,200,0,0,200,0,0,200,0,0,200,0,0,200,0,0,200,0,0,200,0,0,200,0,0,200,0,0,200,0,0,200,0,0,
120, 1,1,1,1,1,1,1,1,0.9875,0.82,0.115,0.015,0,0,0,0,0,0,0,0,1,1,1,1,1,1,1,0.9975,0.9875,0.8275,0.115,0.025,0,0,0,0,0,0,0,0,200,0,0,200,0,0,200,0,0,200,0,0,200,0,0,200,0,0,200,0,0,200,0,0,200,0,0,200,0,0,200,0,0,200,0,0,200,0,0,200,0,0,200,0,0,200,0,0,185,3,12,185,12,3,129,31,40,129,40,31,131,18,51,131,51,18,187,1,12,187,12,1,199,0,1,199,1,0,200,0,0,200,0,0,200,0,0,200,0,0,200,0,0,200,0,0,200,0,0,200,0,0,200,0,0,200,0,0,200,0,0,200,0,0,200,0,0,200,0,0,
130, 1,1,1,1,1,1,1,0.9975,0.975,0.8225,0.1275,0.02,0,0,0,0,0,0,0,0,1,1,1,1,1,1,1,0.995,0.9625,0.83,0.15,0.0075,0,0,0,0,0,0,0,0,200,0,0,200,0,0,200,0,0,200,0,0,200,0,0,200,0,0,200,0,0,200,0,0,200,0,0,200,0,0,200,0,0,200,0,0,200,0,0,200,0,0,194,1,5,194,5,1,186,4,10,186,10,4,141,21,38,141,38,21,151,22,27,151,27,22,194,0,6,194,6,0,200,0,0,200,0,0,200,0,0,200,0,0,200,0,0,200,0,0,200,0,0,200,0,0,200,0,0,200,0,0,200,0,0,200,0,0,200,0,0,200,0,0,200,0,0,200,0,0,
140, 1,1,1,1,1,1,1,1,0.985,0.8575,0.255,0.02,0.0025,0,0,0,0,0,0,0,1,1,1,1,1,1,1,1,0.99,0.8775,0.245,0.01,0,0,0,0,0,0,0,0,200,0,0,200,0,0,200,0,0,200,0,0,200,0,0,200,0,0,200,0,0,200,0,0,200,0,0,200,0,0,200,0,0,200,0,0,200,0,0,200,0,0,200,0,0,200,0,0,195,1,4,195,4,1,135,23,42,135,42,23,113,27,60,113,60,27,189,5,6,189,6,5,199,0,1,199,1,0,200,0,0,200,0,0,200,0,0,200,0,0,200,0,0,200,0,0,200,0,0,200,0,0,200,0,0,200,0,0,200,0,0,200,0,0,200,0,0,200,0,0,
150, 1,1,1,1,1,1,1,0.9975,0.975,0.7975,0.165,0.01,0,0,0,0,0,0,0,0,1,1,1,1,1,1,1,1,0.98,0.77,0.165,0.01,0,0,0,0,0,0,0,0,200,0,0,200,0,0,200,0,0,200,0,0,200,0,0,200,0,0,200,0,0,200,0,0,200,0,0,200,0,0,200,0,0,200,0,0,200,0,0,200,0,0,200,0,0,200,0,0,187,4,9,187,9,4,111,46,43,111,43,46,137,30,33,137,33,30,194,1,5,194,5,1,200,0,0,200,0,0,200,0,0,200,0,0,200,0,0,200,0,0,200,0,0,200,0,0,200,0,0,200,0,0,200,0,0,200,0,0,200,0,0,200,0,0,200,0,0,200,0,0,
160, 1,1,1,1,1,1,1,0.9975,0.9725,0.765,0.1775,0.01,0,0,0,0,0,0,0,0,1,1,1,1,1,1,1,0.9975,0.9825,0.8025,0.17,0.0125,0.0075,0,0,0,0,0,0,0,200,0,0,200,0,0,200,0,0,200,0,0,200,0,0,200,0,0,200,0,0,200,0,0,200,0,0,200,0,0,200,0,0,200,0,0,200,0,0,200,0,0,199,0,1,199,1,0,188,1,11,188,11,1,120,39,41,120,41,39,122,17,61,122,61,17,193,0,7,193,7,0,199,0,1,199,1,0,200,0,0,200,0,0,200,0,0,200,0,0,200,0,0,200,0,0,200,0,0,200,0,0,200,0,0,200,0,0,200,0,0,200,0,0,200,0,0,200,0,0,
170, 1,1,1,1,1,1,1,0.9875,0.985,0.8375,0.235,0.01,0.0025,0,0,0,0,0,0,0,1,1,1,1,1,1,1,1,0.9825,0.8475,0.2525,0.0275,0.0025,0,0,0,0,0,0,0,200,0,0,200,0,0,200,0,0,200,0,0,200,0,0,200,0,0,200,0,0,200,0,0,200,0,0,200,0,0,200,0,0,200,0,0,200,0,0,200,0,0,195,0,5,195,5,0,186,1,13,186,13,1,144,27,29,144,29,27,118,32,50,118,50,32,187,3,10,187,10,3,199,0,1,199,1,0,200,0,0,200,0,0,200,0,0,200,0,0,200,0,0,200,0,0,200,0,0,200,0,0,200,0,0,200,0,0,200,0,0,200,0,0,200,0,0,200,0,0,
180, 1,1,1,1,1,1,1,0.9975,0.99,0.8575,0.225,0.025,0,0,0,0,0,0,0,0,1,1,1,1,1,1,1,1,0.995,0.8525,0.205,0.0275,0.0025,0,0,0,0,0,0,0,200,0,0,200,0,0,200,0,0,200,0,0,200,0,0,200,0,0,200,0,0,200,0,0,200,0,0,200,0,0,200,0,0,200,0,0,200,0,0,200,0,0,198,0,2,198,2,0,195,1,4,195,4,1,145,14,41,145,41,14,111,30,59,111,59,30,182,2,16,182,16,2,199,0,1,199,1,0,200,0,0,200,0,0,200,0,0,200,0,0,200,0,0,200,0,0,200,0,0,200,0,0,200,0,0,200,0,0,200,0,0,200,0,0,200,0,0,200,0,0,
190, 1,1,1,1,1,1,1,0.9925,0.975,0.8425,0.1825,0.01,0.015,0.0025,0,0,0,0,0,0,1,1,1,1,1,1,1,0.995,0.985,0.8375,0.1775,0.01,0,0,0,0,0,0,0,0,200,0,0,200,0,0,200,0,0,200,0,0,200,0,0,200,0,0,200,0,0,200,0,0,200,0,0,200,0,0,200,0,0,200,0,0,200,0,0,200,0,0,197,1,2,197,2,1,188,4,8,188,8,4,143,23,34,143,34,23,139,17,44,139,44,17,189,1,10,189,10,1,197,0,3,197,3,0,200,0,0,200,0,0,200,0,0,200,0,0,200,0,0,200,0,0,200,0,0,200,0,0,200,0,0,200,0,0,200,0,0,200,0,0,200,0,0,200,0,0,
200, 1,1,1,1,1,1,1,0.9975,0.9625,0.83,0.1225,0.01,0,0,0,0,0,0,0,0,1,1,1,1,1,1,1,0.995,0.975,0.805,0.1125,0.005,0,0,0,0,0,0,0,0,200,0,0,200,0,0,200,0,0,200,0,0,200,0,0,200,0,0,200,0,0,200,0,0,200,0,0,200,0,0,200,0,0,200,0,0,200,0,0,200,0,0,199,0,1,199,1,0,171,4,25,171,25,4,104,36,60,104,60,36,150,18,32,150,32,18,192,2,6,192,6,2,200,0,0,200,0,0,200,0,0,200,0,0,200,0,0,200,0,0,200,0,0,200,0,0,200,0,0,200,0,0,200,0,0,200,0,0,200,0,0,200,0,0,200,0,0,200,0,0,
210, 1,1,1,1,1,1,1,1,0.98,0.8275,0.15,0.0125,0,0,0,0,0,0,0,0,1,1,1,1,1,1,1,0.9975,0.975,0.775,0.165,0.025,0,0,0,0,0,0,0,0,200,0,0,200,0,0,200,0,0,200,0,0,200,0,0,200,0,0,200,0,0,200,0,0,200,0,0,200,0,0,200,0,0,200,0,0,200,0,0,200,0,0,196,0,4,196,4,0,178,2,20,178,20,2,131,18,51,131,51,18,134,26,40,134,40,26,196,0,4,196,4,0,200,0,0,200,0,0,200,0,0,200,0,0,200,0,0,200,0,0,200,0,0,200,0,0,200,0,0,200,0,0,200,0,0,200,0,0,200,0,0,200,0,0,200,0,0,200,0,0,
220, 1,1,1,1,1,1,1,0.9975,0.99,0.835,0.2225,0.025,0.0025,0,0,0,0,0,0,0,1,1,1,1,1,1,1,0.9975,0.985,0.8,0.1775,0.0175,0.0025,0,0,0,0,0,0,0,200,0,0,200,0,0,200,0,0,200,0,0,200,0,0,200,0,0,200,0,0,200,0,0,200,0,0,200,0,0,200,0,0,200,0,0,200,0,0,200,0,0,199,1,0,199,0,1,185,4,11,185,11,4,126,26,48,126,48,26,118,25,57,118,57,25,191,2,7,191,7,2,198,0,2,198,2,0,200,0,0,200,0,0,200,0,0,200,0,0,200,0,0,200,0,0,200,0,0,200,0,0,200,0,0,200,0,0,200,0,0,200,0,0,200,0,0,200,0,0,
230, 1,1,1,1,1,1,1,1,0.99,0.87,0.1525,0.01,0.0025,0,0,0,0,0,0,0,1,1,1,1,1,1,1,0.9975,0.9875,0.8775,0.1425,0.02,0,0,0,0,0,0,0,0,200,0,0,200,0,0,200,0,0,200,0,0,200,0,0,200,0,0,200,0,0,200,0,0,200,0,0,200,0,0,200,0,0,200,0,0,200,0,0,200,0,0,200,0,0,200,0,0,188,3,9,188,9,3,154,22,24,154,24,22,135,22,43,135,43,22,190,2,8,190,8,2,199,0,1,199,1,0,200,0,0,200,0,0,200,0,0,200,0,0,200,0,0,200,0,0,200,0,0,200,0,0,200,0,0,200,0,0,200,0,0,200,0,0,200,0,0,200,0,0,
240, 1,1,1,1,1,1,1,1,0.995,0.93,0.17,0.0075,0,0,0,0,0,0,0,0,1,1,1,1,1,1,1,1,0.9925,0.86,0.1575,0.005,0,0,0,0,0,0,0,0,200,0,0,200,0,0,200,0,0,200,0,0,200,0,0,200,0,0,200,0,0,200,0,0,200,0,0,200,0,0,200,0,0,200,0,0,200,0,0,200,0,0,200,0,0,200,0,0,197,0,3,197,3,0,153,15,32,153,32,15,125,28,47,125,47,28,192,1,7,192,7,1,198,0,2,198,2,0,200,0,0,200,0,0,200,0,0,200,0,0,200,0,0,200,0,0,200,0,0,200,0,0,200,0,0,200,0,0,200,0,0,200,0,0,200,0,0,200,0,0,
250, 1,1,1,1,1,1,1,0.9975,0.9825,0.85,0.245,0.05,0.005,0,0,0,0,0,0,0,1,1,1,1,1,1,1,0.995,0.985,0.8425,0.255,0.035,0.0025,0,0,0,0,0,0,0,200,0,0,200,0,0,200,0,0,200,0,0,200,0,0,200,0,0,200,0,0,200,0,0,200,0,0,200,0,0,200,0,0,200,0,0,200,0,0,200,0,0,199,0,1,199,1,0,186,2,12,186,12,2,133,22,45,133,45,22,97,41,62,97,62,41,178,5,17,178,17,5,200,0,0,200,0,0,200,0,0,200,0,0,200,0,0,200,0,0,200,0,0,200,0,0,200,0,0,200,0,0,200,0,0,200,0,0,200,0,0,200,0,0,200,0,0,200,0,0,
260, 1,1,1,1,1,1,1,1,0.9825,0.8875,0.1975,0.0075,0.0025,0,0,0,0,0,0,0,1,1,1,1,1,1,1,1,0.995,0.88,0.2,0.025,0,0,0,0,0,0,0,0,200,0,0,200,0,0,200,0,0,200,0,0,200,0,0,200,0,0,200,0,0,200,0,0,200,0,0,200,0,0,200,0,0,200,0,0,200,0,0,200,0,0,200,0,0,200,0,0,192,1,7,192,7,1,158,14,28,158,28,14,130,29,41,130,41,29,182,3,15,182,15,3,199,0,1,199,1,0,200,0,0,200,0,0,200,0,0,200,0,0,200,0,0,200,0,0,200,0,0,200,0,0,200,0,0,200,0,0,200,0,0,200,0,0,200,0,0,200,0,0,
270, 1,1,1,1,1,1,1,1,0.985,0.825,0.225,0.0325,0,0,0,0,0,0,0,0,1,1,1,1,1,1,1,1,0.9875,0.82,0.1825,0.035,0,0,0,0,0,0,0,0,200,0,0,200,0,0,200,0,0,200,0,0,200,0,0,200,0,0,200,0,0,200,0,0,200,0,0,200,0,0,200,0,0,200,0,0,200,0,0,200,0,0,200,0,0,200,0,0,190,1,9,190,9,1,119,27,54,119,54,27,116,32,52,116,52,32,185,2,13,185,13,2,199,0,1,199,1,0,200,0,0,200,0,0,200,0,0,200,0,0,200,0,0,200,0,0,200,0,0,200,0,0,200,0,0,200,0,0,200,0,0,200,0,0,200,0,0,200,0,0,
280, 1,1,1,1,1,1,0.995,0.99,0.995,0.83,0.175,0.0175,0.005,0,0,0,0,0,0,0,1,1,1,1,1,1,1,0.9975,0.9675,0.8475,0.1675,0.025,0.005,0,0,0,0,0,0,0,200,0,0,200,0,0,200,0,0,200,0,0,200,0,0,200,0,0,200,0,0,200,0,0,200,0,0,200,0,0,200,0,0,200,0,0,199,0,1,199,1,0,194,0,6,194,6,0,190,1,9,190,9,1,135,27,38,135,38,27,122,23,55,122,55,23,192,2,6,192,6,2,199,0,1,199,1,0,200,0,0,200,0,0,200,0,0,200,0,0,200,0,0,200,0,0,200,0,0,200,0,0,200,0,0,200,0,0,200,0,0,200,0,0,200,0,0,200,0,0,
290, 1,1,1,1,1,1,1,1,0.9725,0.865,0.165,0.015,0,0,0,0,0,0,0,0,1,1,1,1,1,1,1,1,0.9925,0.845,0.2325,0.025,0,0,0,0,0,0,0,0,200,0,0,200,0,0,200,0,0,200,0,0,200,0,0,200,0,0,200,0,0,200,0,0,200,0,0,200,0,0,200,0,0,200,0,0,199,0,1,199,1,0,200,0,0,200,0,0,190,0,10,190,10,0,126,30,44,126,44,30,124,23,53,124,53,23,184,3,13,184,13,3,198,0,2,198,2,0,200,0,0,200,0,0,200,0,0,200,0,0,200,0,0,200,0,0,200,0,0,200,0,0,200,0,0,200,0,0,200,0,0,200,0,0,200,0,0,200,0,0,
300, 1,1,1,1,1,1,1,1,0.99,0.8325,0.1575,0.0325,0,0,0,0,0,0,0,0,1,1,1,1,1,1,1,1,0.975,0.8175,0.11,0.03,0,0,0,0,0,0,0,0,200,0,0,200,0,0,200,0,0,200,0,0,200,0,0,200,0,0,200,0,0,200,0,0,200,0,0,200,0,0,200,0,0,200,0,0,200,0,0,200,0,0,199,0,1,199,1,0,187,1,12,187,12,1,127,28,45,127,45,28,132,32,36,132,36,32,187,3,10,187,10,3,198,0,2,198,2,0,200,0,0,200,0,0,200,0,0,200,0,0,200,0,0,200,0,0,200,0,0,200,0,0,200,0,0,200,0,0,200,0,0,200,0,0,200,0,0,200,0,0,
310, 1,1,1,1,1,1,1,1,0.9825,0.8025,0.2175,0.01,0.0025,0.005,0,0,0,0,0,0,1,1,1,1,1,1,1,1,0.9725,0.82,0.2,0.0025,0.0025,0,0,0,0,0,0,0,200,0,0,200,0,0,200,0,0,200,0,0,200,0,0,200,0,0,200,0,0,200,0,0,200,0,0,200,0,0,200,0,0,200,0,0,200,0,0,200,0,0,198,0,2,198,2,0,186,3,11,186,11,3,118,31,51,118,51,31,128,24,48,128,48,24,196,0,4,196,4,0,198,1,1,198,1,1,199,0,1,199,1,0,200,0,0,200,0,0,200,0,0,200,0,0,200,0,0,200,0,0,200,0,0,200,0,0,200,0,0,200,0,0,200,0,0,200,0,0,
320, 1,1,1,1,1,1,1,1,0.9925,0.87,0.215,0.015,0,0,0,0,0,0,0,0,1,1,1,1,1,1,1,0.9975,0.9875,0.87,0.18,0.0125,0,0,0,0,0,0,0,0,200,0,0,200,0,0,200,0,0,200,0,0,200,0,0,200,0,0,200,0,0,200,0,0,200,0,0,200,0,0,200,0,0,200,0,0,200,0,0,200,0,0,199,0,1,199,1,0,194,1,5,194,5,1,155,22,23,155,23,22,123,27,50,123,50,27,193,2,5,193,5,2,200,0,0,200,0,0,200,0,0,200,0,0,200,0,0,200,0,0,200,0,0,200,0,0,200,0,0,200,0,0,200,0,0,200,0,0,200,0,0,200,0,0,200,0,0,200,0,0,
330, 1,1,1,1,1,1,1,0.9875,0.9925,0.845,0.215,0.0175,0.0025,0,0,0,0,0,0,0,1,1,1,1,1,1,1,0.9975,0.995,0.875,0.195,0.0175,0.0075,0,0,0,0,0,0,0,200,0,0,200,0,0,200,0,0,200,0,0,200,0,0,200,0,0,200,0,0,200,0,0,200,0,0,200,0,0,200,0,0,200,0,0,200,0,0,200,0,0,197,0,3,197,3,0,197,2,1,197,1,2,138,24,38,138,38,24,107,39,54,107,54,39,185,2,13,185,13,2,198,1,1,198,1,1,200,0,0,200,0,0,200,0,0,200,0,0,200,0,0,200,0,0,200,0,0,200,0,0,200,0,0,200,0,0,200,0,0,200,0,0,200,0,0,200,0,0,
340, 1,1,1,1,1,1,1,1,1,0.8325,0.1025,0.0125,0,0,0,0,0,0,0,0,1,1,1,1,1,1,1,1,0.9925,0.84,0.1475,0.0225,0,0,0,0,0,0,0,0,200,0,0,200,0,0,200,0,0,200,0,0,200,0,0,200,0,0,200,0,0,200,0,0,200,0,0,200,0,0,200,0,0,200,0,0,200,0,0,200,0,0,200,0,0,200,0,0,197,1,2,197,2,1,151,7,42,151,42,7,132,36,32,132,32,36,194,1,5,194,5,1,199,0,1,199,1,0,200,0,0,200,0,0,200,0,0,200,0,0,200,0,0,200,0,0,200,0,0,200,0,0,200,0,0,200,0,0,200,0,0,200,0,0,200,0,0,200,0,0,
350, 1,1,1,1,1,1,1,0.995,0.985,0.8525,0.25,0.0175,0.0025,0,0,0,0,0,0,0,1,1,1,1,1,1,1,1,0.9875,0.8325,0.2525,0.0225,0,0,0,0,0,0,0,0,200,0,0,200,0,0,200,0,0,200,0,0,200,0,0,200,0,0,200,0,0,200,0,0,200,0,0,200,0,0,200,0,0,200,0,0,200,0,0,200,0,0,198,0,2,198,2,0,191,2,7,191,7,2,145,26,29,145,29,26,110,31,59,110,59,31,190,1,9,190,9,1,200,0,0,200,0,0,200,0,0,200,0,0,200,0,0,200,0,0,200,0,0,200,0,0,200,0,0,200,0,0,200,0,0,200,0,0,200,0,0,200,0,0,200,0,0,200,0,0,
360, 1,1,1,1,1,1,1,1,0.99,0.8525,0.17,0.035,0,0,0,0,0,0,0,0,1,1,1,1,1,1,1,1,0.995,0.8225,0.2375,0.055,0,0,0,0,0,0,0,0,200,0,0,200,0,0,200,0,0,200,0,0,200,0,0,200,0,0,200,0,0,200,0,0,200,0,0,200,0,0,200,0,0,200,0,0,200,0,0,200,0,0,200,0,0,200,0,0,193,2,5,193,5,2,135,19,46,135,46,19,111,35,54,111,54,35,184,4,12,184,12,4,198,0,2,198,2,0,200,0,0,200,0,0,200,0,0,200,0,0,200,0,0,200,0,0,200,0,0,200,0,0,200,0,0,200,0,0,200,0,0,200,0,0,200,0,0,200,0,0,
370, 1,1,1,1,1,1,1,1,0.99,0.76,0.1275,0,0,0,0,0,0,0,0,0,1,1,1,1,1,1,1,1,0.9875,0.7425,0.1175,0.0225,0.005,0,0,0,0,0,0,0,200,0,0,200,0,0,200,0,0,200,0,0,200,0,0,200,0,0,200,0,0,200,0,0,200,0,0,200,0,0,200,0,0,200,0,0,200,0,0,200,0,0,200,0,0,200,0,0,189,2,9,189,9,2,119,24,57,119,57,24,154,15,31,154,31,15,182,0,18,182,18,0,200,0,0,200,0,0,200,0,0,200,0,0,200,0,0,200,0,0,200,0,0,200,0,0,200,0,0,200,0,0,200,0,0,200,0,0,200,0,0,200,0,0,200,0,0,200,0,0,
380, 1,1,1,1,1,1,1,0.9975,0.985,0.825,0.1525,0.0075,0,0,0,0,0,0,0,0,1,1,1,1,1,1,1,0.9925,0.985,0.88,0.1225,0,0,0,0,0,0,0,0,0,200,0,0,200,0,0,200,0,0,200,0,0,200,0,0,200,0,0,200,0,0,200,0,0,200,0,0,200,0,0,200,0,0,200,0,0,200,0,0,200,0,0,194,0,6,194,6,0,190,1,9,190,9,1,138,24,38,138,38,24,162,12,26,162,26,12,198,1,1,198,1,1,199,0,1,199,1,0,200,0,0,200,0,0,200,0,0,200,0,0,200,0,0,200,0,0,200,0,0,200,0,0,200,0,0,200,0,0,200,0,0,200,0,0,200,0,0,200,0,0,
390, 1,1,1,1,1,1,1,0.9975,0.995,0.8475,0.1675,0.0025,0,0,0,0,0,0,0,0,1,1,1,1,1,1,1,1,0.9925,0.805,0.1875,0.0075,0.0025,0,0,0,0,0,0,0,200,0,0,200,0,0,200,0,0,200,0,0,200,0,0,200,0,0,200,0,0,200,0,0,200,0,0,200,0,0,200,0,0,200,0,0,200,0,0,200,0,0,199,0,1,199,1,0,194,1,5,194,5,1,144,19,37,144,37,19,128,29,43,128,43,29,195,1,4,195,4,1,198,0,2,198,2,0,200,0,0,200,0,0,200,0,0,200,0,0,200,0,0,200,0,0,200,0,0,200,0,0,200,0,0,200,0,0,200,0,0,200,0,0,200,0,0,200,0,0,
400, 1,1,1,1,1,1,1,1,0.9725,0.82,0.2175,0.0325,0.0025,0,0,0,0,0,0,0,1,1,1,1,1,1,1,1,0.9775,0.825,0.22,0.0475,0.0025,0,0,0,0,0,0,0,200,0,0,200,0,0,200,0,0,200,0,0,200,0,0,200,0,0,200,0,0,200,0,0,200,0,0,200,0,0,200,0,0,200,0,0,200,0,0,200,0,0,200,0,0,200,0,0,186,3,11,186,11,3,115,42,43,115,43,42,115,34,51,115,51,34,178,0,22,178,22,0,197,0,3,197,3,0,200,0,0,200,0,0,200,0,0,200,0,0,200,0,0,200,0,0,200,0,0,200,0,0,200,0,0,200,0,0,200,0,0,200,0,0,200,0,0,200,0,0,
410, 1,1,1,1,1,1,1,0.9975,0.9675,0.8,0.18,0.05,0,0,0,0,0,0,0,0,1,1,1,1,1,1,1,0.995,0.9725,0.82,0.215,0.055,0.0075,0,0,0,0,0,0,0,200,0,0,200,0,0,200,0,0,200,0,0,200,0,0,200,0,0,200,0,0,200,0,0,200,0,0,200,0,0,200,0,0,200,0,0,200,0,0,200,0,0,200,0,0,200,0,0,188,5,7,188,7,5,115,28,57,115,57,28,112,36,52,112,52,36,170,8,22,170,22,8,196,0,4,196,4,0,200,0,0,200,0,0,200,0,0,200,0,0,200,0,0,200,0,0,200,0,0,200,0,0,200,0,0,200,0,0,200,0,0,200,0,0,200,0,0,200,0,0,
420, 1,1,1,1,1,1,1,0.9975,0.9825,0.85,0.2475,0.0275,0,0,0,0,0,0,0,0,1,1,1,1,1,1,1,1,0.98,0.8425,0.22,0.0225,0.005,0,0,0,0,0,0,0,200,0,0,200,0,0,200,0,0,200,0,0,200,0,0,200,0,0,200,0,0,200,0,0,200,0,0,200,0,0,200,0,0,200,0,0,200,0,0,200,0,0,199,0,1,199,1,0,183,2,15,183,15,2,132,30,38,132,38,30,115,34,51,115,51,34,186,3,11,186,11,3,199,0,1,199,1,0,200,0,0,200,0,0,200,0,0,200,0,0,200,0,0,200,0,0,200,0,0,200,0,0,200,0,0,200,0,0,200,0,0,200,0,0,200,0,0,200,0,0,
430, 1,1,1,1,1,1,1,1,0.995,0.91,0.24,0.04,0,0,0,0,0,0,0,0,1,1,1,1,1,1,1,0.9975,0.9925,0.885,0.2375,0.0275,0,0,0,0,0,0,0,0,200,0,0,200,0,0,200,0,0,200,0,0,200,0,0,200,0,0,200,0,0,200,0,0,200,0,0,200,0,0,200,0,0,200,0,0,200,0,0,200,0,0,199,0,1,199,1,0,196,1,3,196,3,1,164,9,27,164,27,9,117,34,49,117,49,34,170,4,26,170,26,4,200,0,0,200,0,0,200,0,0,200,0,0,200,0,0,200,0,0,200,0,0,200,0,0,200,0,0,200,0,0,200,0,0,200,0,0,200,0,0,200,0,0,200,0,0,200,0,0,
440, 1,1,1,1,1,1,1,1,0.9875,0.8825,0.295,0.04,0,0,0,0,0,0,0,0,1,1,1,1,1,1,1,1,0.985,0.855,0.235,0.02,0,0,0,0,0,0,0,0,200,0,0,200,0,0,200,0,0,200,0,0,200,0,0,200,0,0,200,0,0,200,0,0,200,0,0,200,0,0,200,0,0,200,0,0,200,0,0,200,0,0,199,0,1,199,1,0,194,2,4,194,4,2,156,19,25,156,25,19,105,37,58,105,58,37,184,3,13,184,13,3,199,0,1,199,1,0,199,0,1,199,1,0,200,0,0,200,0,0,200,0,0,200,0,0,200,0,0,200,0,0,200,0,0,200,0,0,200,0,0,200,0,0,200,0,0,200,0,0,
450, 1,1,1,1,1,1,1,0.9925,0.975,0.8675,0.2725,0.045,0.0075,0,0,0,0,0,0,0,1,1,1,1,1,1,1,0.9975,0.98,0.865,0.2475,0.035,0.0025,0,0,0,0,0,0,0,200,0,0,200,0,0,200,0,0,200,0,0,200,0,0,200,0,0,200,0,0,200,0,0,200,0,0,200,0,0,200,0,0,200,0,0,200,0,0,200,0,0,200,0,0,200,0,0,191,0,9,191,9,0,144,18,38,144,38,18,107,28,65,107,65,28,166,9,25,166,25,9,199,0,1,199,1,0,200,0,0,200,0,0,200,0,0,200,0,0,200,0,0,200,0,0,200,0,0,200,0,0,200,0,0,200,0,0,200,0,0,200,0,0,200,0,0,200,0,0,
460, 1,1,1,1,1,1,1,1,0.995,0.84,0.23,0.015,0,0,0,0,0,0,0,0,1,1,1,1,1,1,1,1,0.995,0.8325,0.1725,0.0125,0,0,0,0,0,0,0,0,200,0,0,200,0,0,200,0,0,200,0,0,200,0,0,200,0,0,200,0,0,200,0,0,200,0,0,200,0,0,200,0,0,200,0,0,200,0,0,200,0,0,197,0,3,197,3,0,196,0,4,196,4,0,144,22,34,144,34,22,134,23,43,134,43,23,193,1,6,193,6,1,200,0,0,200,0,0,200,0,0,200,0,0,200,0,0,200,0,0,200,0,0,200,0,0,200,0,0,200,0,0,200,0,0,200,0,0,200,0,0,200,0,0,200,0,0,200,0,0,
470, 1,1,1,1,1,1,1,1,0.99,0.8875,0.2425,0.05,0.0125,0,0,0,0,0,0,0,1,1,1,1,1,1,1,1,0.9875,0.88,0.2275,0.0375,0.01,0.0025,0,0,0,0,0,0,200,0,0,200,0,0,200,0,0,200,0,0,200,0,0,200,0,0,200,0,0,200,0,0,200,0,0,200,0,0,200,0,0,200,0,0,200,0,0,200,0,0,200,0,0,200,0,0,194,0,6,194,6,0,141,12,47,141,47,12,100,33,67,100,67,33,178,8,14,178,14,8,191,0,9,191,9,0,200,0,0,200,0,0,200,0,0,200,0,0,200,0,0,200,0,0,200,0,0,200,0,0,200,0,0,200,0,0,200,0,0,200,0,0,200,0,0,200,0,0,
480, 1,1,1,1,1,1,1,1,0.99,0.8275,0.2225,0.02,0,0,0,0,0,0,0,0,1,1,1,1,1,1,1,0.9975,0.9925,0.8175,0.24,0.025,0.0025,0,0,0,0,0,0,0,200,0,0,200,0,0,200,0,0,200,0,0,200,0,0,200,0,0,200,0,0,200,0,0,200,0,0,200,0,0,200,0,0,200,0,0,200,0,0,200,0,0,197,0,3,197,3,0,190,2,8,190,8,2,130,28,42,130,42,28,109,30,61,109,61,30,181,4,15,181,15,4,199,0,1,199,1,0,199,0,1,199,1,0,200,0,0,200,0,0,200,0,0,200,0,0,200,0,0,200,0,0,200,0,0,200,0,0,200,0,0,200,0,0,200,0,0,200,0,0,
490, 1,1,1,1,1,1,1,1,0.9775,0.8925,0.2175,0.02,0.0075,0,0,0,0,0,0,0,1,1,1,1,1,1,1,1,0.965,0.875,0.2825,0.0225,0.0075,0,0,0,0,0,0,0,200,0,0,200,0,0,200,0,0,200,0,0,200,0,0,200,0,0,200,0,0,200,0,0,200,0,0,200,0,0,200,0,0,200,0,0,200,0,0,200,0,0,200,0,0,200,0,0,187,2,11,187,11,2,140,26,34,140,34,26,91,41,68,91,68,41,172,3,25,172,25,3,197,0,3,197,3,0,200,0,0,200,0,0,200,0,0,200,0,0,200,0,0,200,0,0,200,0,0,200,0,0,200,0,0,200,0,0,200,0,0,200,0,0,200,0,0,200,0,0,
500, 1,1,1,1,1,1,1,0.9975,0.99,0.8075,0.18,0.015,0,0,0,0,0,0,0,0,1,1,1,1,1,1,1,0.9925,0.975,0.7975,0.155,0.0175,0,0,0,0,0,0,0,0,200,0,0,200,0,0,200,0,0,200,0,0,200,0,0,200,0,0,200,0,0,200,0,0,200,0,0,200,0,0,200,0,0,200,0,0,200,0,0,200,0,0,196,0,4,196,4,0,186,2,12,186,12,2,137,20,43,137,43,20,119,30,51,119,51,30,192,0,8,192,8,0,199,0,1,199,1,0,200,0,0,200,0,0,200,0,0,200,0,0,200,0,0,200,0,0,200,0,0,200,0,0,200,0,0,200,0,0,200,0,0,200,0,0,200,0,0,200,0,0,
510, 1,1,1,1,1,1,1,0.995,0.975,0.7825,0.1675,0.0225,0.0025,0,0,0,0,0,0,0,1,1,1,1,1,1,1,1,0.9775,0.8225,0.1775,0.015,0,0,0,0,0,0,0,0,200,0,0,200,0,0,200,0,0,200,0,0,200,0,0,200,0,0,200,0,0,200,0,0,200,0,0,200,0,0,200,0,0,200,0,0,200,0,0,200,0,0,198,0,2,198,2,0,188,1,11,188,11,1,137,24,39,137,39,24,113,27,60,113,60,27,187,2,11,187,11,2,199,1,0,199,0,1,200,0,0,200,0,0,200,0,0,200,0,0,200,0,0,200,0,0,200,0,0,200,0,0,200,0,0,200,0,0,200,0,0,200,0,0,200,0,0,200,0,0,
520, 1,1,1,1,1,1,1,1,0.9575,0.7925,0.1725,0.0225,0,0,0,0,0,0,0,0,1,1,1,1,1,1,1,0.9975,0.9825,0.8025,0.205,0.025,0,0,0,0,0,0,0,0,200,0,0,200,0,0,200,0,0,200,0,0,200,0,0,200,0,0,200,0,0,200,0,0,200,0,0,200,0,0,200,0,0,200,0,0,200,0,0,200,0,0,198,0,2,198,2,0,184,0,16,184,16,0,108,36,56,108,56,36,116,31,53,116,53,31,185,5,10,185,10,5,200,0,0,200,0,0,200,0,0,200,0,0,200,0,0,200,0,0,200,0,0,200,0,0,200,0,0,200,0,0,200,0,0,200,0,0,200,0,0,200,0,0,200,0,0,200,0,0,
530, 1,1,1,1,1,1,1,0.9975,0.9675,0.7825,0.2025,0.0275,0.0025,0,0,0,0,0,0,0,1,1,1,1,1,1,1,1,0.99,0.805,0.1875,0.015,0.005,0,0,0,0,0,0,0,200,0,0,200,0,0,200,0,0,200,0,0,200,0,0,200,0,0,200,0,0,200,0,0,200,0,0,200,0,0,200,0,0,200,0,0,200,0,0,200,0,0,200,0,0,200,0,0,187,1,12,187,12,1,102,34,64,102,64,34,123,22,55,123,55,22,182,2,16,182,16,2,200,0,0,200,0,0,200,0,0,200,0,0,200,0,0,200,0,0,200,0,0,200,0,0,200,0,0,200,0,0,200,0,0,200,0,0,200,0,0,200,0,0,200,0,0,200,0,0,
540, 1,1,1,1,1,1,1,0.995,0.985,0.8475,0.1625,0.0275,0,0.0025,0,0,0,0,0,0,1,1,1,1,1,1,1,1,0.9825,0.84,0.1725,0.0175,0,0,0,0,0,0,0,0,200,0,0,200,0,0,200,0,0,200,0,0,200,0,0,200,0,0,200,0,0,200,0,0,200,0,0,200,0,0,200,0,0,200,0,0,200,0,0,200,0,0,198,1,1,198,1,1,182,2,16,182,16,2,134,17,49,134,49,17,136,15,49,136,49,15,185,1,14,185,14,1,198,0,2,198,2,0,200,0,0,200,0,0,200,0,0,200,0,0,200,0,0,200,0,0,200,0,0,200,0,0,200,0,0,200,0,0,200,0,0,200,0,0,200,0,0,200,0,0,
550, 1,1,1,1,1,1,1,1,0.99,0.8575,0.2075,0.02,0,0,0,0,0,0,0,0,1,1,1,1,1,1,1,1,0.99,0.8625,0.22,0.01,0.0075,0.0025,0,0,0,0,0,0,200,0,0,200,0,0,200,0,0,200,0,0,200,0,0,200,0,0,200,0,0,200,0,0,200,0,0,200,0,0,200,0,0,200,0,0,200,0,0,200,0,0,200,0,0,200,0,0,191,2,7,191,7,2,138,19,43,138,43,19,116,34,50,116,50,34,188,3,9,188,9,3,198,0,2,198,2,0,200,0,0,200,0,0,200,0,0,200,0,0,200,0,0,200,0,0,200,0,0,200,0,0,200,0,0,200,0,0,200,0,0,200,0,0,200,0,0,200,0,0,
560, 1,1,1,1,1,1,1,1,0.985,0.84,0.19,0.015,0.0025,0,0,0,0,0,0,0,1,1,1,1,1,1,1,0.995,0.9775,0.84,0.22,0.02,0,0,0,0,0,0,0,0,200,0,0,200,0,0,200,0,0,200,0,0,200,0,0,200,0,0,200,0,0,200,0,0,200,0,0,200,0,0,200,0,0,200,0,0,200,0,0,200,0,0,197,0,3,197,3,0,189,3,8,189,8,3,125,31,44,125,44,31,118,24,58,118,58,24,191,3,6,191,6,3,200,0,0,200,0,0,200,0,0,200,0,0,200,0,0,200,0,0,200,0,0,200,0,0,200,0,0,200,0,0,200,0,0,200,0,0,200,0,0,200,0,0,200,0,0,200,0,0,
570, 1,1,1,1,1,1,1,1,0.9825,0.8625,0.2225,0.015,0,0,0,0,0,0,0,0,1,1,1,1,1,1,1,1,0.98,0.8375,0.1975,0.025,0.005,0,0,0,0,0,0,0,200,0,0,200,0,0,200,0,0,200,0,0,200,0,0,200,0,0,200,0,0,200,0,0,200,0,0,200,0,0,200,0,0,200,0,0,200,0,0,200,0,0,200,0,0,200,0,0,191,1,8,191,8,1,141,26,33,141,33,26,116,34,50,116,50,34,184,1,15,184,15,1,199,0,1,199,1,0,200,0,0,200,0,0,200,0,0,200,0,0,200,0,0,200,0,0,200,0,0,200,0,0,200,0,0,200,0,0,200,0,0,200,0,0,200,0,0,200,0,0,
580, 1,1,1,1,1,1,1,1,0.975,0.7975,0.1775,0.03,0.0025,0,0,0,0,0,0,0,1,1,1,1,1,1,1,1,0.985,0.825,0.165,0.0225,0,0,0,0,0,0,0,0,200,0,0,200,0,0,200,0,0,200,0,0,200,0,0,200,0,0,200,0,0,200,0,0,200,0,0,200,0,0,200,0,0,200,0,0,200,0,0,200,0,0,198,0,2,198,2,0,190,2,8,190,8,2,129,32,39,129,39,32,116,32,52,116,52,32,185,4,11,185,11,4,200,0,0,200,0,0,200,0,0,200,0,0,200,0,0,200,0,0,200,0,0,200,0,0,200,0,0,200,0,0,200,0,0,200,0,0,200,0,0,200,0,0,200,0,0,200,0,0,
590, 1,1,1,1,1,1,1,1,0.9975,0.8325,0.18,0.0125,0,0,0,0,0,0,0,0,1,1,1,1,1,1,1,0.9975,0.9775,0.835,0.225,0.015,0,0,0,0,0,0,0,0,200,0,0,200,0,0,200,0,0,200,0,0,200,0,0,200,0,0,200,0,0,200,0,0,200,0,0,200,0,0,200,0,0,200,0,0,200,0,0,200,0,0,199,0,1,199,1,0,193,0,7,193,7,0,141,21,38,141,38,21,136,25,39,136,39,25,192,0,8,192,8,0,200,0,0,200,0,0,200,0,0,200,0,0,200,0,0,200,0,0,200,0,0,200,0,0,200,0,0,200,0,0,200,0,0,200,0,0,200,0,0,200,0,0,200,0,0,200,0,0,
600, 1,1,1,1,1,1,1,0.9975,0.99,0.8025,0.155,0.01,0.0025,0,0,0,0,0,0,0,1,1,1,1,1,1,1,0.995,0.9875,0.765,0.1525,0.0025,0,0,0,0,0,0,0,0,200,0,0,200,0,0,200,0,0,200,0,0,200,0,0,200,0,0,200,0,0,200,0,0,200,0,0,200,0,0,200,0,0,200,0,0,200,0,0,200,0,0,198,0,2,198,2,0,177,5,18,177,18,5,153,17,30,153,30,17,148,18,34,148,34,18,188,1,11,188,11,1,197,0,3,197,3,0,199,0,1,199,1,0,200,0,0,200,0,0,200,0,0,200,0,0,200,0,0,200,0,0,200,0,0,200,0,0,200,0,0,200,0,0,200,0,0,200,0,0,
610, 1,1,1,1,1,1,1,0.995,0.9775,0.785,0.13,0.0025,0,0,0,0,0,0,0,0,1,1,1,1,1,1,1,0.9875,0.985,0.8125,0.1375,0.0125,0,0,0,0,0,0,0,0,200,0,0,200,0,0,200,0,0,200,0,0,200,0,0,200,0,0,200,0,0,200,0,0,200,0,0,200,0,0,200,0,0,200,0,0,200,0,0,200,0,0,196,0,4,196,4,0,192,2,6,192,6,2,113,35,52,113,52,35,132,17,51,132,51,17,193,1,6,193,6,1,200,0,0,200,0,0,200,0,0,200,0,0,200,0,0,200,0,0,200,0,0,200,0,0,200,0,0,200,0,0,200,0,0,200,0,0,200,0,0,200,0,0,200,0,0,200,0,0,
620, 1,1,1,1,1,1,1,1,0.985,0.8975,0.1325,0.015,0,0,0,0,0,0,0,0,1,1,1,1,1,1,1,1,0.98,0.855,0.1375,0.015,0,0,0,0,0,0,0,0,200,0,0,200,0,0,200,0,0,200,0,0,200,0,0,200,0,0,200,0,0,200,0,0,200,0,0,200,0,0,200,0,0,200,0,0,200,0,0,200,0,0,197,0,3,197,3,0,193,4,3,193,3,4,140,16,44,140,44,16,147,16,37,147,37,16,190,3,7,190,7,3,200,0,0,200,0,0,200,0,0,200,0,0,200,0,0,200,0,0,200,0,0,200,0,0,200,0,0,200,0,0,200,0,0,200,0,0,200,0,0,200,0,0,200,0,0,200,0,0,
630, 1,1,1,1,1,1,1,1,0.9925,0.79,0.115,0.0125,0,0,0,0,0,0,0,0,1,1,1,1,1,1,1,0.995,0.985,0.7325,0.14,0.0025,0,0,0,0,0,0,0,0,200,0,0,200,0,0,200,0,0,200,0,0,200,0,0,200,0,0,200,0,0,200,0,0,200,0,0,200,0,0,200,0,0,200,0,0,200,0,0,200,0,0,198,0,2,198,2,0,193,3,4,193,4,3,103,39,58,103,58,39,137,17,46,137,46,17,191,2,7,191,7,2,200,0,0,200,0,0,200,0,0,200,0,0,200,0,0,200,0,0,200,0,0,200,0,0,200,0,0,200,0,0,200,0,0,200,0,0,200,0,0,200,0,0,200,0,0,200,0,0,
640, 1,1,1,1,1,1,1,0.995,0.96,0.7675,0.0975,0.0175,0.0025,0,0,0,0,0,0,0,1,1,1,1,1,1,1,1,0.975,0.7825,0.0675,0.005,0,0,0,0,0,0,0,0,200,0,0,200,0,0,200,0,0,200,0,0,200,0,0,200,0,0,200,0,0,200,0,0,200,0,0,200,0,0,200,0,0,200,0,0,200,0,0,200,0,0,198,0,2,198,2,0,179,4,17,179,17,4,98,37,65,98,65,37,159,4,37,159,37,4,195,1,4,195,4,1,197,0,3,197,3,0,200,0,0,200,0,0,200,0,0,200,0,0,200,0,0,200,0,0,200,0,0,200,0,0,200,0,0,200,0,0,200,0,0,200,0,0,200,0,0,200,0,0,
650, 1,1,1,1,1,1,1,0.9975,0.9575,0.7575,0.165,0.0375,0.005,0,0,0,0,0,0,0,1,1,1,1,1,0.995,1,0.9975,0.9625,0.805,0.1475,0.02,0.0025,0,0,0,0,0,0,0,200,0,0,200,0,0,200,0,0,200,0,0,200,0,0,200,0,0,200,0,0,200,0,0,200,0,0,200,0,0,199,0,1,199,1,0,200,0,0,200,0,0,197,0,3,197,3,0,176,5,19,176,19,5,107,23,70,107,70,23,135,28,37,135,37,28,179,4,17,179,17,4,199,0,1,199,1,0,200,0,0,200,0,0,200,0,0,200,0,0,200,0,0,200,0,0,200,0,0,200,0,0,200,0,0,200,0,0,200,0,0,200,0,0,200,0,0,200,0,0,
660, 1,1,1,1,1,1,1,1,0.97,0.8125,0.19,0.01,0,0,0,0,0,0,0,0,1,1,1,1,1,1,0.9975,1,0.97,0.835,0.19,0.01,0,0,0,0,0,0,0,0,200,0,0,200,0,0,200,0,0,200,0,0,200,0,0,200,0,0,200,0,0,200,0,0,200,0,0,200,0,0,200,0,0,200,0,0,199,0,1,199,1,0,200,0,0,200,0,0,185,1,14,185,14,1,120,29,51,120,51,29,127,26,47,127,47,26,191,3,6,191,6,3,200,0,0,200,0,0,200,0,0,200,0,0,200,0,0,200,0,0,200,0,0,200,0,0,200,0,0,200,0,0,200,0,0,200,0,0,200,0,0,200,0,0,200,0,0,200,0,0,
670, 1,1,1,1,1,1,1,0.9975,0.985,0.8425,0.205,0.0225,0,0,0,0,0,0,0,0,1,1,1,1,1,1,1,0.9975,0.99,0.865,0.2175,0.03,0,0,0,0,0,0,0,0,200,0,0,200,0,0,200,0,0,200,0,0,200,0,0,200,0,0,200,0,0,200,0,0,200,0,0,200,0,0,200,0,0,200,0,0,200,0,0,200,0,0,200,0,0,200,0,0,189,1,10,189,10,1,141,13,46,141,46,13,100,36,64,100,64,36,179,4,17,179,17,4,199,0,1,199,1,0,200,0,0,200,0,0,200,0,0,200,0,0,200,0,0,200,0,0,200,0,0,200,0,0,200,0,0,200,0,0,200,0,0,200,0,0,200,0,0,200,0,0,
680, 1,1,1,1,1,1,1,1,0.9775,0.795,0.1325,0.02,0.005,0,0,0,0,0,0,0,1,1,1,1,1,1,1,1,0.985,0.75,0.1375,0.0175,0,0.0025,0,0,0,0,0,0,200,0,0,200,0,0,200,0,0,200,0,0,200,0,0,200,0,0,200,0,0,200,0,0,200,0,0,200,0,0,200,0,0,200,0,0,200,0,0,200,0,0,200,0,0,200,0,0,188,2,10,188,10,2,126,38,36,126,36,38,132,24,44,132,44,24,178,7,15,178,15,7,199,0,1,199,1,0,199,0,1,199,1,0,200,0,0,200,0,0,200,0,0,200,0,0,200,0,0,200,0,0,200,0,0,200,0,0,200,0,0,200,0,0,200,0,0,200,0,0,
690, 1,1,1,1,1,1,1,1,0.9825,0.86,0.1575,0.005,0,0,0,0,0,0,0,0,1,1,1,1,1,1,1,1,0.9725,0.8125,0.1525,0.015,0,0,0.0025,0,0,0,0,0,200,0,0,200,0,0,200,0,0,200,0,0,200,0,0,200,0,0,200,0,0,200,0,0,200,0,0,200,0,0,200,0,0,200,0,0,200,0,0,200,0,0,200,0,0,200,0,0,188,1,11,188,11,1,139,21,40,139,40,21,131,27,42,131,42,27,196,0,4,196,4,0,200,0,0,200,0,0,199,0,1,199,1,0,200,0,0,200,0,0,200,0,0,200,0,0,200,0,0,200,0,0,200,0,0,200,0,0,200,0,0,200,0,0,200,0,0,200,0,0,
700, 1,1,1,1,1,1,1,0.995,0.9825,0.8625,0.1575,0.02,0,0,0,0,0,0,0,0,1,1,1,1,1,1,1,1,0.98,0.835,0.1725,0.015,0.005,0,0,0,0,0,0,0,200,0,0,200,0,0,200,0,0,200,0,0,200,0,0,200,0,0,200,0,0,200,0,0,200,0,0,200,0,0,200,0,0,200,0,0,200,0,0,200,0,0,199,0,1,199,1,0,186,2,12,186,12,2,135,23,42,135,42,23,126,26,48,126,48,26,185,2,13,185,13,2,199,0,1,199,1,0,200,0,0,200,0,0,200,0,0,200,0,0,200,0,0,200,0,0,200,0,0,200,0,0,200,0,0,200,0,0,200,0,0,200,0,0,200,0,0,200,0,0,
710, 1,1,1,1,1,1,1,0.9975,0.9825,0.8425,0.18,0.0225,0,0,0,0,0,0,0,0,1,1,1,1,1,1,1,0.995,0.9775,0.855,0.1875,0.03,0,0,0,0,0,0,0,0,200,0,0,200,0,0,200,0,0,200,0,0,200,0,0,200,0,0,200,0,0,200,0,0,200,0,0,200,0,0,200,0,0,200,0,0,200,0,0,200,0,0,199,0,1,199,1,0,187,3,10,187,10,3,141,21,38,141,38,21,140,22,38,140,38,22,186,5,9,186,9,5,200,0,0,200,0,0,200,0,0,200,0,0,200,0,0,200,0,0,200,0,0,200,0,0,200,0,0,200,0,0,200,0,0,200,0,0,200,0,0,200,0,0,200,0,0,200,0,0,
720, 1,1,1,1,1,1,1,0.995,0.9825,0.8,0.1575,0.02,0.005,0,0,0,0,0,0,0,1,1,1,1,1,1,1,0.9975,0.985,0.8125,0.1425,0.0125,0.005,0,0,0,0,0,0,0,200,0,0,200,0,0,200,0,0,200,0,0,200,0,0,200,0,0,200,0,0,200,0,0,200,0,0,200,0,0,200,0,0,200,0,0,200,0,0,200,0,0,199,0,1,199,1,0,191,3,6,191,6,3,125,29,46,125,46,29,141,17,42,141,42,17,189,3,8,189,8,3,196,0,4,196,4,0,200,0,0,200,0,0,200,0,0,200,0,0,200,0,0,200,0,0,200,0,0,200,0,0,200,0,0,200,0,0,200,0,0,200,0,0,200,0,0,200,0,0,
730, 1,1,1,1,1,1,1,1,0.9875,0.81,0.1825,0.02,0.0025,0,0,0,0,0,0,0,1,1,1,1,1,1,1,1,0.9975,0.8325,0.21,0.02,0,0,0,0,0,0,0,0,200,0,0,200,0,0,200,0,0,200,0,0,200,0,0,200,0,0,200,0,0,200,0,0,200,0,0,200,0,0,200,0,0,200,0,0,200,0,0,200,0,0,199,0,1,199,1,0,187,0,13,187,13,0,125,22,53,125,53,22,120,29,51,120,51,29,188,1,11,188,11,1,200,0,0,200,0,0,200,0,0,200,0,0,200,0,0,200,0,0,200,0,0,200,0,0,200,0,0,200,0,0,200,0,0,200,0,0,200,0,0,200,0,0,200,0,0,200,0,0,
740, 1,1,1,1,1,1,1,1,0.985,0.815,0.1675,0.0225,0,0,0,0,0,0,0,0,1,1,1,1,1,1,1,1,0.985,0.8075,0.175,0.02,0.005,0,0,0,0,0,0,0,200,0,0,200,0,0,200,0,0,200,0,0,200,0,0,200,0,0,200,0,0,200,0,0,200,0,0,200,0,0,200,0,0,200,0,0,200,0,0,200,0,0,200,0,0,200,0,0,194,0,6,194,6,0,110,25,65,110,65,25,146,13,41,146,41,13,190,1,9,190,9,1,198,0,2,198,2,0,200,0,0,200,0,0,200,0,0,200,0,0,200,0,0,200,0,0,200,0,0,200,0,0,200,0,0,200,0,0,200,0,0,200,0,0,200,0,0,200,0,0,
750, 1,1,1,1,1,1,1,1,0.99,0.835,0.1825,0.0125,0,0,0,0,0,0,0,0,1,1,1,1,1,1,1,1,0.9825,0.825,0.1475,0.0125,0,0,0,0,0,0,0,0,200,0,0,200,0,0,200,0,0,200,0,0,200,0,0,200,0,0,200,0,0,200,0,0,200,0,0,200,0,0,200,0,0,200,0,0,200,0,0,200,0,0,199,0,1,199,1,0,182,5,13,182,13,5,109,31,60,109,60,31,141,16,43,141,43,16,193,3,4,193,4,3,200,0,0,200,0,0,200,0,0,200,0,0,200,0,0,200,0,0,200,0,0,200,0,0,200,0,0,200,0,0,200,0,0,200,0,0,200,0,0,200,0,0,200,0,0,200,0,0,
760, 1,1,1,1,1,1,1,1,0.9925,0.835,0.1725,0.01,0.0025,0,0,0,0,0,0,0,1,1,1,1,1,1,1,0.9975,0.9875,0.8875,0.135,0.0025,0,0,0,0,0,0,0,0,200,0,0,200,0,0,200,0,0,200,0,0,200,0,0,200,0,0,200,0,0,200,0,0,200,0,0,200,0,0,200,0,0,200,0,0,200,0,0,200,0,0,199,0,1,199,1,0,193,1,6,193,6,1,128,33,39,128,39,33,152,22,26,152,26,22,194,1,5,194,5,1,200,0,0,200,0,0,200,0,0,200,0,0,200,0,0,200,0,0,200,0,0,200,0,0,200,0,0,200,0,0,200,0,0,200,0,0,200,0,0,200,0,0,200,0,0,200,0,0,
770, 1,1,1,1,1,1,1,1,0.9925,0.8375,0.12,0.0025,0,0,0,0,0,0,0,0,1,1,1,1,1,1,1,1,0.9825,0.83,0.1175,0.0075,0,0,0,0,0,0,0,0,200,0,0,200,0,0,200,0,0,200,0,0,200,0,0,200,0,0,200,0,0,200,0,0,200,0,0,200,0,0,200,0,0,200,0,0,200,0,0,200,0,0,199,0,1,199,1,0,192,0,8,192,8,0,142,28,30,142,30,28,147,19,34,147,34,19,194,0,6,194,6,0,199,0,1,199,1,0,200,0,0,200,0,0,200,0,0,200,0,0,200,0,0,200,0,0,200,0,0,200,0,0,200,0,0,200,0,0,200,0,0,200,0,0,200,0,0,200,0,0,
780, 1,1,1,1,1,1,1,1,0.985,0.86,0.12,0.0075,0,0,0,0,0,0,0,0,1,1,1,1,1,1,1,0.995,0.9775,0.8375,0.1325,0.0125,0.0025,0,0,0,0,0,0,0,200,0,0,200,0,0,200,0,0,200,0,0,200,0,0,200,0,0,200,0,0,200,0,0,200,0,0,200,0,0,200,0,0,200,0,0,200,0,0,200,0,0,198,0,2,198,2,0,191,1,8,191,8,1,143,22,35,143,35,22,155,12,33,155,33,12,190,1,9,190,9,1,200,0,0,200,0,0,200,0,0,200,0,0,200,0,0,200,0,0,200,0,0,200,0,0,200,0,0,200,0,0,200,0,0,200,0,0,200,0,0,200,0,0,200,0,0,200,0,0,
790, 1,1,1,1,1,1,1,1,0.9625,0.79,0.1425,0.01,0,0,0,0,0,0,0,0,1,1,1,1,1,1,1,1,0.97,0.8,0.155,0.0125,0,0,0,0,0,0,0,0,200,0,0,200,0,0,200,0,0,200,0,0,200,0,0,200,0,0,200,0,0,200,0,0,200,0,0,200,0,0,200,0,0,200,0,0,200,0,0,200,0,0,200,0,0,200,0,0,188,2,10,188,10,2,127,25,48,127,48,25,150,24,26,150,26,24,192,1,7,192,7,1,199,0,1,199,1,0,200,0,0,200,0,0,200,0,0,200,0,0,200,0,0,200,0,0,200,0,0,200,0,0,200,0,0,200,0,0,200,0,0,200,0,0,200,0,0,200,0,0,
800, 1,1,1,1,1,1,1,0.995,0.985,0.8175,0.1175,0.0125,0,0,0,0,0,0,0,0,1,1,1,1,1,1,1,0.9975,0.9875,0.8475,0.15,0.0175,0,0,0,0,0,0,0,0,200,0,0,200,0,0,200,0,0,200,0,0,200,0,0,200,0,0,200,0,0,200,0,0,200,0,0,200,0,0,200,0,0,200,0,0,200,0,0,200,0,0,199,0,1,199,1,0,185,3,12,185,12,3,131,21,48,131,48,21,148,19,33,148,33,19,196,0,4,196,4,0,200,0,0,200,0,0,200,0,0,200,0,0,200,0,0,200,0,0,200,0,0,200,0,0,200,0,0,200,0,0,200,0,0,200,0,0,200,0,0,200,0,0,200,0,0,200,0,0,
810, 1,1,1,1,1,1,1,1,0.9875,0.7625,0.1625,0.02,0,0,0,0,0,0,0,0,1,1,1,1,1,1,1,0.995,0.965,0.775,0.18,0.02,0,0,0,0,0,0,0,0,200,0,0,200,0,0,200,0,0,200,0,0,200,0,0,200,0,0,200,0,0,200,0,0,200,0,0,200,0,0,200,0,0,200,0,0,200,0,0,200,0,0,199,0,1,199,1,0,185,5,10,185,10,5,118,36,46,118,46,36,140,25,35,140,35,25,190,1,9,190,9,1,200,0,0,200,0,0,200,0,0,200,0,0,200,0,0,200,0,0,200,0,0,200,0,0,200,0,0,200,0,0,200,0,0,200,0,0,200,0,0,200,0,0,200,0,0,200,0,0,
820, 1,1,1,1,1,1,1,0.9975,0.98,0.7525,0.11,0.015,0,0,0,0,0,0,0,0,1,1,1,1,1,1,1,0.995,0.98,0.76,0.1275,0.0125,0,0,0,0,0,0,0,0,200,0,0,200,0,0,200,0,0,200,0,0,200,0,0,200,0,0,200,0,0,200,0,0,200,0,0,200,0,0,200,0,0,200,0,0,200,0,0,200,0,0,199,0,1,199,1,0,185,3,12,185,12,3,120,27,53,120,53,27,158,8,34,158,34,8,195,0,5,195,5,0,200,0,0,200,0,0,200,0,0,200,0,0,200,0,0,200,0,0,200,0,0,200,0,0,200,0,0,200,0,0,200,0,0,200,0,0,200,0,0,200,0,0,200,0,0,200,0,0,
830, 1,1,1,1,1,1,1,0.9975,0.97,0.815,0.1625,0.0275,0.0025,0,0,0,0,0,0,0,1,1,1,1,1,1,1,1,0.9825,0.83,0.17,0.0225,0.0025,0,0,0,0,0,0,0,200,0,0,200,0,0,200,0,0,200,0,0,200,0,0,200,0,0,200,0,0,200,0,0,200,0,0,200,0,0,200,0,0,200,0,0,200,0,0,200,0,0,200,0,0,200,0,0,184,5,11,184,11,5,133,24,43,133,43,24,127,20,53,127,53,20,185,2,13,185,13,2,200,0,0,200,0,0,200,0,0,200,0,0,200,0,0,200,0,0,200,0,0,200,0,0,200,0,0,200,0,0,200,0,0,200,0,0,200,0,0,200,0,0,200,0,0,200,0,0,
840, 1,1,1,1,1,1,1,1,0.99,0.8275,0.2175,0.015,0,0,0,0,0,0,0,0,1,1,1,1,1,1,1,0.995,0.9925,0.84,0.2375,0.0175,0,0,0,0,0,0,0,0,200,0,0,200,0,0,200,0,0,200,0,0,200,0,0,200,0,0,200,0,0,200,0,0,200,0,0,200,0,0,200,0,0,200,0,0,200,0,0,200,0,0,198,0,2,198,2,0,185,3,12,185,12,3,135,27,38,135,38,27,125,27,48,125,48,27,188,3,9,188,9,3,199,0,1,199,1,0,200,0,0,200,0,0,200,0,0,200,0,0,200,0,0,200,0,0,200,0,0,200,0,0,200,0,0,200,0,0,200,0,0,200,0,0,200,0,0,200,0,0,
850, 1,1,1,1,1,1,1,1,0.9925,0.8675,0.1875,0.035,0.0025,0,0,0,0,0,0,0,1,1,1,1,1,1,1,1,0.9975,0.8575,0.1925,0.025,0,0,0,0,0,0,0,0,200,0,0,200,0,0,200,0,0,200,0,0,200,0,0,200,0,0,200,0,0,200,0,0,200,0,0,200,0,0,200,0,0,200,0,0,200,0,0,200,0,0,199,0,1,199,1,0,195,1,4,195,4,1,143,28,29,143,29,28,134,28,38,134,38,28,191,4,5,191,5,4,200,0,0,200,0,0,200,0,0,200,0,0,200,0,0,200,0,0,200,0,0,200,0,0,200,0,0,200,0,0,200,0,0,200,0,0,200,0,0,200,0,0,200,0,0,200,0,0,
860, 1,1,1,1,1,1,1,1,0.99,0.9,0.155,0.03,0.005,0,0,0,0,0,0,0,1,1,1,1,1,1,1,1,0.9775,0.875,0.205,0.0125,0,0,0,0,0,0,0,0,200,0,0,200,0,0,200,0,0,200,0,0,200,0,0,200,0,0,200,0,0,200,0,0,200,0,0,200,0,0,200,0,0,200,0,0,200,0,0,200,0,0,200,0,0,200,0,0,194,2,4,194,4,2,147,26,27,147,27,26,121,23,56,121,56,23,185,2,13,185,13,2,198,0,2,198,2,0,200,0,0,200,0,0,200,0,0,200,0,0,200,0,0,200,0,0,200,0,0,200,0,0,200,0,0,200,0,0,200,0,0,200,0,0,200,0,0,200,0,0,
870, 1,1,1,1,1,1,1,1,0.98,0.91,0.1375,0.015,0.0025,0,0,0,0,0,0,0,1,1,1,1,1,1,1,1,0.9825,0.915,0.1375,0.0075,0.0075,0,0,0,0,0,0,0,200,0,0,200,0,0,200,0,0,200,0,0,200,0,0,200,0,0,200,0,0,200,0,0,200,0,0,200,0,0,200,0,0,200,0,0,200,0,0,200,0,0,198,1,1,198,1,1,187,4,9,187,9,4,157,19,24,157,24,19,132,28,40,132,40,28,186,2,12,186,12,2,196,0,4,196,4,0,200,0,0,200,0,0,200,0,0,200,0,0,200,0,0,200,0,0,200,0,0,200,0,0,200,0,0,200,0,0,200,0,0,200,0,0,200,0,0,200,0,0,
880, 1,1,1,1,1,1,1,0.9975,0.985,0.8375,0.2075,0.0325,0.0025,0,0,0,0,0,0,0,1,1,1,1,1,1,1,1,0.985,0.84,0.2,0.0275,0,0,0,0,0,0,0,0,200,0,0,200,0,0,200,0,0,200,0,0,200,0,0,200,0,0,200,0,0,200,0,0,200,0,0,200,0,0,200,0,0,200,0,0,200,0,0,200,0,0,199,0,1,199,1,0,192,1,7,192,7,1,134,33,33,134,33,33,125,36,39,125,39,36,183,6,11,183,11,6,200,0,0,200,0,0,200,0,0,200,0,0,200,0,0,200,0,0,200,0,0,200,0,0,200,0,0,200,0,0,200,0,0,200,0,0,200,0,0,200,0,0,200,0,0,200,0,0,
890, 1,1,1,1,1,1,1,0.9975,0.9825,0.875,0.1725,0.0125,0.0025,0,0,0,0,0,0,0,1,1,1,1,1,1,1,1,0.99,0.8425,0.1775,0.0075,0,0,0,0,0,0,0,0,200,0,0,200,0,0,200,0,0,200,0,0,200,0,0,200,0,0,200,0,0,200,0,0,200,0,0,200,0,0,200,0,0,200,0,0,200,0,0,200,0,0,200,0,0,200,0,0,187,1,12,187,12,1,131,23,46,131,46,23,124,28,48,124,48,28,193,2,5,193,5,2,199,0,1,199,1,0,200,0,0,200,0,0,200,0,0,200,0,0,200,0,0,200,0,0,200,0,0,200,0,0,200,0,0,200,0,0,200,0,0,200,0,0,200,0,0,200,0,0,
900, 1,1,1,1,1,1,1,1,0.9925,0.795,0.185,0.0275,0,0,0,0,0,0,0,0,1,1,1,1,1,1,1,1,0.985,0.8275,0.2025,0.02,0,0,0,0,0,0,0,0,200,0,0,200,0,0,200,0,0,200,0,0,200,0,0,200,0,0,200,0,0,200,0,0,200,0,0,200,0,0,200,0,0,200,0,0,200,0,0,200,0,0,200,0,0,200,0,0,192,0,8,192,8,0,117,29,54,117,54,29,105,37,58,105,58,37,187,3,10,187,10,3,200,0,0,200,0,0,200,0,0,200,0,0,200,0,0,200,0,0,200,0,0,200,0,0,200,0,0,200,0,0,200,0,0,200,0,0,200,0,0,200,0,0,200,0,0,200,0,0,
910, 1,1,1,1,1,1,1,0.9925,0.99,0.85,0.2425,0.05,0,0,0,0,0,0,0,0,1,1,1,1,1,1,1,1,0.985,0.8225,0.2375,0.04,0.0025,0,0,0,0,0,0,0,200,0,0,200,0,0,200,0,0,200,0,0,200,0,0,200,0,0,200,0,0,200,0,0,200,0,0,200,0,0,200,0,0,200,0,0,200,0,0,200,0,0,198,0,2,198,2,0,192,0,8,192,8,0,133,21,46,133,46,21,117,24,59,117,59,24,177,2,21,177,21,2,200,0,0,200,0,0,200,0,0,200,0,0,200,0,0,200,0,0,200,0,0,200,0,0,200,0,0,200,0,0,200,0,0,200,0,0,200,0,0,200,0,0,200,0,0,200,0,0,
920, 1,1,1,1,1,1,1,0.9975,0.9875,0.755,0.2125,0.0425,0.01,0,0,0,0,0,0,0,1,1,1,1,1,1,1,1,0.985,0.8075,0.2025,0.035,0.005,0,0,0,0,0,0,0,200,0,0,200,0,0,200,0,0,200,0,0,200,0,0,200,0,0,200,0,0,200,0,0,200,0,0,200,0,0,200,0,0,200,0,0,200,0,0,200,0,0,200,0,0,200,0,0,190,2,8,190,8,2,111,33,56,111,56,33,97,31,72,97,72,31,177,3,20,177,20,3,194,1,5,194,5,1,200,0,0,200,0,0,200,0,0,200,0,0,200,0,0,200,0,0,200,0,0,200,0,0,200,0,0,200,0,0,200,0,0,200,0,0,200,0,0,200,0,0,
930, 1,1,1,1,1,1,1,1,0.995,0.86,0.2275,0.035,0,0,0,0,0,0,0,0,1,1,1,1,1,1,1,1,0.9925,0.8625,0.2275,0.0175,0.0075,0,0,0,0,0,0,0,200,0,0,200,0,0,200,0,0,200,0,0,200,0,0,200,0,0,200,0,0,200,0,0,200,0,0,200,0,0,200,0,0,200,0,0,200,0,0,200,0,0,200,0,0,200,0,0,195,2,3,195,3,2,132,23,45,132,45,23,106,41,53,106,53,41,183,6,11,183,11,6,197,0,3,197,3,0,199,0,1,199,1,0,200,0,0,200,0,0,200,0,0,200,0,0,200,0,0,200,0,0,200,0,0,200,0,0,200,0,0,200,0,0,200,0,0,200,0,0,
940, 1,1,1,1,1,1,1,1,0.9925,0.88,0.185,0.025,0.005,0.0025,0,0,0,0,0,0,1,1,1,1,1,1,1,0.995,0.9825,0.85,0.155,0.0125,0,0,0,0,0,0,0,0,200,0,0,200,0,0,200,0,0,200,0,0,200,0,0,200,0,0,200,0,0,200,0,0,200,0,0,200,0,0,200,0,0,200,0,0,200,0,0,200,0,0,200,0,0,200,0,0,187,2,11,187,11,2,137,22,41,137,41,22,133,34,33,133,33,34,185,2,13,185,13,2,193,0,7,193,7,0,200,0,0,200,0,0,200,0,0,200,0,0,200,0,0,200,0,0,200,0,0,200,0,0,200,0,0,200,0,0,200,0,0,200,0,0,200,0,0,200,0,0,
950, 1,1,1,1,1,1,1,1,0.965,0.815,0.11,0.015,0.0025,0,0,0,0,0,0,0,1,1,1,1,1,1,1,1,0.9825,0.86,0.2075,0.0175,0,0,0,0,0,0,0,0,200,0,0,200,0,0,200,0,0,200,0,0,200,0,0,200,0,0,200,0,0,200,0,0,200,0,0,200,0,0,200,0,0,200,0,0,200,0,0,200,0,0,200,0,0,200,0,0,187,3,10,187,10,3,123,25,52,123,52,25,110,28,62,110,62,28,193,3,4,193,4,3,198,1,1,198,1,1,200,0,0,200,0,0,200,0,0,200,0,0,200,0,0,200,0,0,200,0,0,200,0,0,200,0,0,200,0,0,200,0,0,200,0,0,200,0,0,200,0,0,
960, 1,1,1,1,1,1,1,0.995,0.9875,0.85,0.18,0.0125,0,0,0,0,0,0,0,0,1,1,1,1,1,1,1,0.9975,0.965,0.86,0.2075,0.01,0,0,0,0,0,0,0,0,200,0,0,200,0,0,200,0,0,200,0,0,200,0,0,200,0,0,200,0,0,200,0,0,200,0,0,200,0,0,200,0,0,200,0,0,200,0,0,200,0,0,197,0,3,197,3,0,182,4,14,182,14,4,128,30,42,128,42,30,111,32,57,111,57,32,192,0,8,192,8,0,198,0,2,198,2,0,199,0,1,199,1,0,200,0,0,200,0,0,200,0,0,200,0,0,200,0,0,200,0,0,200,0,0,200,0,0,200,0,0,200,0,0,200,0,0,200,0,0,
970, 1,1,1,1,1,1,1,1,0.9875,0.84,0.21,0.01,0,0,0,0,0,0,0,0,1,1,1,1,1,1,1,0.995,0.9925,0.8375,0.215,0.0125,0,0,0,0,0,0,0,0,200,0,0,200,0,0,200,0,0,200,0,0,200,0,0,200,0,0,200,0,0,200,0,0,200,0,0,200,0,0,200,0,0,200,0,0,200,0,0,200,0,0,198,0,2,198,2,0,194,0,6,194,6,0,149,21,30,149,30,21,129,26,45,129,45,26,189,4,7,189,7,4,200,0,0,200,0,0,200,0,0,200,0,0,200,0,0,200,0,0,200,0,0,200,0,0,200,0,0,200,0,0,200,0,0,200,0,0,200,0,0,200,0,0,200,0,0,200,0,0,
980, 1,1,1,1,1,1,1,0.9975,0.98,0.77,0.2375,0.0125,0,0,0,0,0,0,0,0,1,1,1,1,1,1,1,0.995,0.975,0.79,0.21,0.025,0,0,0,0,0,0,0,0,200,0,0,200,0,0,200,0,0,200,0,0,200,0,0,200,0,0,200,0,0,200,0,0,200,0,0,200,0,0,200,0,0,200,0,0,200,0,0,200,0,0,199,1,0,199,0,1,186,1,13,186,13,1,104,38,58,104,58,38,107,22,71,107,71,22,192,1,7,192,7,1,200,0,0,200,0,0,200,0,0,200,0,0,200,0,0,200,0,0,200,0,0,200,0,0,200,0,0,200,0,0,200,0,0,200,0,0,200,0,0,200,0,0,200,0,0,200,0,0,
990, 1,1,1,1,1,1,1,1,0.9875,0.7775,0.1875,0.015,0.005,0,0,0,0,0,0,0,1,1,1,1,1,1,1,0.9975,0.9925,0.835,0.1975,0.0275,0.0025,0,0,0,0,0,0,0,200,0,0,200,0,0,200,0,0,200,0,0,200,0,0,200,0,0,200,0,0,200,0,0,200,0,0,200,0,0,200,0,0,200,0,0,200,0,0,200,0,0,198,0,2,198,2,0,191,2,7,191,7,2,132,25,43,132,43,25,131,27,42,131,42,27,189,2,9,189,9,2,198,0,2,198,2,0,200,0,0,200,0,0,200,0,0,200,0,0,200,0,0,200,0,0,200,0,0,200,0,0,200,0,0,200,0,0,200,0,0,200,0,0,200,0,0,200,0,0,
