gen, d0l0, d1l0, d2l0, d3l0, d4l0, d5l0, d6l0, d7l0, d8l0, d9l0, d10l0, d11l0, d12l0, d13l0, d14l0, d15l0, d16l0, d17l0, d18l0, d19l0, d0l1, d1l1, d2l1, d3l1, d4l1, d5l1, d6l1, d7l1, d8l1, d9l1, d10l1, d11l1, d12l1, d13l1, d14l1, d15l1, d16l1, d17l1, d18l1, d19l1, d0W1, d0W0.449329, d0W0.548812, d0W1, d0W0.548812, d0W0.449329, d1W1, d1W0.449329, d1W0.548812, d1W1, d1W0.548812, d1W0.449329, d2W1, d2W0.449329, d2W0.548812, d2W1, d2W0.548812, d2W0.449329, d3W1, d3W0.449329, d3W0.548812, d3W1, d3W0.548812, d3W0.449329, d4W1, d4W0.449329, d4W0.548812, d4W1, d4W0.548812, d4W0.449329, d5W1, d5W0.449329, d5W0.548812, d5W1, d5W0.548812, d5W0.449329, d6W1, d6W0.449329, d6W0.548812, d6W1, d6W0.548812, d6W0.449329, d7W1, d7W0.449329, d7W0.548812, d7W1, d7W0.548812, d7W0.449329, d8W1, d8W0.449329, d8W0.548812, d8W1, d8W0.548812, d8W0.449329, d9W1, d9W0.449329, d9W0.548812, d9W1, d9W0.548812, d9W0.449329, d10W1, d10W0.449329, d10W0.548812, d10W1, d10W0.548812, d10W0.449329, d11W1, d11W0.449329, d11W0.548812, d11W1, d11W0.548812, d11W0.449329, d12W1, d12W0.449329, d12W0.548812, d12W1, d12W0.548812, d12W0.449329, d13W1, d13W0.449329, d13W0.548812, d13W1, d13W0.548812, d13W0.449329, d14W1, d14W0.449329, d14W0.548812, d14W1, d14W0.548812, d14W0.449329, d15W1, d15W0.449329, d15W0.548812, d15W1, d15W0.548812, d15W0.449329, d16W1, d16W0.449329, d16W0.548812, d16W1, d16W0.548812, d16W0.449329, d17W1, d17W0.449329, d17W0.548812, d17W1, d17W0.548812, d17W0.449329, d18W1, d18W0.449329, d18W0.548812, d18W1, d18W0.548812, d18W0.449329, d19W1, d19W0.449329, d19W0.548812, d19W1, d19W0.548812, d19W0.449329, 
0, 1,1,1,1,1,1,1,1,0.985,0.86,0.14,0.0225,0,0,0,0,0,0,0,0,1,1,1,1,1,1,1,1,0.9925,0.855,0.12,0.0175,0,0,0,0,0,0,0,0,200,0,0,200,0,0,200,0,0,200,0,0,200,0,0,200,0,0,200,0,0,200,0,0,200,0,0,200,0,0,200,0,0,200,0,0,200,0,0,200,0,0,200,0,0,200,0,0,194,1,5,194,5,1,147,23,30,147,30,23,162,15,23,162,23,15,194,3,3,194,3,3,199,0,1,199,1,0,200,0,0,200,0,0,200,0,0,200,0,0,200,0,0,200,0,0,200,0,0,200,0,0,200,0,0,200,0,0,200,0,0,200,0,0,200,0,0,200,0,0,
10, 1,1,1,1,1,1,1,1,0.99,0.8025,0.105,0.0025,0,0,0,0,0,0,0,0,1,1,1,1,1,1,1,1,0.985,0.8425,0.1375,0.015,0,0,0,0,0,0,0,0,200,0,0,200,0,0,200,0,0,200,0,0,200,0,0,200,0,0,200,0,0,200,0,0,200,0,0,200,0,0,200,0,0,200,0,0,200,0,0,200,0,0,200,0,0,200,0,0,194,2,4,194,4,2,148,28,24,148,24,28,159,14,27,159,27,14,197,1,2,197,2,1,200,0,0,200,0,0,200,0,0,200,0,0,200,0,0,200,0,0,200,0,0,200,0,0,200,0,0,200,0,0,200,0,0,200,0,0,200,0,0,200,0,0,200,0,0,200,0,0,
20, 1,1,1,1,1,1,1,1,0.99,0.8725,0.2225,0.0075,0,0,0,0,0,0,0,0,1,1,1,1,1,1,1,1,0.9975,0.8925,0.2225,0.01,0,0,0,0,0,0,0,0,200,0,0,200,0,0,200,0,0,200,0,0,200,0,0,200,0,0,200,0,0,200,0,0,200,0,0,200,0,0,200,0,0,200,0,0,200,0,0,200,0,0,200,0,0,200,0,0,196,0,4,196,4,0,163,21,16,163,16,21,141,26,33,141,33,26,195,1,4,195,4,1,200,0,0,200,0,0,200,0,0,200,0,0,200,0,0,200,0,0,200,0,0,200,0,0,200,0,0,200,0,0,200,0,0,200,0,0,200,0,0,200,0,0,200,0,0,200,0,0,
30, 1,1,1,1,1,1,1,1,0.995,0.8875,0.135,0.01,0.0025,0,0,0,0,0,0,0,1,1,1,1,1,1,1,1,0.9925,0.865,0.1325,0.0075,0,0,0,0,0,0,0,0,200,0,0,200,0,0,200,0,0,200,0,0,200,0,0,200,0,0,200,0,0,200,0,0,200,0,0,200,0,0,200,0,0,200,0,0,200,0,0,200,0,0,200,0,0,200,0,0,197,1,2,197,2,1,155,26,19,155,19,26,166,15,19,166,19,15,197,1,2,197,2,1,197,2,1,197,1,2,200,0,0,200,0,0,200,0,0,200,0,0,200,0,0,200,0,0,200,0,0,200,0,0,200,0,0,200,0,0,200,0,0,200,0,0,200,0,0,200,0,0,
40, 1,1,1,1,1,1,1,1,0.9975,0.8325,0.1175,0,0,0,0,0,0,0,0,0,1,1,1,1,1,1,1,1,1,0.855,0.12,0.005,0,0,0,0,0,0,0,0,200,0,0,200,0,0,200,0,0,200,0,0,200,0,0,200,0,0,200,0,0,200,0,0,200,0,0,200,0,0,200,0,0,200,0,0,200,0,0,200,0,0,200,0,0,200,0,0,196,1,3,196,3,1,155,32,13,155,13,32,153,23,24,153,24,23,197,2,1,197,1,2,200,0,0,200,0,0,200,0,0,200,0,0,200,0,0,200,0,0,200,0,0,200,0,0,200,0,0,200,0,0,200,0,0,200,0,0,200,0,0,200,0,0,200,0,0,200,0,0,
50, 1,1,1,1,1,1,1,1,0.995,0.8775,0.13,0.0025,0.0025,0,0,0,0,0,0,0,1,1,1,1,1,1,1,1,0.9975,0.84,0.14,0.0125,0,0,0,0,0,0,0,0,200,0,0,200,0,0,200,0,0,200,0,0,200,0,0,200,0,0,200,0,0,200,0,0,200,0,0,200,0,0,200,0,0,200,0,0,200,0,0,200,0,0,200,0,0,200,0,0,195,2,3,195,3,2,163,12,25,163,25,12,151,23,26,151,26,23,197,1,2,197,2,1,200,0,0,200,0,0,200,0,0,200,0,0,200,0,0,200,0,0,200,0,0,200,0,0,200,0,0,200,0,0,200,0,0,200,0,0,200,0,0,200,0,0,200,0,0,200,0,0,
60, 1,1,1,1,1,1,1,1,0.9925,0.8625,0.1175,0.0075,0,0,0,0,0,0,0,0,1,1,1,1,1,1,1,0.9975,0.9825,0.885,0.105,0.005,0.0025,0,0,0,0,0,0,0,200,0,0,200,0,0,200,0,0,200,0,0,200,0,0,200,0,0,200,0,0,200,0,0,200,0,0,200,0,0,200,0,0,200,0,0,200,0,0,200,0,0,200,0,0,200,0,0,193,2,5,193,5,2,146,24,30,146,30,24,160,32,8,160,8,32,195,2,3,195,3,2,200,0,0,200,0,0,200,0,0,200,0,0,200,0,0,200,0,0,200,0,0,200,0,0,200,0,0,200,0,0,200,0,0,200,0,0,200,0,0,200,0,0,200,0,0,200,0,0,
70, 1,1,1,1,1,1,1,1,0.985,0.86,0.1525,0.015,0.0025,0,0,0,0,0,0,0,1,1,1,1,1,1,1,1,0.9825,0.8825,0.1425,0.01,0,0,0,0,0,0,0,0,200,0,0,200,0,0,200,0,0,200,0,0,200,0,0,200,0,0,200,0,0,200,0,0,200,0,0,200,0,0,200,0,0,200,0,0,200,0,0,200,0,0,200,0,0,200,0,0,194,3,3,194,3,3,151,26,23,151,23,26,123,36,41,123,41,36,192,3,5,192,5,3,200,0,0,200,0,0,200,0,0,200,0,0,200,0,0,200,0,0,200,0,0,200,0,0,200,0,0,200,0,0,200,0,0,200,0,0,200,0,0,200,0,0,200,0,0,200,0,0,
80, 1,1,1,1,1,1,1,1,0.9875,0.865,0.1475,0.01,0,0,0,0,0,0,0,0,1,1,1,1,1,1,1,1,0.9925,0.85,0.1575,0.01,0,0,0,0,0,0,0,0,200,0,0,200,0,0,200,0,0,200,0,0,200,0,0,200,0,0,200,0,0,200,0,0,200,0,0,200,0,0,200,0,0,200,0,0,200,0,0,200,0,0,200,0,0,200,0,0,197,0,3,197,3,0,154,24,22,154,22,24,164,23,13,164,13,23,194,0,6,194,6,0,200,0,0,200,0,0,200,0,0,200,0,0,200,0,0,200,0,0,200,0,0,200,0,0,200,0,0,200,0,0,200,0,0,200,0,0,200,0,0,200,0,0,200,0,0,200,0,0,
90, 1,1,1,1,1,1,1,1,0.9825,0.855,0.13,0.01,0,0,0,0,0,0,0,0,1,1,1,1,1,1,1,1,0.99,0.8625,0.135,0.01,0,0,0,0,0,0,0,0,200,0,0,200,0,0,200,0,0,200,0,0,200,0,0,200,0,0,200,0,0,200,0,0,200,0,0,200,0,0,200,0,0,200,0,0,200,0,0,200,0,0,200,0,0,200,0,0,189,5,6,189,6,5,139,28,33,139,33,28,153,25,22,153,22,25,197,1,2,197,2,1,200,0,0,200,0,0,200,0,0,200,0,0,200,0,0,200,0,0,200,0,0,200,0,0,200,0,0,200,0,0,200,0,0,200,0,0,200,0,0,200,0,0,200,0,0,200,0,0,
100, 1,1,1,1,1,1,1,1,0.9975,0.8725,0.115,0.02,0,0,0,0,0,0,0,0,1,1,1,1,1,1,1,1,0.995,0.8775,0.1275,0.0125,0.0025,0,0,0,0,0,0,0,200,0,0,200,0,0,200,0,0,200,0,0,200,0,0,200,0,0,200,0,0,200,0,0,200,0,0,200,0,0,200,0,0,200,0,0,200,0,0,200,0,0,200,0,0,200,0,0,197,1,2,197,2,1,172,12,16,172,16,12,164,14,22,164,22,14,195,2,3,195,3,2,200,0,0,200,0,0,200,0,0,200,0,0,200,0,0,200,0,0,200,0,0,200,0,0,200,0,0,200,0,0,200,0,0,200,0,0,200,0,0,200,0,0,200,0,0,200,0,0,
110, 1,1,1,1,1,1,1,1,0.99,0.87,0.1025,0.0025,0,0,0,0,0,0,0,0,1,1,1,1,1,1,1,1,0.9725,0.8575,0.1175,0.005,0,0,0,0,0,0,0,0,200,0,0,200,0,0,200,0,0,200,0,0,200,0,0,200,0,0,200,0,0,200,0,0,200,0,0,200,0,0,200,0,0,200,0,0,200,0,0,200,0,0,200,0,0,200,0,0,190,1,9,190,9,1,145,31,24,145,24,31,171,7,22,171,22,7,195,0,5,195,5,0,200,0,0,200,0,0,200,0,0,200,0,0,200,0,0,200,0,0,200,0,0,200,0,0,200,0,0,200,0,0,200,0,0,200,0,0,200,0,0,200,0,0,200,0,0,200,0,0,
120, 1,1,1,1,1,1,1,1,0.995,0.85,0.1325,0.005,0,0,0,0,0,0,0,0,1,1,1,1,1,1,1,1,0.995,0.855,0.1225,0.0075,0,0,0,0,0,0,0,0,200,0,0,200,0,0,200,0,0,200,0,0,200,0,0,200,0,0,200,0,0,200,0,0,200,0,0,200,0,0,200,0,0,200,0,0,200,0,0,200,0,0,200,0,0,200,0,0,192,5,3,192,3,5,146,27,27,146,27,27,166,14,20,166,20,14,194,1,5,194,5,1,200,0,0,200,0,0,200,0,0,200,0,0,200,0,0,200,0,0,200,0,0,200,0,0,200,0,0,200,0,0,200,0,0,200,0,0,200,0,0,200,0,0,200,0,0,200,0,0,
130, 1,1,1,1,1,1,1,0.995,0.9875,0.855,0.1225,0,0,0,0,0,0,0,0,0,1,1,1,1,1,1,1,0.9975,0.9925,0.89,0.1275,0.0025,0,0,0,0,0,0,0,0,200,0,0,200,0,0,200,0,0,200,0,0,200,0,0,200,0,0,200,0,0,200,0,0,200,0,0,200,0,0,200,0,0,200,0,0,200,0,0,200,0,0,197,1,2,197,2,1,192,5,3,192,3,5,162,19,19,162,19,19,136,31,33,136,33,31,190,3,7,190,7,3,200,0,0,200,0,0,200,0,0,200,0,0,200,0,0,200,0,0,200,0,0,200,0,0,200,0,0,200,0,0,200,0,0,200,0,0,200,0,0,200,0,0,200,0,0,200,0,0,
140, 1,1,1,1,1,1,1,1,0.9975,0.8425,0.1325,0.0075,0,0,0,0,0,0,0,0,1,1,1,1,1,1,1,1,0.995,0.86,0.1275,0.01,0,0,0,0,0,0,0,0,200,0,0,200,0,0,200,0,0,200,0,0,200,0,0,200,0,0,200,0,0,200,0,0,200,0,0,200,0,0,200,0,0,200,0,0,200,0,0,200,0,0,200,0,0,200,0,0,196,2,2,196,2,2,153,27,20,153,20,27,166,19,15,166,15,19,194,2,4,194,4,2,200,0,0,200,0,0,200,0,0,200,0,0,200,0,0,200,0,0,200,0,0,200,0,0,200,0,0,200,0,0,200,0,0,200,0,0,200,0,0,200,0,0,200,0,0,200,0,0,
150, 1,1,1,1,1,1,1,0.9975,0.9925,0.9275,0.155,0.0125,0,0,0,0,0,0,0,0,1,1,1,1,1,1,1,1,0.9925,0.91,0.1425,0.005,0,0,0,0,0,0,0,0,200,0,0,200,0,0,200,0,0,200,0,0,200,0,0,200,0,0,200,0,0,200,0,0,200,0,0,200,0,0,200,0,0,200,0,0,200,0,0,200,0,0,200,0,0,200,0,0,191,4,5,191,5,4,165,11,24,165,24,11,154,23,23,154,23,23,196,1,3,196,3,1,200,0,0,200,0,0,200,0,0,200,0,0,200,0,0,200,0,0,200,0,0,200,0,0,200,0,0,200,0,0,200,0,0,200,0,0,200,0,0,200,0,0,200,0,0,200,0,0,
160, 1,1,1,1,1,1,1,1,0.985,0.86,0.1025,0.0025,0,0,0,0,0,0,0,0,1,1,1,1,1,1,1,1,0.985,0.875,0.0975,0.0075,0,0,0,0,0,0,0,0,200,0,0,200,0,0,200,0,0,200,0,0,200,0,0,200,0,0,200,0,0,200,0,0,200,0,0,200,0,0,200,0,0,200,0,0,200,0,0,200,0,0,199,0,1,199,1,0,193,4,3,193,3,4,135,26,39,135,39,26,156,20,24,156,24,20,199,1,0,199,0,1,200,0,0,200,0,0,200,0,0,200,0,0,200,0,0,200,0,0,200,0,0,200,0,0,200,0,0,200,0,0,200,0,0,200,0,0,200,0,0,200,0,0,200,0,0,200,0,0,
170, 1,1,1,1,1,1,1,1,1,0.91,0.1025,0.0125,0,0,0,0,0,0,0,0,1,1,1,1,1,1,1,1,1,0.9275,0.1225,0.0125,0,0,0,0,0,0,0,0,200,0,0,200,0,0,200,0,0,200,0,0,200,0,0,200,0,0,200,0,0,200,0,0,200,0,0,200,0,0,200,0,0,200,0,0,200,0,0,200,0,0,200,0,0,200,0,0,191,2,7,191,7,2,151,15,34,151,34,15,159,17,24,159,24,17,196,1,3,196,3,1,200,0,0,200,0,0,200,0,0,200,0,0,200,0,0,200,0,0,200,0,0,200,0,0,200,0,0,200,0,0,200,0,0,200,0,0,200,0,0,200,0,0,200,0,0,200,0,0,
180, 1,1,1,1,1,1,1,0.9975,0.9975,0.8625,0.195,0.01,0,0,0,0,0,0,0,0,1,1,1,1,1,1,1,1,0.9925,0.8675,0.1725,0.0175,0,0,0,0,0,0,0,0,200,0,0,200,0,0,200,0,0,200,0,0,200,0,0,200,0,0,200,0,0,200,0,0,200,0,0,200,0,0,200,0,0,200,0,0,200,0,0,200,0,0,200,0,0,200,0,0,190,2,8,190,8,2,140,27,33,140,33,27,144,28,28,144,28,28,196,3,1,196,1,3,200,0,0,200,0,0,200,0,0,200,0,0,200,0,0,200,0,0,200,0,0,200,0,0,200,0,0,200,0,0,200,0,0,200,0,0,200,0,0,200,0,0,200,0,0,200,0,0,
190, 1,1,1,1,1,1,1,1,0.995,0.855,0.155,0.0125,0,0,0,0,0,0,0,0,1,1,1,1,1,1,1,1,0.99,0.8425,0.15,0.02,0,0,0,0,0,0,0,0,200,0,0,200,0,0,200,0,0,200,0,0,200,0,0,200,0,0,200,0,0,200,0,0,200,0,0,200,0,0,200,0,0,200,0,0,200,0,0,200,0,0,200,0,0,200,0,0,194,1,5,194,5,1,153,24,23,153,23,24,146,33,21,146,21,33,189,3,8,189,8,3,199,1,0,199,0,1,200,0,0,200,0,0,200,0,0,200,0,0,200,0,0,200,0,0,200,0,0,200,0,0,200,0,0,200,0,0,200,0,0,200,0,0,200,0,0,200,0,0,
200, 1,1,1,1,1,1,1,1,0.9875,0.9175,0.11,0,0,0,0,0,0,0,0,0,1,1,1,1,1,1,1,1,0.9975,0.925,0.12,0.0125,0,0,0,0,0,0,0,0,200,0,0,200,0,0,200,0,0,200,0,0,200,0,0,200,0,0,200,0,0,200,0,0,200,0,0,200,0,0,200,0,0,200,0,0,200,0,0,200,0,0,200,0,0,200,0,0,196,2,2,196,2,2,163,13,24,163,24,13,151,23,26,151,26,23,196,1,3,196,3,1,200,0,0,200,0,0,200,0,0,200,0,0,200,0,0,200,0,0,200,0,0,200,0,0,200,0,0,200,0,0,200,0,0,200,0,0,200,0,0,200,0,0,200,0,0,200,0,0,
210, 1,1,1,1,1,1,1,1,0.99,0.8925,0.105,0.0075,0,0,0,0,0,0,0,0,1,1,1,1,1,1,1,1,0.99,0.8925,0.1175,0.01,0,0,0,0,0,0,0,0,200,0,0,200,0,0,200,0,0,200,0,0,200,0,0,200,0,0,200,0,0,200,0,0,200,0,0,200,0,0,200,0,0,200,0,0,200,0,0,200,0,0,200,0,0,200,0,0,197,0,3,197,3,0,161,24,15,161,15,24,162,16,22,162,22,16,197,0,3,197,3,0,200,0,0,200,0,0,200,0,0,200,0,0,200,0,0,200,0,0,200,0,0,200,0,0,200,0,0,200,0,0,200,0,0,200,0,0,200,0,0,200,0,0,200,0,0,200,0,0,
220, 1,1,1,1,1,1,1,1,0.995,0.885,0.1575,0.01,0,0,0,0,0,0,0,0,1,1,1,1,1,1,1,1,0.995,0.89,0.155,0.0075,0,0,0,0,0,0,0,0,200,0,0,200,0,0,200,0,0,200,0,0,200,0,0,200,0,0,200,0,0,200,0,0,200,0,0,200,0,0,200,0,0,200,0,0,200,0,0,200,0,0,200,0,0,200,0,0,196,1,3,196,3,1,160,19,21,160,21,19,144,24,32,144,32,24,194,1,5,194,5,1,200,0,0,200,0,0,200,0,0,200,0,0,200,0,0,200,0,0,200,0,0,200,0,0,200,0,0,200,0,0,200,0,0,200,0,0,200,0,0,200,0,0,200,0,0,200,0,0,
230, 1,1,1,1,1,1,1,1,0.9825,0.87,0.1675,0.01,0,0,0,0,0,0,0,0,1,1,1,1,1,1,1,0.9975,0.9775,0.855,0.17,0.01,0,0,0,0,0,0,0,0,200,0,0,200,0,0,200,0,0,200,0,0,200,0,0,200,0,0,200,0,0,200,0,0,200,0,0,200,0,0,200,0,0,200,0,0,200,0,0,200,0,0,199,0,1,199,1,0,194,3,3,194,3,3,151,22,27,151,27,22,147,21,32,147,32,21,191,1,8,191,8,1,200,0,0,200,0,0,200,0,0,200,0,0,200,0,0,200,0,0,200,0,0,200,0,0,200,0,0,200,0,0,200,0,0,200,0,0,200,0,0,200,0,0,200,0,0,200,0,0,
240, 1,1,1,1,1,1,1,1,0.9925,0.8175,0.125,0.0125,0,0,0,0,0,0,0,0,1,1,1,1,1,1,1,1,0.99,0.8225,0.1425,0.02,0,0,0,0,0,0,0,0,200,0,0,200,0,0,200,0,0,200,0,0,200,0,0,200,0,0,200,0,0,200,0,0,200,0,0,200,0,0,200,0,0,200,0,0,200,0,0,200,0,0,199,0,1,199,1,0,195,2,3,195,3,2,141,30,29,141,29,30,166,16,18,166,18,16,192,3,5,192,5,3,200,0,0,200,0,0,200,0,0,200,0,0,200,0,0,200,0,0,200,0,0,200,0,0,200,0,0,200,0,0,200,0,0,200,0,0,200,0,0,200,0,0,200,0,0,200,0,0,
250, 1,1,1,1,1,1,1,1,0.995,0.89,0.1225,0.0075,0,0,0,0,0,0,0,0,1,1,1,1,1,1,1,1,0.9975,0.8875,0.1225,0.0075,0,0,0,0,0,0,0,0,200,0,0,200,0,0,200,0,0,200,0,0,200,0,0,200,0,0,200,0,0,200,0,0,200,0,0,200,0,0,200,0,0,200,0,0,200,0,0,200,0,0,200,0,0,200,0,0,197,0,3,197,3,0,157,21,22,157,22,21,155,27,18,155,18,27,193,3,4,193,4,3,198,0,2,198,2,0,200,0,0,200,0,0,200,0,0,200,0,0,200,0,0,200,0,0,200,0,0,200,0,0,200,0,0,200,0,0,200,0,0,200,0,0,200,0,0,200,0,0,
260, 1,1,1,1,1,1,1,0.9925,0.9775,0.84,0.1225,0.005,0.0025,0,0,0,0,0,0,0,1,1,1,1,1,1,1,1,0.9825,0.8425,0.1225,0.02,0.0025,0,0,0,0,0,0,0,200,0,0,200,0,0,200,0,0,200,0,0,200,0,0,200,0,0,200,0,0,200,0,0,200,0,0,200,0,0,200,0,0,200,0,0,200,0,0,200,0,0,198,1,1,198,1,1,194,4,2,194,2,4,141,35,24,141,24,35,140,28,32,140,32,28,191,2,7,191,7,2,199,0,1,199,1,0,200,0,0,200,0,0,200,0,0,200,0,0,200,0,0,200,0,0,200,0,0,200,0,0,200,0,0,200,0,0,200,0,0,200,0,0,200,0,0,200,0,0,
270, 1,1,1,1,1,1,1,1,0.9975,0.8475,0.1175,0.0175,0,0,0,0,0,0,0,0,1,1,1,1,1,1,1,1,0.995,0.8525,0.115,0.015,0,0,0,0,0,0,0,0,200,0,0,200,0,0,200,0,0,200,0,0,200,0,0,200,0,0,200,0,0,200,0,0,200,0,0,200,0,0,200,0,0,200,0,0,200,0,0,200,0,0,199,0,1,199,1,0,199,0,1,199,1,0,147,23,30,147,30,23,151,24,25,151,25,24,196,1,3,196,3,1,200,0,0,200,0,0,200,0,0,200,0,0,200,0,0,200,0,0,200,0,0,200,0,0,200,0,0,200,0,0,200,0,0,200,0,0,200,0,0,200,0,0,200,0,0,200,0,0,
280, 1,1,1,1,1,1,1,1,0.9875,0.8575,0.135,0.0125,0,0,0,0,0,0,0,0,1,1,1,1,1,1,1,1,0.9875,0.8575,0.125,0.01,0,0,0,0,0,0,0,0,200,0,0,200,0,0,200,0,0,200,0,0,200,0,0,200,0,0,200,0,0,200,0,0,200,0,0,200,0,0,200,0,0,200,0,0,200,0,0,200,0,0,200,0,0,200,0,0,191,1,8,191,8,1,146,28,26,146,26,28,154,20,26,154,26,20,190,3,7,190,7,3,200,0,0,200,0,0,200,0,0,200,0,0,200,0,0,200,0,0,200,0,0,200,0,0,200,0,0,200,0,0,200,0,0,200,0,0,200,0,0,200,0,0,200,0,0,200,0,0,
290, 1,1,1,1,1,1,1,0.9975,0.99,0.8225,0.1275,0.01,0,0,0,0,0,0,0,0,1,1,1,1,1,1,1,1,0.99,0.8575,0.1225,0.01,0,0,0,0,0,0,0,0,200,0,0,200,0,0,200,0,0,200,0,0,200,0,0,200,0,0,200,0,0,200,0,0,200,0,0,200,0,0,200,0,0,200,0,0,200,0,0,200,0,0,199,0,1,199,1,0,194,1,5,194,5,1,135,32,33,135,33,32,159,20,21,159,21,20,196,0,4,196,4,0,200,0,0,200,0,0,200,0,0,200,0,0,200,0,0,200,0,0,200,0,0,200,0,0,200,0,0,200,0,0,200,0,0,200,0,0,200,0,0,200,0,0,200,0,0,200,0,0,
300, 1,1,1,1,1,1,1,1,0.9825,0.86,0.18,0.015,0,0,0,0,0,0,0,0,1,1,1,1,1,1,1,1,0.985,0.8575,0.1925,0.0025,0.005,0,0,0,0,0,0,0,200,0,0,200,0,0,200,0,0,200,0,0,200,0,0,200,0,0,200,0,0,200,0,0,200,0,0,200,0,0,200,0,0,200,0,0,200,0,0,200,0,0,199,0,1,199,1,0,189,3,8,189,8,3,139,30,31,139,31,30,144,26,30,144,30,26,194,2,4,194,4,2,199,0,1,199,1,0,200,0,0,200,0,0,200,0,0,200,0,0,200,0,0,200,0,0,200,0,0,200,0,0,200,0,0,200,0,0,200,0,0,200,0,0,200,0,0,200,0,0,
310, 1,1,1,1,1,1,1,1,0.9925,0.825,0.1475,0.02,0.0025,0.0025,0,0,0,0,0,0,1,1,1,1,1,1,1,1,0.9925,0.835,0.1425,0.01,0,0,0,0,0,0,0,0,200,0,0,200,0,0,200,0,0,200,0,0,200,0,0,200,0,0,200,0,0,200,0,0,200,0,0,200,0,0,200,0,0,200,0,0,200,0,0,200,0,0,200,0,0,200,0,0,195,3,2,195,2,3,147,23,30,147,30,23,154,15,31,154,31,15,192,2,6,192,6,2,199,0,1,199,1,0,200,0,0,200,0,0,200,0,0,200,0,0,200,0,0,200,0,0,200,0,0,200,0,0,200,0,0,200,0,0,200,0,0,200,0,0,200,0,0,200,0,0,
320, 1,1,1,1,1,1,1,1,0.97,0.8825,0.1025,0.005,0,0,0,0,0,0,0,0,1,1,1,1,1,1,1,1,0.985,0.8725,0.11,0,0,0,0,0,0,0,0,0,200,0,0,200,0,0,200,0,0,200,0,0,200,0,0,200,0,0,200,0,0,200,0,0,200,0,0,200,0,0,200,0,0,200,0,0,200,0,0,200,0,0,200,0,0,200,0,0,192,3,5,192,5,3,155,23,22,155,22,23,175,21,4,175,4,21,197,1,2,197,2,1,200,0,0,200,0,0,200,0,0,200,0,0,200,0,0,200,0,0,200,0,0,200,0,0,200,0,0,200,0,0,200,0,0,200,0,0,200,0,0,200,0,0,200,0,0,200,0,0,
330, 1,1,1,1,1,1,1,0.9975,0.9925,0.8525,0.1525,0.01,0.0025,0,0,0,0,0,0,0,1,1,1,1,1,1,1,1,0.9925,0.8625,0.17,0.0125,0.0025,0.0025,0,0,0,0,0,0,200,0,0,200,0,0,200,0,0,200,0,0,200,0,0,200,0,0,200,0,0,200,0,0,200,0,0,200,0,0,200,0,0,200,0,0,200,0,0,200,0,0,200,0,0,200,0,0,189,2,9,189,9,2,157,17,26,157,26,17,144,17,39,144,39,17,195,1,4,195,4,1,197,1,2,197,2,1,200,0,0,200,0,0,200,0,0,200,0,0,200,0,0,200,0,0,200,0,0,200,0,0,200,0,0,200,0,0,200,0,0,200,0,0,200,0,0,200,0,0,
340, 1,1,1,1,1,1,1,1,0.9875,0.87,0.14,0.015,0,0,0,0,0,0,0,0,1,1,1,1,1,1,1,1,0.9925,0.8875,0.1525,0.0125,0,0,0,0,0,0,0,0,200,0,0,200,0,0,200,0,0,200,0,0,200,0,0,200,0,0,200,0,0,200,0,0,200,0,0,200,0,0,200,0,0,200,0,0,200,0,0,200,0,0,200,0,0,200,0,0,195,2,3,195,3,2,163,18,19,163,19,18,141,25,34,141,34,25,192,2,6,192,6,2,200,0,0,200,0,0,199,0,1,199,1,0,200,0,0,200,0,0,200,0,0,200,0,0,200,0,0,200,0,0,200,0,0,200,0,0,200,0,0,200,0,0,200,0,0,200,0,0,
350, 1,1,1,1,1,1,1,1,0.995,0.855,0.13,0.01,0,0,0,0,0,0,0,0,1,1,1,1,1,1,1,0.9975,0.99,0.83,0.12,0.01,0,0,0,0,0,0,0,0,200,0,0,200,0,0,200,0,0,200,0,0,200,0,0,200,0,0,200,0,0,200,0,0,200,0,0,200,0,0,200,0,0,200,0,0,200,0,0,200,0,0,200,0,0,200,0,0,195,3,2,195,2,3,147,33,20,147,20,33,153,19,28,153,28,19,189,4,7,189,7,4,200,0,0,200,0,0,200,0,0,200,0,0,200,0,0,200,0,0,200,0,0,200,0,0,200,0,0,200,0,0,200,0,0,200,0,0,200,0,0,200,0,0,200,0,0,200,0,0,
360, 1,1,1,1,1,1,1,1,0.99,0.8925,0.12,0.0025,0,0,0,0,0,0,0,0,1,1,1,1,1,1,1,1,0.99,0.8875,0.1375,0.015,0,0,0,0,0,0,0,0,200,0,0,200,0,0,200,0,0,200,0,0,200,0,0,200,0,0,200,0,0,200,0,0,200,0,0,200,0,0,200,0,0,200,0,0,200,0,0,200,0,0,200,0,0,200,0,0,198,2,0,198,0,2,164,15,21,164,21,15,139,31,30,139,30,31,195,1,4,195,4,1,199,0,1,199,1,0,200,0,0,200,0,0,200,0,0,200,0,0,200,0,0,200,0,0,200,0,0,200,0,0,200,0,0,200,0,0,200,0,0,200,0,0,200,0,0,200,0,0,
370, 1,1,1,1,1,1,1,1,0.9975,0.9025,0.135,0.0075,0,0,0,0,0,0,0,0,1,1,1,1,1,1,1,1,0.995,0.91,0.1475,0.0025,0,0,0,0,0,0,0,0,200,0,0,200,0,0,200,0,0,200,0,0,200,0,0,200,0,0,200,0,0,200,0,0,200,0,0,200,0,0,200,0,0,200,0,0,200,0,0,200,0,0,200,0,0,200,0,0,196,1,3,196,3,1,170,15,15,170,15,15,156,17,27,156,27,17,196,3,1,196,1,3,199,0,1,199,1,0,200,0,0,200,0,0,200,0,0,200,0,0,200,0,0,200,0,0,200,0,0,200,0,0,200,0,0,200,0,0,200,0,0,200,0,0,200,0,0,200,0,0,
380, 1,1,1,1,1,1,1,1,1,0.8375,0.12,0.0075,0,0,0,0,0,0,0,0,1,1,1,1,1,1,1,1,0.9875,0.835,0.1075,0.0025,0,0,0,0,0,0,0,0,200,0,0,200,0,0,200,0,0,200,0,0,200,0,0,200,0,0,200,0,0,200,0,0,200,0,0,200,0,0,200,0,0,200,0,0,200,0,0,200,0,0,199,0,1,199,1,0,195,2,3,195,3,2,139,25,36,139,36,25,175,9,16,175,16,9,195,2,3,195,3,2,199,0,1,199,1,0,200,0,0,200,0,0,200,0,0,200,0,0,200,0,0,200,0,0,200,0,0,200,0,0,200,0,0,200,0,0,200,0,0,200,0,0,200,0,0,200,0,0,
390, 1,1,1,1,1,1,1,1,0.9825,0.87,0.13,0.005,0,0,0,0,0,0,0,0,1,1,1,1,1,1,1,1,0.9875,0.88,0.1275,0.0025,0.0025,0,0,0,0,0,0,0,200,0,0,200,0,0,200,0,0,200,0,0,200,0,0,200,0,0,200,0,0,200,0,0,200,0,0,200,0,0,200,0,0,200,0,0,200,0,0,200,0,0,200,0,0,200,0,0,187,2,11,187,11,2,162,12,26,162,26,12,158,23,19,158,19,23,198,1,1,198,1,1,198,1,1,198,1,1,200,0,0,200,0,0,200,0,0,200,0,0,200,0,0,200,0,0,200,0,0,200,0,0,200,0,0,200,0,0,200,0,0,200,0,0,200,0,0,200,0,0,
400, 1,1,1,1,1,1,1,1,0.9825,0.89,0.135,0.015,0,0,0,0,0,0,0,0,1,1,1,1,1,1,1,1,0.9975,0.885,0.15,0.0175,0,0,0,0,0,0,0,0,200,0,0,200,0,0,200,0,0,200,0,0,200,0,0,200,0,0,200,0,0,200,0,0,200,0,0,200,0,0,200,0,0,200,0,0,200,0,0,200,0,0,200,0,0,200,0,0,191,0,9,191,9,0,159,15,26,159,26,15,151,22,27,151,27,22,189,4,7,189,7,4,200,0,0,200,0,0,200,0,0,200,0,0,200,0,0,200,0,0,200,0,0,200,0,0,200,0,0,200,0,0,200,0,0,200,0,0,200,0,0,200,0,0,200,0,0,200,0,0,
410, 1,1,1,1,1,1,1,1,0.9975,0.8975,0.1775,0.015,0,0.0025,0,0,0,0,0,0,1,1,1,1,1,1,1,1,0.9925,0.8925,0.1625,0.0075,0,0,0,0,0,0,0,0,200,0,0,200,0,0,200,0,0,200,0,0,200,0,0,200,0,0,200,0,0,200,0,0,200,0,0,200,0,0,200,0,0,200,0,0,200,0,0,200,0,0,200,0,0,200,0,0,199,0,1,199,1,0,168,14,18,168,18,14,132,32,36,132,36,32,194,2,4,194,4,2,199,0,1,199,1,0,200,0,0,200,0,0,200,0,0,200,0,0,200,0,0,200,0,0,200,0,0,200,0,0,200,0,0,200,0,0,200,0,0,200,0,0,200,0,0,200,0,0,
420, 1,1,1,1,1,1,1,1,0.9925,0.92,0.15,0.005,0,0,0,0,0,0,0,0,1,1,1,1,1,1,1,1,0.9975,0.925,0.145,0,0,0,0,0,0,0,0,0,200,0,0,200,0,0,200,0,0,200,0,0,200,0,0,200,0,0,200,0,0,200,0,0,200,0,0,200,0,0,200,0,0,200,0,0,200,0,0,200,0,0,200,0,0,200,0,0,193,1,6,193,6,1,164,17,19,164,19,17,143,28,29,143,29,28,197,2,1,197,1,2,200,0,0,200,0,0,200,0,0,200,0,0,200,0,0,200,0,0,200,0,0,200,0,0,200,0,0,200,0,0,200,0,0,200,0,0,200,0,0,200,0,0,200,0,0,200,0,0,
430, 1,1,1,1,1,1,1,1,0.995,0.915,0.13,0.005,0.0025,0,0,0,0,0,0,0,1,1,1,1,1,1,1,1,0.9925,0.9275,0.1325,0.0075,0,0,0,0,0,0,0,0,200,0,0,200,0,0,200,0,0,200,0,0,200,0,0,200,0,0,200,0,0,200,0,0,200,0,0,200,0,0,200,0,0,200,0,0,200,0,0,200,0,0,200,0,0,200,0,0,194,1,5,194,5,1,167,19,14,167,14,19,146,21,33,146,33,21,194,1,5,194,5,1,200,0,0,200,0,0,200,0,0,200,0,0,200,0,0,200,0,0,200,0,0,200,0,0,200,0,0,200,0,0,200,0,0,200,0,0,200,0,0,200,0,0,200,0,0,200,0,0,
440, 1,1,1,1,1,1,1,1,0.9925,0.8925,0.1425,0.0125,0,0,0,0,0,0,0,0,1,1,1,1,1,1,1,1,0.995,0.885,0.1525,0.0175,0.0025,0,0,0,0,0,0,0,200,0,0,200,0,0,200,0,0,200,0,0,200,0,0,200,0,0,200,0,0,200,0,0,200,0,0,200,0,0,200,0,0,200,0,0,200,0,0,200,0,0,200,0,0,200,0,0,188,3,9,188,9,3,150,23,27,150,27,23,142,30,28,142,28,30,191,1,8,191,8,1,198,0,2,198,2,0,200,0,0,200,0,0,200,0,0,200,0,0,200,0,0,200,0,0,200,0,0,200,0,0,200,0,0,200,0,0,200,0,0,200,0,0,200,0,0,200,0,0,
450, 1,1,1,1,1,1,1,1,0.98,0.9125,0.1275,0.0125,0,0,0,0,0,0,0,0,1,1,1,1,1,1,1,1,0.99,0.935,0.115,0.0075,0,0,0,0,0,0,0,0,200,0,0,200,0,0,200,0,0,200,0,0,200,0,0,200,0,0,200,0,0,200,0,0,200,0,0,200,0,0,200,0,0,200,0,0,200,0,0,200,0,0,200,0,0,200,0,0,194,3,3,194,3,3,162,14,24,162,24,14,159,23,18,159,18,23,194,2,4,194,4,2,200,0,0,200,0,0,200,0,0,200,0,0,200,0,0,200,0,0,200,0,0,200,0,0,200,0,0,200,0,0,200,0,0,200,0,0,200,0,0,200,0,0,200,0,0,200,0,0,
460, 1,1,1,1,1,1,1,1,0.985,0.8175,0.12,0.0125,0,0,0,0,0,0,0,0,1,1,1,1,1,1,1,1,0.99,0.835,0.12,0.005,0,0,0,0,0,0,0,0,200,0,0,200,0,0,200,0,0,200,0,0,200,0,0,200,0,0,200,0,0,200,0,0,200,0,0,200,0,0,200,0,0,200,0,0,200,0,0,200,0,0,200,0,0,200,0,0,195,4,1,195,1,4,156,26,18,156,18,26,165,18,17,165,17,18,191,3,6,191,6,3,199,0,1,199,1,0,200,0,0,200,0,0,200,0,0,200,0,0,200,0,0,200,0,0,200,0,0,200,0,0,200,0,0,200,0,0,200,0,0,200,0,0,200,0,0,200,0,0,
470, 1,1,1,1,1,1,1,1,0.99,0.8525,0.185,0,0.005,0,0,0,0,0,0,0,1,1,1,1,1,1,1,1,0.985,0.8375,0.165,0.005,0.0025,0,0,0,0,0,0,0,200,0,0,200,0,0,200,0,0,200,0,0,200,0,0,200,0,0,200,0,0,200,0,0,200,0,0,200,0,0,200,0,0,200,0,0,200,0,0,200,0,0,199,0,1,199,1,0,191,2,7,191,7,2,121,38,41,121,41,38,153,24,23,153,23,24,192,2,6,192,6,2,199,1,0,199,0,1,200,0,0,200,0,0,200,0,0,200,0,0,200,0,0,200,0,0,200,0,0,200,0,0,200,0,0,200,0,0,200,0,0,200,0,0,200,0,0,200,0,0,
480, 1,1,1,1,1,1,1,1,0.9975,0.9325,0.15,0.005,0,0,0,0,0,0,0,0,1,1,1,1,1,1,1,1,0.995,0.88,0.1425,0.0075,0,0,0,0,0,0,0,0,200,0,0,200,0,0,200,0,0,200,0,0,200,0,0,200,0,0,200,0,0,200,0,0,200,0,0,200,0,0,200,0,0,200,0,0,200,0,0,200,0,0,200,0,0,200,0,0,192,1,7,192,7,1,152,20,28,152,28,20,165,14,21,165,21,14,197,0,3,197,3,0,199,0,1,199,1,0,200,0,0,200,0,0,200,0,0,200,0,0,200,0,0,200,0,0,200,0,0,200,0,0,200,0,0,200,0,0,200,0,0,200,0,0,200,0,0,200,0,0,
490, 1,1,1,1,1,1,1,0.995,0.9875,0.855,0.175,0.015,0,0,0,0,0,0,0,0,1,1,1,1,1,1,1,1,0.985,0.8825,0.1725,0.01,0,0,0,0,0,0,0,0,200,0,0,200,0,0,200,0,0,200,0,0,200,0,0,200,0,0,200,0,0,200,0,0,200,0,0,200,0,0,200,0,0,200,0,0,200,0,0,200,0,0,199,1,0,199,0,1,189,3,8,189,8,3,147,18,35,147,35,18,149,16,35,149,35,16,192,3,5,192,5,3,199,0,1,199,1,0,200,0,0,200,0,0,200,0,0,200,0,0,200,0,0,200,0,0,200,0,0,200,0,0,200,0,0,200,0,0,200,0,0,200,0,0,200,0,0,200,0,0,
500, 1,1,1,1,1,1,1,1,0.99,0.85,0.165,0.0075,0,0,0,0,0,0,0,0,1,1,1,1,1,1,1,1,0.9875,0.87,0.1675,0.0075,0,0,0,0,0,0,0,0,200,0,0,200,0,0,200,0,0,200,0,0,200,0,0,200,0,0,200,0,0,200,0,0,200,0,0,200,0,0,200,0,0,200,0,0,200,0,0,200,0,0,200,0,0,200,0,0,191,3,6,191,6,3,159,19,22,159,22,19,156,26,18,156,18,26,196,2,2,196,2,2,200,0,0,200,0,0,200,0,0,200,0,0,200,0,0,200,0,0,200,0,0,200,0,0,200,0,0,200,0,0,200,0,0,200,0,0,200,0,0,200,0,0,200,0,0,200,0,0,
510, 1,1,1,1,1,1,1,1,0.9875,0.8625,0.12,0.005,0,0,0,0,0,0,0,0,1,1,1,1,1,1,1,1,0.9825,0.875,0.13,0.0075,0,0,0,0,0,0,0,0,200,0,0,200,0,0,200,0,0,200,0,0,200,0,0,200,0,0,200,0,0,200,0,0,200,0,0,200,0,0,200,0,0,200,0,0,200,0,0,200,0,0,199,0,1,199,1,0,194,2,4,194,4,2,151,24,25,151,25,24,156,25,19,156,19,25,197,1,2,197,2,1,199,0,1,199,1,0,200,0,0,200,0,0,200,0,0,200,0,0,200,0,0,200,0,0,200,0,0,200,0,0,200,0,0,200,0,0,200,0,0,200,0,0,200,0,0,200,0,0,
520, 1,1,1,1,1,1,1,1,0.9875,0.8525,0.13,0.0025,0,0,0,0,0,0,0,0,1,1,1,1,1,1,1,1,0.9975,0.8525,0.125,0.0075,0,0,0,0,0,0,0,0,200,0,0,200,0,0,200,0,0,200,0,0,200,0,0,200,0,0,200,0,0,200,0,0,200,0,0,200,0,0,200,0,0,200,0,0,200,0,0,200,0,0,199,0,1,199,1,0,196,0,4,196,4,0,154,15,31,154,31,15,151,16,33,151,33,16,195,0,5,195,5,0,200,0,0,200,0,0,200,0,0,200,0,0,200,0,0,200,0,0,200,0,0,200,0,0,200,0,0,200,0,0,200,0,0,200,0,0,200,0,0,200,0,0,200,0,0,200,0,0,
530, 1,1,1,1,1,1,1,0.995,0.9875,0.84,0.13,0.0075,0.0025,0,0,0,0,0,0,0,1,1,1,1,1,1,1,1,0.985,0.835,0.12,0.015,0,0,0,0,0,0,0,0,200,0,0,200,0,0,200,0,0,200,0,0,200,0,0,200,0,0,200,0,0,200,0,0,200,0,0,200,0,0,200,0,0,200,0,0,200,0,0,200,0,0,200,0,0,200,0,0,191,0,9,191,9,0,148,26,26,148,26,26,136,27,37,136,37,27,182,3,15,182,15,3,200,0,0,200,0,0,200,0,0,200,0,0,200,0,0,200,0,0,200,0,0,200,0,0,200,0,0,200,0,0,200,0,0,200,0,0,200,0,0,200,0,0,200,0,0,200,0,0,
540, 1,1,1,1,1,1,1,1,0.985,0.8675,0.1325,0.01,0,0,0,0,0,0,0,0,1,1,1,1,1,1,1,1,0.985,0.8775,0.145,0.0075,0,0,0,0,0,0,0,0,200,0,0,200,0,0,200,0,0,200,0,0,200,0,0,200,0,0,200,0,0,200,0,0,200,0,0,200,0,0,200,0,0,200,0,0,200,0,0,200,0,0,200,0,0,200,0,0,197,1,2,197,2,1,169,17,14,169,14,17,160,23,17,160,17,23,199,0,1,199,1,0,200,0,0,200,0,0,200,0,0,200,0,0,200,0,0,200,0,0,200,0,0,200,0,0,200,0,0,200,0,0,200,0,0,200,0,0,200,0,0,200,0,0,200,0,0,200,0,0,
550, 1,1,1,1,1,1,1,1,0.975,0.84,0.0825,0.015,0,0,0,0,0,0,0,0,1,1,1,1,1,1,1,1,0.9875,0.835,0.105,0.01,0,0,0,0,0,0,0,0,200,0,0,200,0,0,200,0,0,200,0,0,200,0,0,200,0,0,200,0,0,200,0,0,200,0,0,200,0,0,200,0,0,200,0,0,200,0,0,200,0,0,200,0,0,200,0,0,191,5,4,191,4,5,151,22,27,151,27,22,151,20,29,151,29,20,192,4,4,192,4,4,200,0,0,200,0,0,200,0,0,200,0,0,200,0,0,200,0,0,200,0,0,200,0,0,200,0,0,200,0,0,200,0,0,200,0,0,200,0,0,200,0,0,200,0,0,200,0,0,
560, 1,1,1,1,1,1,1,1,0.9875,0.7675,0.185,0.015,0,0,0,0,0,0,0,0,1,1,1,1,1,1,1,0.9975,0.985,0.77,0.185,0.0175,0,0,0,0,0,0,0,0,200,0,0,200,0,0,200,0,0,200,0,0,200,0,0,200,0,0,200,0,0,200,0,0,200,0,0,200,0,0,200,0,0,200,0,0,200,0,0,200,0,0,200,0,0,200,0,0,188,3,9,188,9,3,136,43,21,136,21,43,149,30,21,149,21,30,195,1,4,195,4,1,200,0,0,200,0,0,200,0,0,200,0,0,200,0,0,200,0,0,200,0,0,200,0,0,200,0,0,200,0,0,200,0,0,200,0,0,200,0,0,200,0,0,200,0,0,200,0,0,
570, 1,1,1,1,1,1,1,1,0.99,0.8775,0.145,0.015,0.005,0,0,0,0,0,0,0,1,1,1,1,1,1,1,1,0.995,0.8675,0.1425,0.01,0.0025,0,0,0,0,0,0,0,200,0,0,200,0,0,200,0,0,200,0,0,200,0,0,200,0,0,200,0,0,200,0,0,200,0,0,200,0,0,200,0,0,200,0,0,200,0,0,200,0,0,200,0,0,200,0,0,199,1,0,199,0,1,159,15,26,159,26,15,149,29,22,149,22,29,186,7,7,186,7,7,200,0,0,200,0,0,200,0,0,200,0,0,200,0,0,200,0,0,200,0,0,200,0,0,200,0,0,200,0,0,200,0,0,200,0,0,200,0,0,200,0,0,200,0,0,200,0,0,
580, 1,1,1,1,1,1,1,1,0.99,0.895,0.085,0.0075,0,0,0,0,0,0,0,0,1,1,1,1,1,1,1,1,0.985,0.8975,0.09,0.0175,0,0,0,0,0,0,0,0,200,0,0,200,0,0,200,0,0,200,0,0,200,0,0,200,0,0,200,0,0,200,0,0,200,0,0,200,0,0,200,0,0,200,0,0,200,0,0,200,0,0,199,0,1,199,1,0,194,0,6,194,6,0,160,15,25,160,25,15,157,25,18,157,18,25,191,2,7,191,7,2,199,0,1,199,1,0,200,0,0,200,0,0,200,0,0,200,0,0,200,0,0,200,0,0,200,0,0,200,0,0,200,0,0,200,0,0,200,0,0,200,0,0,200,0,0,200,0,0,
590, 1,1,1,1,1,1,1,1,0.995,0.8925,0.1925,0.0075,0,0,0,0,0,0,0,0,1,1,1,1,1,1,1,1,0.9925,0.9025,0.1775,0.01,0,0,0,0,0,0,0,0,200,0,0,200,0,0,200,0,0,200,0,0,200,0,0,200,0,0,200,0,0,200,0,0,200,0,0,200,0,0,200,0,0,200,0,0,200,0,0,200,0,0,200,0,0,200,0,0,195,0,5,195,5,0,173,12,15,173,15,12,147,24,29,147,29,24,196,1,3,196,3,1,200,0,0,200,0,0,200,0,0,200,0,0,200,0,0,200,0,0,200,0,0,200,0,0,200,0,0,200,0,0,200,0,0,200,0,0,200,0,0,200,0,0,200,0,0,200,0,0,
600, 1,1,1,1,1,1,1,1,0.995,0.815,0.125,0.0175,0,0,0,0,0,0,0,0,1,1,1,1,1,1,1,1,0.99,0.8425,0.12,0.015,0.0025,0,0,0,0,0,0,0,200,0,0,200,0,0,200,0,0,200,0,0,200,0,0,200,0,0,200,0,0,200,0,0,200,0,0,200,0,0,200,0,0,200,0,0,200,0,0,200,0,0,200,0,0,200,0,0,196,4,0,196,0,4,144,21,35,144,35,21,150,19,31,150,31,19,188,0,12,188,12,0,199,0,1,199,1,0,200,0,0,200,0,0,200,0,0,200,0,0,200,0,0,200,0,0,200,0,0,200,0,0,200,0,0,200,0,0,200,0,0,200,0,0,200,0,0,200,0,0,
610, 1,1,1,1,1,1,1,1,0.9925,0.89,0.0825,0.0025,0,0,0,0,0,0,0,0,1,1,1,1,1,1,1,1,0.995,0.8725,0.105,0.0025,0.0025,0,0,0,0,0,0,0,200,0,0,200,0,0,200,0,0,200,0,0,200,0,0,200,0,0,200,0,0,200,0,0,200,0,0,200,0,0,200,0,0,200,0,0,200,0,0,200,0,0,200,0,0,200,0,0,192,2,6,192,6,2,144,25,31,144,31,25,169,12,19,169,19,12,195,0,5,195,5,0,200,0,0,200,0,0,200,0,0,200,0,0,200,0,0,200,0,0,200,0,0,200,0,0,200,0,0,200,0,0,200,0,0,200,0,0,200,0,0,200,0,0,200,0,0,200,0,0,
620, 1,1,1,1,1,1,1,1,1,0.89,0.1425,0.005,0.005,0,0,0,0,0,0,0,1,1,1,1,1,1,1,1,0.99,0.8725,0.14,0.0175,0.005,0,0,0,0,0,0,0,200,0,0,200,0,0,200,0,0,200,0,0,200,0,0,200,0,0,200,0,0,200,0,0,200,0,0,200,0,0,200,0,0,200,0,0,200,0,0,200,0,0,200,0,0,200,0,0,197,0,3,197,3,0,161,12,27,161,27,12,154,17,29,154,29,17,196,1,3,196,3,1,197,1,2,197,2,1,200,0,0,200,0,0,200,0,0,200,0,0,200,0,0,200,0,0,200,0,0,200,0,0,200,0,0,200,0,0,200,0,0,200,0,0,200,0,0,200,0,0,
630, 1,1,1,1,1,1,1,1,0.995,0.86,0.1275,0.005,0,0,0,0,0,0,0,0,1,1,1,1,1,1,1,1,0.985,0.855,0.14,0.005,0,0,0,0,0,0,0,0,200,0,0,200,0,0,200,0,0,200,0,0,200,0,0,200,0,0,200,0,0,200,0,0,200,0,0,200,0,0,200,0,0,200,0,0,200,0,0,200,0,0,200,0,0,200,0,0,197,1,2,197,2,1,157,25,18,157,18,25,173,13,14,173,14,13,197,1,2,197,2,1,200,0,0,200,0,0,200,0,0,200,0,0,200,0,0,200,0,0,200,0,0,200,0,0,200,0,0,200,0,0,200,0,0,200,0,0,200,0,0,200,0,0,200,0,0,200,0,0,
640, 1,1,1,1,1,1,1,1,0.9975,0.89,0.1425,0.005,0,0,0,0,0,0,0,0,1,1,1,1,1,1,1,1,0.995,0.875,0.1125,0.0075,0,0,0,0,0,0,0,0,200,0,0,200,0,0,200,0,0,200,0,0,200,0,0,200,0,0,200,0,0,200,0,0,200,0,0,200,0,0,200,0,0,200,0,0,200,0,0,200,0,0,200,0,0,200,0,0,195,0,5,195,5,0,164,15,21,164,21,15,163,21,16,163,16,21,194,1,5,194,5,1,200,0,0,200,0,0,200,0,0,200,0,0,200,0,0,200,0,0,200,0,0,200,0,0,200,0,0,200,0,0,200,0,0,200,0,0,200,0,0,200,0,0,200,0,0,200,0,0,
650, 1,1,1,1,1,1,1,1,0.98,0.765,0.1375,0.0025,0.0025,0,0,0,0,0,0,0,1,1,1,1,1,1,1,1,0.98,0.7475,0.1275,0.0075,0,0,0,0,0,0,0,0,200,0,0,200,0,0,200,0,0,200,0,0,200,0,0,200,0,0,200,0,0,200,0,0,200,0,0,200,0,0,200,0,0,200,0,0,200,0,0,200,0,0,199,0,1,199,1,0,194,1,5,194,5,1,116,39,45,116,45,39,153,21,26,153,26,21,195,0,5,195,5,0,199,0,1,199,1,0,200,0,0,200,0,0,200,0,0,200,0,0,200,0,0,200,0,0,200,0,0,200,0,0,200,0,0,200,0,0,200,0,0,200,0,0,200,0,0,200,0,0,
660, 1,1,1,1,1,1,1,0.995,0.9825,0.915,0.1475,0.0125,0,0,0,0,0,0,0,0,1,1,1,1,1,1,1,1,0.99,0.9,0.155,0.0125,0,0,0,0,0,0,0,0,200,0,0,200,0,0,200,0,0,200,0,0,200,0,0,200,0,0,200,0,0,200,0,0,200,0,0,200,0,0,200,0,0,200,0,0,200,0,0,200,0,0,199,0,1,199,1,0,187,6,7,187,7,6,156,15,29,156,29,15,137,44,19,137,19,44,197,0,3,197,3,0,200,0,0,200,0,0,200,0,0,200,0,0,200,0,0,200,0,0,200,0,0,200,0,0,200,0,0,200,0,0,200,0,0,200,0,0,200,0,0,200,0,0,200,0,0,200,0,0,
670, 1,1,1,1,1,1,1,1,0.995,0.865,0.1475,0.0075,0,0,0,0,0,0,0,0,1,1,1,1,1,1,1,1,0.9925,0.88,0.135,0.0075,0,0,0,0,0,0,0,0,200,0,0,200,0,0,200,0,0,200,0,0,200,0,0,200,0,0,200,0,0,200,0,0,200,0,0,200,0,0,200,0,0,200,0,0,200,0,0,200,0,0,199,1,0,199,0,1,192,6,2,192,2,6,160,20,20,160,20,20,160,17,23,160,23,17,198,0,2,198,2,0,200,0,0,200,0,0,200,0,0,200,0,0,200,0,0,200,0,0,200,0,0,200,0,0,200,0,0,200,0,0,200,0,0,200,0,0,200,0,0,200,0,0,200,0,0,200,0,0,
680, 1,1,1,1,1,1,1,1,0.99,0.8625,0.1275,0.0075,0,0,0,0,0,0,0,0,1,1,1,1,1,1,1,1,0.9875,0.845,0.1025,0.015,0,0,0,0,0,0,0,0,200,0,0,200,0,0,200,0,0,200,0,0,200,0,0,200,0,0,200,0,0,200,0,0,200,0,0,200,0,0,200,0,0,200,0,0,200,0,0,200,0,0,200,0,0,200,0,0,197,1,2,197,2,1,144,29,27,144,27,29,167,12,21,167,21,12,197,1,2,197,2,1,200,0,0,200,0,0,200,0,0,200,0,0,200,0,0,200,0,0,200,0,0,200,0,0,200,0,0,200,0,0,200,0,0,200,0,0,200,0,0,200,0,0,200,0,0,200,0,0,
690, 1,1,1,1,1,1,1,1,0.985,0.82,0.0725,0.005,0,0,0,0,0,0,0,0,1,1,1,1,1,1,1,1,0.9775,0.8375,0.08,0.0025,0,0,0,0,0,0,0,0,200,0,0,200,0,0,200,0,0,200,0,0,200,0,0,200,0,0,200,0,0,200,0,0,200,0,0,200,0,0,200,0,0,200,0,0,200,0,0,200,0,0,199,0,1,199,1,0,189,3,8,189,8,3,151,30,19,151,19,30,175,13,12,175,12,13,196,1,3,196,3,1,200,0,0,200,0,0,200,0,0,200,0,0,200,0,0,200,0,0,200,0,0,200,0,0,200,0,0,200,0,0,200,0,0,200,0,0,200,0,0,200,0,0,200,0,0,200,0,0,
700, 1,1,1,1,1,1,1,1,0.99,0.82,0.11,0,0,0,0,0,0,0,0,0,1,1,1,1,1,1,1,1,0.98,0.8125,0.1,0.0025,0,0,0,0,0,0,0,0,200,0,0,200,0,0,200,0,0,200,0,0,200,0,0,200,0,0,200,0,0,200,0,0,200,0,0,200,0,0,200,0,0,200,0,0,200,0,0,200,0,0,200,0,0,200,0,0,192,2,6,192,6,2,137,29,34,137,34,29,165,17,18,165,18,17,195,0,5,195,5,0,200,0,0,200,0,0,200,0,0,200,0,0,200,0,0,200,0,0,200,0,0,200,0,0,200,0,0,200,0,0,200,0,0,200,0,0,200,0,0,200,0,0,200,0,0,200,0,0,
710, 1,1,1,1,1,1,1,0.9975,0.995,0.9,0.2075,0.0075,0,0,0,0,0,0,0,0,1,1,1,1,1,1,1,0.9975,0.99,0.9225,0.195,0.0025,0.0025,0,0,0,0,0,0,0,200,0,0,200,0,0,200,0,0,200,0,0,200,0,0,200,0,0,200,0,0,200,0,0,200,0,0,200,0,0,200,0,0,200,0,0,200,0,0,200,0,0,198,0,2,198,2,0,196,3,1,196,1,3,157,16,27,157,27,16,137,40,23,137,23,40,196,1,3,196,3,1,199,0,1,199,1,0,200,0,0,200,0,0,200,0,0,200,0,0,200,0,0,200,0,0,200,0,0,200,0,0,200,0,0,200,0,0,200,0,0,200,0,0,200,0,0,200,0,0,
720, 1,1,1,1,1,1,1,0.9975,0.9925,0.845,0.0875,0.005,0,0,0,0,0,0,0,0,1,1,1,1,1,1,1,1,0.995,0.865,0.1025,0.0075,0,0,0,0,0,0,0,0,200,0,0,200,0,0,200,0,0,200,0,0,200,0,0,200,0,0,200,0,0,200,0,0,200,0,0,200,0,0,200,0,0,200,0,0,200,0,0,200,0,0,199,0,1,199,1,0,195,2,3,195,3,2,149,24,27,149,27,24,157,14,29,157,29,14,194,0,6,194,6,0,200,0,0,200,0,0,200,0,0,200,0,0,200,0,0,200,0,0,200,0,0,200,0,0,200,0,0,200,0,0,200,0,0,200,0,0,200,0,0,200,0,0,200,0,0,200,0,0,
730, 1,1,1,1,1,1,1,0.995,0.985,0.845,0.1125,0.0125,0,0,0,0,0,0,0,0,1,1,1,1,1,1,1,0.9975,0.9825,0.8475,0.1175,0.0125,0.0025,0,0,0,0,0,0,0,200,0,0,200,0,0,200,0,0,200,0,0,200,0,0,200,0,0,200,0,0,200,0,0,200,0,0,200,0,0,200,0,0,200,0,0,200,0,0,200,0,0,199,1,0,199,0,1,195,1,4,195,4,1,152,23,25,152,25,23,152,23,25,152,25,23,195,1,4,195,4,1,198,0,2,198,2,0,200,0,0,200,0,0,200,0,0,200,0,0,200,0,0,200,0,0,200,0,0,200,0,0,200,0,0,200,0,0,200,0,0,200,0,0,200,0,0,200,0,0,
740, 1,1,1,1,1,1,1,1,0.985,0.8675,0.1,0.0025,0,0,0,0,0,0,0,0,1,1,1,1,1,1,1,1,0.98,0.845,0.0825,0.0075,0,0,0,0,0,0,0,0,200,0,0,200,0,0,200,0,0,200,0,0,200,0,0,200,0,0,200,0,0,200,0,0,200,0,0,200,0,0,200,0,0,200,0,0,200,0,0,200,0,0,200,0,0,200,0,0,192,5,3,192,3,5,153,26,21,153,21,26,154,24,22,154,22,24,197,1,2,197,2,1,200,0,0,200,0,0,200,0,0,200,0,0,200,0,0,200,0,0,200,0,0,200,0,0,200,0,0,200,0,0,200,0,0,200,0,0,200,0,0,200,0,0,200,0,0,200,0,0,
750, 1,1,1,1,1,1,1,1,0.995,0.8625,0.1375,0.015,0,0,0,0,0,0,0,0,1,1,1,1,1,1,1,1,0.9925,0.86,0.15,0.0175,0,0,0,0,0,0,0,0,200,0,0,200,0,0,200,0,0,200,0,0,200,0,0,200,0,0,200,0,0,200,0,0,200,0,0,200,0,0,200,0,0,200,0,0,200,0,0,200,0,0,200,0,0,200,0,0,196,2,2,196,2,2,149,30,21,149,21,30,144,32,24,144,24,32,189,4,7,189,7,4,200,0,0,200,0,0,200,0,0,200,0,0,200,0,0,200,0,0,200,0,0,200,0,0,200,0,0,200,0,0,200,0,0,200,0,0,200,0,0,200,0,0,200,0,0,200,0,0,
760, 1,1,1,1,1,1,1,0.9975,0.98,0.88,0.135,0.0175,0.0025,0,0,0,0,0,0,0,1,1,1,1,1,1,1,1,0.9775,0.87,0.1525,0.0125,0,0,0,0,0,0,0,0,200,0,0,200,0,0,200,0,0,200,0,0,200,0,0,200,0,0,200,0,0,200,0,0,200,0,0,200,0,0,200,0,0,200,0,0,200,0,0,200,0,0,198,0,2,198,2,0,189,3,8,189,8,3,151,25,24,151,24,25,140,25,35,140,35,25,191,2,7,191,7,2,200,0,0,200,0,0,200,0,0,200,0,0,200,0,0,200,0,0,200,0,0,200,0,0,200,0,0,200,0,0,200,0,0,200,0,0,200,0,0,200,0,0,200,0,0,200,0,0,
770, 1,1,1,1,1,1,1,1,0.995,0.8575,0.1075,0.0075,0,0,0,0,0,0,0,0,1,1,1,1,1,1,1,1,0.9975,0.8625,0.1375,0.015,0,0,0,0,0,0,0,0,200,0,0,200,0,0,200,0,0,200,0,0,200,0,0,200,0,0,200,0,0,200,0,0,200,0,0,200,0,0,200,0,0,200,0,0,200,0,0,200,0,0,200,0,0,200,0,0,197,2,1,197,1,2,159,23,18,159,18,23,159,17,24,159,24,17,196,0,4,196,4,0,200,0,0,200,0,0,200,0,0,200,0,0,200,0,0,200,0,0,200,0,0,200,0,0,200,0,0,200,0,0,200,0,0,200,0,0,200,0,0,200,0,0,200,0,0,200,0,0,
780, 1,1,1,1,1,1,1,1,0.99,0.8675,0.11,0.02,0,0,0,0,0,0,0,0,1,1,1,1,1,1,1,1,0.9975,0.85,0.105,0.02,0,0,0,0,0,0,0,0,200,0,0,200,0,0,200,0,0,200,0,0,200,0,0,200,0,0,200,0,0,200,0,0,200,0,0,200,0,0,200,0,0,200,0,0,200,0,0,200,0,0,200,0,0,200,0,0,199,0,1,199,1,0,153,23,24,153,24,23,156,29,15,156,15,29,192,2,6,192,6,2,200,0,0,200,0,0,200,0,0,200,0,0,200,0,0,200,0,0,200,0,0,200,0,0,200,0,0,200,0,0,200,0,0,200,0,0,200,0,0,200,0,0,200,0,0,200,0,0,
790, 1,1,1,1,1,1,1,1,0.985,0.845,0.1,0.0125,0.0025,0,0,0,0,0,0,0,1,1,1,1,1,1,1,1,0.995,0.85,0.105,0.0125,0,0,0,0,0,0,0,0,200,0,0,200,0,0,200,0,0,200,0,0,200,0,0,200,0,0,200,0,0,200,0,0,200,0,0,200,0,0,200,0,0,200,0,0,200,0,0,200,0,0,200,0,0,200,0,0,196,2,2,196,2,2,137,36,27,137,27,36,161,23,16,161,16,23,195,4,1,195,1,4,199,0,1,199,1,0,200,0,0,200,0,0,200,0,0,200,0,0,200,0,0,200,0,0,200,0,0,200,0,0,200,0,0,200,0,0,200,0,0,200,0,0,200,0,0,200,0,0,
800, 1,1,1,1,1,1,1,1,0.9925,0.86,0.15,0.015,0,0,0,0,0,0,0,0,1,1,1,1,1,1,1,1,0.995,0.87,0.145,0.015,0,0,0,0,0,0,0,0,200,0,0,200,0,0,200,0,0,200,0,0,200,0,0,200,0,0,200,0,0,200,0,0,200,0,0,200,0,0,200,0,0,200,0,0,200,0,0,200,0,0,200,0,0,200,0,0,197,1,2,197,2,1,148,22,30,148,30,22,151,37,12,151,12,37,191,4,5,191,5,4,200,0,0,200,0,0,200,0,0,200,0,0,200,0,0,200,0,0,200,0,0,200,0,0,200,0,0,200,0,0,200,0,0,200,0,0,200,0,0,200,0,0,200,0,0,200,0,0,
810, 1,1,1,1,1,1,1,1,0.9975,0.8625,0.0925,0.0075,0,0,0,0,0,0,0,0,1,1,1,1,1,1,0.995,1,1,0.87,0.1125,0.005,0,0,0,0,0,0,0,0,200,0,0,200,0,0,200,0,0,200,0,0,200,0,0,200,0,0,200,0,0,200,0,0,200,0,0,200,0,0,200,0,0,200,0,0,200,0,0,200,0,0,199,0,1,199,1,0,195,0,5,195,5,0,161,20,19,161,19,20,173,12,15,173,15,12,194,2,4,194,4,2,200,0,0,200,0,0,200,0,0,200,0,0,200,0,0,200,0,0,200,0,0,200,0,0,200,0,0,200,0,0,200,0,0,200,0,0,200,0,0,200,0,0,200,0,0,200,0,0,
820, 1,1,1,1,1,1,1,1,0.9975,0.8775,0.115,0,0,0,0,0,0,0,0,0,1,1,1,1,1,1,1,1,0.995,0.885,0.1175,0,0,0,0,0,0,0,0,0,200,0,0,200,0,0,200,0,0,200,0,0,200,0,0,200,0,0,200,0,0,200,0,0,200,0,0,200,0,0,200,0,0,200,0,0,200,0,0,200,0,0,200,0,0,200,0,0,195,0,5,195,5,0,167,19,14,167,14,19,164,23,13,164,13,23,198,0,2,198,2,0,200,0,0,200,0,0,200,0,0,200,0,0,200,0,0,200,0,0,200,0,0,200,0,0,200,0,0,200,0,0,200,0,0,200,0,0,200,0,0,200,0,0,200,0,0,200,0,0,
830, 1,1,1,1,1,1,1,1,0.995,0.8325,0.2,0.005,0,0,0,0,0,0,0,0,1,1,1,1,1,1,1,1,0.995,0.8275,0.2125,0.005,0,0,0,0,0,0,0,0,200,0,0,200,0,0,200,0,0,200,0,0,200,0,0,200,0,0,200,0,0,200,0,0,200,0,0,200,0,0,200,0,0,200,0,0,200,0,0,200,0,0,200,0,0,200,0,0,199,0,1,199,1,0,145,24,31,145,31,24,135,37,28,135,28,37,199,0,1,199,1,0,200,0,0,200,0,0,200,0,0,200,0,0,200,0,0,200,0,0,200,0,0,200,0,0,200,0,0,200,0,0,200,0,0,200,0,0,200,0,0,200,0,0,200,0,0,200,0,0,
840, 1,1,1,1,1,1,1,1,0.995,0.8525,0.115,0.0225,0.0075,0,0,0,0,0,0,0,1,1,1,1,1,1,1,1,1,0.84,0.1525,0.035,0.0125,0,0,0,0,0,0,0,200,0,0,200,0,0,200,0,0,200,0,0,200,0,0,200,0,0,200,0,0,200,0,0,200,0,0,200,0,0,200,0,0,200,0,0,200,0,0,200,0,0,200,0,0,200,0,0,195,1,4,195,4,1,147,30,23,147,23,30,132,28,40,132,40,28,186,5,9,186,9,5,199,0,1,199,1,0,200,0,0,200,0,0,200,0,0,200,0,0,200,0,0,200,0,0,200,0,0,200,0,0,200,0,0,200,0,0,200,0,0,200,0,0,200,0,0,200,0,0,
850, 1,1,1,1,1,1,1,1,0.9875,0.875,0.125,0.0125,0,0,0,0,0,0,0,0,1,1,1,1,1,1,1,1,1,0.84,0.14,0.0075,0.0025,0,0,0,0,0,0,0,200,0,0,200,0,0,200,0,0,200,0,0,200,0,0,200,0,0,200,0,0,200,0,0,200,0,0,200,0,0,200,0,0,200,0,0,200,0,0,200,0,0,200,0,0,200,0,0,194,2,4,194,4,2,149,31,20,149,20,31,148,21,31,148,31,21,192,1,7,192,7,1,199,0,1,199,1,0,200,0,0,200,0,0,200,0,0,200,0,0,200,0,0,200,0,0,200,0,0,200,0,0,200,0,0,200,0,0,200,0,0,200,0,0,200,0,0,200,0,0,
860, 1,1,1,1,1,1,1,1,0.995,0.9,0.13,0.0075,0,0,0,0,0,0,0,0,1,1,1,1,1,1,1,1,1,0.885,0.125,0.01,0,0,0,0,0,0,0,0,200,0,0,200,0,0,200,0,0,200,0,0,200,0,0,200,0,0,200,0,0,200,0,0,200,0,0,200,0,0,200,0,0,200,0,0,200,0,0,200,0,0,200,0,0,200,0,0,199,1,0,199,0,1,156,25,19,156,19,25,154,25,21,154,21,25,196,0,4,196,4,0,199,0,1,199,1,0,200,0,0,200,0,0,200,0,0,200,0,0,200,0,0,200,0,0,200,0,0,200,0,0,200,0,0,200,0,0,200,0,0,200,0,0,200,0,0,200,0,0,
870, 1,1,1,1,1,1,1,1,0.98,0.8825,0.095,0,0,0,0,0,0,0,0,0,1,1,1,1,1,1,1,0.995,0.9725,0.885,0.0875,0.0025,0,0,0,0,0,0,0,0,200,0,0,200,0,0,200,0,0,200,0,0,200,0,0,200,0,0,200,0,0,200,0,0,200,0,0,200,0,0,200,0,0,200,0,0,200,0,0,200,0,0,198,1,1,198,1,1,196,1,3,196,3,1,149,23,28,149,28,23,162,16,22,162,22,16,198,0,2,198,2,0,200,0,0,200,0,0,200,0,0,200,0,0,200,0,0,200,0,0,200,0,0,200,0,0,200,0,0,200,0,0,200,0,0,200,0,0,200,0,0,200,0,0,200,0,0,200,0,0,
880, 1,1,1,1,1,1,1,1,0.9925,0.86,0.105,0.0075,0,0,0,0,0,0,0,0,1,1,1,1,1,1,1,1,0.995,0.845,0.1025,0.0125,0.0025,0,0,0,0,0,0,0,200,0,0,200,0,0,200,0,0,200,0,0,200,0,0,200,0,0,200,0,0,200,0,0,200,0,0,200,0,0,200,0,0,200,0,0,200,0,0,200,0,0,200,0,0,200,0,0,196,1,3,196,3,1,143,26,31,143,31,26,172,10,18,172,18,10,195,1,4,195,4,1,198,0,2,198,2,0,200,0,0,200,0,0,200,0,0,200,0,0,200,0,0,200,0,0,200,0,0,200,0,0,200,0,0,200,0,0,200,0,0,200,0,0,200,0,0,200,0,0,
890, 1,1,1,1,1,1,1,1,0.98,0.915,0.1125,0.0275,0,0,0,0,0,0,0,0,1,1,1,1,1,1,1,1,0.9925,0.915,0.11,0.0225,0,0,0,0,0,0,0,0,200,0,0,200,0,0,200,0,0,200,0,0,200,0,0,200,0,0,200,0,0,200,0,0,200,0,0,200,0,0,200,0,0,200,0,0,200,0,0,200,0,0,200,0,0,200,0,0,186,2,12,186,12,2,161,17,22,161,22,17,146,26,28,146,28,26,187,5,8,187,8,5,200,0,0,200,0,0,200,0,0,200,0,0,200,0,0,200,0,0,200,0,0,200,0,0,200,0,0,200,0,0,200,0,0,200,0,0,200,0,0,200,0,0,200,0,0,200,0,0,
900, 1,1,1,1,1,1,1,1,0.985,0.89,0.1,0.015,0,0,0,0,0,0,0,0,1,1,1,1,1,1,1,1,0.985,0.885,0.11,0.0175,0.0025,0,0,0,0,0,0,0,200,0,0,200,0,0,200,0,0,200,0,0,200,0,0,200,0,0,200,0,0,200,0,0,200,0,0,200,0,0,200,0,0,200,0,0,200,0,0,200,0,0,200,0,0,200,0,0,197,1,2,197,2,1,175,14,11,175,11,14,162,23,15,162,15,23,193,3,4,193,4,3,199,1,0,199,0,1,200,0,0,200,0,0,200,0,0,200,0,0,200,0,0,200,0,0,200,0,0,200,0,0,200,0,0,200,0,0,200,0,0,200,0,0,200,0,0,200,0,0,
910, 1,1,1,1,1,1,1,1,0.995,0.8775,0.105,0.02,0,0,0,0,0,0,0,0,1,1,1,1,1,1,1,1,0.995,0.8825,0.12,0.02,0,0,0,0,0,0,0,0,200,0,0,200,0,0,200,0,0,200,0,0,200,0,0,200,0,0,200,0,0,200,0,0,200,0,0,200,0,0,200,0,0,200,0,0,200,0,0,200,0,0,200,0,0,200,0,0,198,1,1,198,1,1,160,18,22,160,22,18,155,19,26,155,26,19,196,2,2,196,2,2,200,0,0,200,0,0,200,0,0,200,0,0,200,0,0,200,0,0,200,0,0,200,0,0,200,0,0,200,0,0,200,0,0,200,0,0,200,0,0,200,0,0,200,0,0,200,0,0,
920, 1,1,1,1,1,1,1,0.9975,0.9925,0.88,0.1475,0.0075,0,0,0,0,0,0,0,0,1,1,1,1,1,1,1,1,0.995,0.8875,0.16,0.0025,0,0,0,0,0,0,0,0,200,0,0,200,0,0,200,0,0,200,0,0,200,0,0,200,0,0,200,0,0,200,0,0,200,0,0,200,0,0,200,0,0,200,0,0,200,0,0,200,0,0,199,0,1,199,1,0,197,1,2,197,2,1,164,19,17,164,17,19,154,22,24,154,24,22,197,1,2,197,2,1,199,0,1,199,1,0,200,0,0,200,0,0,200,0,0,200,0,0,200,0,0,200,0,0,200,0,0,200,0,0,200,0,0,200,0,0,200,0,0,200,0,0,200,0,0,200,0,0,
930, 1,1,1,1,1,1,1,1,0.99,0.905,0.155,0.0175,0,0,0,0,0,0,0,0,1,1,1,1,1,1,1,1,0.9925,0.885,0.1675,0.01,0,0,0,0,0,0,0,0,200,0,0,200,0,0,200,0,0,200,0,0,200,0,0,200,0,0,200,0,0,200,0,0,200,0,0,200,0,0,200,0,0,200,0,0,200,0,0,200,0,0,199,0,1,199,1,0,192,2,6,192,6,2,174,10,16,174,16,10,141,27,32,141,32,27,191,2,7,191,7,2,200,0,0,200,0,0,200,0,0,200,0,0,200,0,0,200,0,0,200,0,0,200,0,0,200,0,0,200,0,0,200,0,0,200,0,0,200,0,0,200,0,0,200,0,0,200,0,0,
940, 1,1,1,1,1,1,1,1,0.995,0.865,0.125,0.01,0,0,0,0,0,0,0,0,1,1,1,1,1,1,1,0.9975,0.9825,0.865,0.115,0.005,0,0,0,0,0,0,0,0,200,0,0,200,0,0,200,0,0,200,0,0,200,0,0,200,0,0,200,0,0,200,0,0,200,0,0,200,0,0,200,0,0,200,0,0,200,0,0,200,0,0,200,0,0,200,0,0,193,1,6,193,6,1,155,17,28,155,28,17,168,11,21,168,21,11,192,1,7,192,7,1,200,0,0,200,0,0,200,0,0,200,0,0,200,0,0,200,0,0,200,0,0,200,0,0,200,0,0,200,0,0,200,0,0,200,0,0,200,0,0,200,0,0,200,0,0,200,0,0,
950, 1,1,1,1,1,1,1,1,0.9825,0.8775,0.1225,0.005,0,0,0,0,0,0,0,0,1,1,1,1,1,1,1,1,0.9825,0.87,0.1175,0.0075,0,0,0,0,0,0,0,0,200,0,0,200,0,0,200,0,0,200,0,0,200,0,0,200,0,0,200,0,0,200,0,0,200,0,0,200,0,0,200,0,0,200,0,0,200,0,0,200,0,0,200,0,0,200,0,0,192,2,6,192,6,2,146,32,22,146,22,32,150,17,33,150,33,17,193,2,5,193,5,2,200,0,0,200,0,0,200,0,0,200,0,0,200,0,0,200,0,0,200,0,0,200,0,0,200,0,0,200,0,0,200,0,0,200,0,0,200,0,0,200,0,0,200,0,0,200,0,0,
960, 1,1,1,1,1,1,1,1,0.9875,0.8525,0.1325,0.005,0.0025,0,0,0,0,0,0,0,1,1,1,1,1,1,1,1,0.9875,0.875,0.1275,0.005,0,0,0,0,0,0,0,0,200,0,0,200,0,0,200,0,0,200,0,0,200,0,0,200,0,0,200,0,0,200,0,0,200,0,0,200,0,0,200,0,0,200,0,0,200,0,0,200,0,0,200,0,0,200,0,0,195,2,3,195,3,2,164,19,17,164,17,19,151,28,21,151,21,28,196,2,2,196,2,2,200,0,0,200,0,0,200,0,0,200,0,0,200,0,0,200,0,0,200,0,0,200,0,0,200,0,0,200,0,0,200,0,0,200,0,0,200,0,0,200,0,0,200,0,0,200,0,0,
970, 1,1,1,1,1,1,1,1,0.9975,0.88,0.1275,0.0125,0,0,0,0,0,0,0,0,1,1,1,1,1,1,1,1,1,0.8875,0.14,0.0125,0,0,0,0,0,0,0,0,200,0,0,200,0,0,200,0,0,200,0,0,200,0,0,200,0,0,200,0,0,200,0,0,200,0,0,200,0,0,200,0,0,200,0,0,200,0,0,200,0,0,200,0,0,200,0,0,196,0,4,196,4,0,162,17,21,162,21,17,124,34,42,124,42,34,193,1,6,193,6,1,200,0,0,200,0,0,200,0,0,200,0,0,200,0,0,200,0,0,200,0,0,200,0,0,200,0,0,200,0,0,200,0,0,200,0,0,200,0,0,200,0,0,200,0,0,200,0,0,
980, 1,1,1,1,1,1,1,1,0.99,0.8725,0.13,0.005,0.0075,0,0,0,0,0,0,0,1,1,1,1,1,1,1,1,0.99,0.9,0.1275,0.0075,0,0,0,0,0,0,0,0,200,0,0,200,0,0,200,0,0,200,0,0,200,0,0,200,0,0,200,0,0,200,0,0,200,0,0,200,0,0,200,0,0,200,0,0,200,0,0,200,0,0,200,0,0,200,0,0,190,3,7,190,7,3,154,18,28,154,28,18,174,13,13,174,13,13,195,0,5,195,5,0,199,0,1,199,1,0,200,0,0,200,0,0,200,0,0,200,0,0,200,0,0,200,0,0,200,0,0,200,0,0,200,0,0,200,0,0,200,0,0,200,0,0,200,0,0,200,0,0,
990, 1,1,1,1,1,1,1,1,1,0.8925,0.175,0.02,0,0,0,0,0,0,0,0,1,1,1,1,1,1,1,1,0.995,0.875,0.1525,0.0125,0,0,0,0,0,0,0,0,200,0,0,200,0,0,200,0,0,200,0,0,200,0,0,200,0,0,200,0,0,200,0,0,200,0,0,200,0,0,200,0,0,200,0,0,200,0,0,200,0,0,200,0,0,200,0,0,196,0,4,196,4,0,149,21,30,149,30,21,126,25,49,126,49,25,193,3,4,193,4,3,200,0,0,200,0,0,200,0,0,200,0,0,200,0,0,200,0,0,200,0,0,200,0,0,200,0,0,200,0,0,200,0,0,200,0,0,200,0,0,200,0,0,200,0,0,200,0,0,
