gen, d0l0, d1l0, d2l0, d3l0, d4l0, d5l0, d6l0, d7l0, d0l1, d1l1, d2l1, d3l1, d4l1, d5l1, d6l1, d7l1, d0W1, d0W0.449329, d0W0.45578, d0W1, d0W0.45578, d0W0.449329, d1W1, d1W0.449329, d1W0.45578, d1W1, d1W0.45578, d1W0.449329, d2W1, d2W0.449329, d2W0.45578, d2W1, d2W0.45578, d2W0.449329, d3W1, d3W0.449329, d3W0.45578, d3W1, d3W0.45578, d3W0.449329, d4W1, d4W0.449329, d4W0.45578, d4W1, d4W0.45578, d4W0.449329, d5W1, d5W0.449329, d5W0.45578, d5W1, d5W0.45578, d5W0.449329, d6W1, d6W0.449329, d6W0.45578, d6W1, d6W0.45578, d6W0.449329, d7W1, d7W0.449329, d7W0.45578, d7W1, d7W0.45578, d7W0.449329, 
0, 1,0.9975,0.9925,0.875,0.145,0.015,0.0025,0.0025,1,0.9975,0.99,0.8875,0.135,0.02,0,0,200,0,0,200,0,0,200,0,0,200,0,0,195,4,1,195,1,4,142,33,25,142,25,33,159,25,16,159,16,25,191,3,6,191,6,3,199,0,1,199,1,0,200,0,0,200,0,0,
10, 1,1,0.99,0.8075,0.075,0.0125,0,0,1,1,0.99,0.805,0.08,0.01,0.0025,0,200,0,0,200,0,0,200,0,0,200,0,0,197,1,2,197,2,1,167,23,10,167,10,23,158,23,19,158,19,23,191,2,7,191,7,2,199,1,0,199,0,1,200,0,0,200,0,0,
20, 1,1,0.9975,0.8725,0.1075,0.0075,0,0,1,1,0.9925,0.8775,0.1225,0.005,0,0,200,0,0,200,0,0,200,0,0,200,0,0,197,0,3,197,3,0,161,19,20,161,20,19,169,18,13,169,13,18,194,2,4,194,4,2,200,0,0,200,0,0,200,0,0,200,0,0,
30, 1,1,0.99,0.82,0.1075,0,0,0,1,1,0.9925,0.825,0.1025,0,0,0,200,0,0,200,0,0,200,0,0,200,0,0,195,1,4,195,4,1,147,30,23,147,23,30,163,16,21,163,21,16,194,0,6,194,6,0,200,0,0,200,0,0,200,0,0,200,0,0,
40, 1,1,0.9975,0.9075,0.1025,0.01,0.0025,0,1,1,0.9925,0.9125,0.095,0.01,0,0,200,0,0,200,0,0,200,0,0,200,0,0,194,0,6,194,6,0,155,10,35,155,35,10,152,16,32,152,32,16,191,2,7,191,7,2,200,0,0,200,0,0,200,0,0,200,0,0,
50, 1,1,0.9875,0.85,0.13,0.0075,0,0,1,1,0.99,0.8575,0.1375,0.005,0,0,200,0,0,200,0,0,200,0,0,200,0,0,199,1,0,199,0,1,158,11,31,158,31,11,179,14,7,179,7,14,195,1,4,195,4,1,200,0,0,200,0,0,200,0,0,200,0,0,
60, 1,1,0.9925,0.905,0.17,0.0125,0,0,1,1,0.995,0.9025,0.1825,0.0125,0,0,200,0,0,200,0,0,200,0,0,200,0,0,197,1,2,197,2,1,183,5,12,183,12,5,162,17,21,162,21,17,193,2,5,193,5,2,199,0,1,199,1,0,200,0,0,200,0,0,
70, 1,1,0.9875,0.7875,0.175,0.005,0,0,1,1,0.9875,0.81,0.17,0.0075,0,0,200,0,0,200,0,0,200,0,0,200,0,0,198,0,2,198,2,0,146,28,26,146,26,28,167,20,13,167,13,20,197,0,3,197,3,0,200,0,0,200,0,0,200,0,0,200,0,0,
80, 1,1,1,0.86,0.11,0.005,0.0025,0,1,1,0.9975,0.84,0.11,0.0025,0.0025,0,200,0,0,200,0,0,200,0,0,200,0,0,196,1,3,196,3,1,160,20,20,160,20,20,159,19,22,159,22,19,190,4,6,190,6,4,200,0,0,200,0,0,200,0,0,200,0,0,
90, 1,0.9925,0.99,0.8875,0.185,0.0175,0.0025,0,1,1,0.9875,0.875,0.175,0.01,0.0025,0,200,0,0,200,0,0,199,0,1,199,1,0,198,2,0,198,0,2,161,20,19,161,19,20,149,27,24,149,24,27,193,2,5,193,5,2,199,0,1,199,1,0,200,0,0,200,0,0,
100, 1,1,0.9925,0.83,0.16,0.0075,0,0,1,1,0.99,0.8475,0.1525,0.0075,0,0,200,0,0,200,0,0,200,0,0,200,0,0,198,1,1,198,1,1,173,15,12,173,12,15,163,18,19,163,19,18,193,2,5,193,5,2,199,0,1,199,1,0,200,0,0,200,0,0,
110, 1,1,0.995,0.9025,0.1775,0.0125,0,0,1,1,0.9975,0.9,0.17,0.01,0.0025,0,200,0,0,200,0,0,200,0,0,200,0,0,197,1,2,197,2,1,160,14,26,160,26,14,169,15,16,169,16,15,197,3,0,197,0,3,199,0,1,199,1,0,200,0,0,200,0,0,
120, 1,0.9975,0.9875,0.865,0.1425,0.0075,0,0,1,1,0.99,0.895,0.1425,0.005,0,0,200,0,0,200,0,0,199,0,1,199,1,0,197,0,3,197,3,0,153,23,24,153,24,23,167,23,10,167,10,23,197,1,2,197,2,1,200,0,0,200,0,0,200,0,0,200,0,0,
130, 1,1,0.9925,0.88,0.1125,0.01,0,0,1,1,0.9925,0.875,0.105,0.01,0,0,200,0,0,200,0,0,200,0,0,200,0,0,192,2,6,192,6,2,171,12,17,171,17,12,169,18,13,169,13,18,200,0,0,200,0,0,200,0,0,200,0,0,200,0,0,200,0,0,
140, 1,1,0.9825,0.8675,0.1075,0.015,0,0,1,1,0.9825,0.8575,0.1125,0.015,0,0,200,0,0,200,0,0,200,0,0,200,0,0,194,2,4,194,4,2,164,20,16,164,16,20,141,34,25,141,25,34,194,2,4,194,4,2,199,0,1,199,1,0,200,0,0,200,0,0,
150, 1,1,0.975,0.9175,0.205,0.0175,0,0,1,1,0.9825,0.9,0.215,0.025,0,0,200,0,0,200,0,0,200,0,0,200,0,0,194,2,4,194,4,2,161,26,13,161,13,26,152,31,17,152,17,31,196,1,3,196,3,1,200,0,0,200,0,0,200,0,0,200,0,0,
160, 1,1,0.985,0.855,0.1075,0.005,0,0,1,1,0.9875,0.8625,0.105,0.0025,0,0,200,0,0,200,0,0,200,0,0,200,0,0,195,0,5,195,5,0,163,17,20,163,20,17,161,18,21,161,21,18,195,1,4,195,4,1,200,0,0,200,0,0,200,0,0,200,0,0,
170, 1,1,0.99,0.9175,0.1475,0.0075,0,0,1,0.9975,0.995,0.9025,0.13,0.0125,0,0,200,0,0,200,0,0,200,0,0,200,0,0,194,3,3,194,3,3,163,19,18,163,18,19,167,16,17,167,17,16,197,2,1,197,1,2,200,0,0,200,0,0,200,0,0,200,0,0,
180, 1,1,0.9975,0.8725,0.1,0.0075,0,0,1,1,1,0.88,0.0975,0.0075,0,0,200,0,0,200,0,0,200,0,0,200,0,0,197,1,2,197,2,1,174,10,16,174,16,10,160,21,19,160,19,21,194,2,4,194,4,2,200,0,0,200,0,0,200,0,0,200,0,0,
190, 1,1,0.995,0.89,0.1675,0.005,0,0,1,0.9975,0.9775,0.8925,0.195,0.0025,0,0,200,0,0,200,0,0,199,0,1,199,1,0,192,0,8,192,8,0,165,17,18,165,18,17,142,32,26,142,26,32,197,0,3,197,3,0,200,0,0,200,0,0,200,0,0,200,0,0,
200, 1,1,0.9975,0.8375,0.12,0.0075,0,0,1,1,0.9975,0.83,0.1525,0.01,0,0,200,0,0,200,0,0,200,0,0,200,0,0,199,0,1,199,1,0,163,28,9,163,9,28,151,30,19,151,19,30,196,0,4,196,4,0,200,0,0,200,0,0,200,0,0,200,0,0,
210, 1,1,0.985,0.8675,0.1625,0.005,0,0,1,1,0.9925,0.865,0.15,0.005,0,0,200,0,0,200,0,0,200,0,0,200,0,0,195,0,5,195,5,0,161,14,25,161,25,14,148,26,26,148,26,26,192,2,6,192,6,2,200,0,0,200,0,0,200,0,0,200,0,0,
220, 1,1,0.995,0.8725,0.0875,0.0275,0,0,1,1,0.995,0.875,0.0925,0.015,0.0025,0,200,0,0,200,0,0,200,0,0,200,0,0,195,3,2,195,2,3,163,27,10,163,10,27,149,30,21,149,21,30,190,3,7,190,7,3,200,0,0,200,0,0,200,0,0,200,0,0,
230, 1,0.995,0.9925,0.8875,0.1225,0.0225,0,0,1,1,0.9925,0.8775,0.1125,0.015,0,0,200,0,0,200,0,0,200,0,0,200,0,0,195,3,2,195,2,3,173,20,7,173,7,20,158,21,21,158,21,21,191,4,5,191,5,4,199,0,1,199,1,0,200,0,0,200,0,0,
240, 1,1,0.9975,0.88,0.1175,0,0,0,1,0.9975,0.9925,0.895,0.14,0.0075,0,0,200,0,0,200,0,0,199,0,1,199,1,0,196,1,3,196,3,1,161,23,16,161,16,23,157,18,25,157,25,18,199,1,0,199,0,1,200,0,0,200,0,0,200,0,0,200,0,0,
250, 1,1,0.9925,0.91,0.135,0.0075,0,0,1,1,0.9875,0.915,0.1425,0.01,0,0,200,0,0,200,0,0,200,0,0,200,0,0,198,1,1,198,1,1,161,17,22,161,22,17,158,20,22,158,22,20,194,4,2,194,2,4,200,0,0,200,0,0,200,0,0,200,0,0,
260, 1,1,1,0.87,0.1175,0.0075,0,0,1,1,0.9975,0.8775,0.1025,0.0075,0,0,200,0,0,200,0,0,199,0,1,199,1,0,198,0,2,198,2,0,168,20,12,168,12,20,151,29,20,151,20,29,193,3,4,193,4,3,200,0,0,200,0,0,200,0,0,200,0,0,
270, 1,1,1,0.885,0.0975,0.0125,0,0,1,1,1,0.8625,0.1075,0.005,0,0,200,0,0,200,0,0,200,0,0,200,0,0,198,1,1,198,1,1,144,32,24,144,24,32,180,11,9,180,9,11,195,4,1,195,1,4,199,0,1,199,1,0,200,0,0,200,0,0,
280, 1,1,0.99,0.8075,0.1325,0.0125,0,0,1,1,0.9975,0.8125,0.1225,0.0175,0,0,200,0,0,200,0,0,198,1,1,198,1,1,197,1,2,197,2,1,154,26,20,154,20,26,164,20,16,164,16,20,199,1,0,199,0,1,200,0,0,200,0,0,200,0,0,200,0,0,
290, 1,1,0.99,0.845,0.0875,0.0025,0,0,1,1,0.985,0.845,0.08,0.005,0,0,200,0,0,200,0,0,200,0,0,200,0,0,195,4,1,195,1,4,154,33,13,154,13,33,174,13,13,174,13,13,198,2,0,198,0,2,200,0,0,200,0,0,200,0,0,200,0,0,
300, 1,1,0.995,0.8825,0.095,0,0,0,1,1,0.9925,0.87,0.095,0.0025,0,0,200,0,0,200,0,0,200,0,0,200,0,0,196,3,1,196,1,3,160,28,12,160,12,28,151,27,22,151,22,27,198,1,1,198,1,1,200,0,0,200,0,0,200,0,0,200,0,0,
310, 1,1,0.9925,0.8575,0.155,0.005,0,0,1,1,0.99,0.85,0.1675,0.005,0,0,200,0,0,200,0,0,200,0,0,200,0,0,194,2,4,194,4,2,173,13,14,173,14,13,167,16,17,167,17,16,192,5,3,192,3,5,200,0,0,200,0,0,200,0,0,200,0,0,
320, 1,1,0.9925,0.9,0.1375,0.015,0,0,1,1,0.9925,0.935,0.135,0.0075,0,0,200,0,0,200,0,0,200,0,0,200,0,0,194,2,4,194,4,2,149,31,20,149,20,31,146,31,23,146,23,31,191,4,5,191,5,4,200,0,0,200,0,0,200,0,0,200,0,0,
330, 1,1,0.99,0.8475,0.135,0.0075,0.0025,0,1,1,1,0.8525,0.1125,0,0,0,200,0,0,200,0,0,200,0,0,200,0,0,195,2,3,195,3,2,159,20,21,159,21,20,158,22,20,158,20,22,198,0,2,198,2,0,199,0,1,199,1,0,200,0,0,200,0,0,
340, 1,1,0.9975,0.86,0.17,0.025,0.0025,0,1,1,0.9975,0.8425,0.18,0.015,0,0,200,0,0,200,0,0,200,0,0,200,0,0,199,0,1,199,1,0,154,22,24,154,24,22,138,41,21,138,21,41,191,7,2,191,2,7,200,0,0,200,0,0,200,0,0,200,0,0,
350, 1,1,0.9975,0.865,0.1125,0.0075,0,0,1,1,0.9975,0.87,0.1075,0.005,0,0,200,0,0,200,0,0,198,0,2,198,2,0,200,0,0,200,0,0,154,18,28,154,28,18,157,18,25,157,25,18,195,3,2,195,2,3,200,0,0,200,0,0,200,0,0,200,0,0,
360, 1,1,0.9875,0.8775,0.1,0.015,0,0,1,1,0.9925,0.8625,0.1125,0.0075,0,0,200,0,0,200,0,0,200,0,0,200,0,0,197,2,1,197,1,2,155,17,28,155,28,17,161,16,23,161,23,16,190,2,8,190,8,2,200,0,0,200,0,0,200,0,0,200,0,0,
370, 1,1,0.9925,0.895,0.1575,0.01,0,0,1,1,0.99,0.9025,0.1775,0.025,0,0,200,0,0,200,0,0,199,0,1,199,1,0,194,1,5,194,5,1,173,9,18,173,18,9,136,31,33,136,33,31,186,2,12,186,12,2,200,0,0,200,0,0,200,0,0,200,0,0,
380, 1,1,0.9875,0.835,0.1575,0.005,0,0,1,1,0.9925,0.825,0.13,0.0075,0,0,200,0,0,200,0,0,200,0,0,200,0,0,196,2,2,196,2,2,150,35,15,150,15,35,152,26,22,152,22,26,199,1,0,199,0,1,200,0,0,200,0,0,200,0,0,200,0,0,
390, 1,1,0.995,0.91,0.1375,0.0025,0,0,1,1,0.995,0.9125,0.1575,0,0,0,200,0,0,200,0,0,199,1,0,199,0,1,196,1,3,196,3,1,167,19,14,167,14,19,160,29,11,160,11,29,198,1,1,198,1,1,200,0,0,200,0,0,200,0,0,200,0,0,
400, 1,1,0.9975,0.885,0.135,0.0025,0,0,1,1,0.9875,0.8875,0.12,0.005,0,0,200,0,0,200,0,0,200,0,0,200,0,0,198,0,2,198,2,0,176,13,11,176,11,13,153,28,19,153,19,28,197,1,2,197,2,1,200,0,0,200,0,0,200,0,0,200,0,0,
410, 1,1,0.9775,0.865,0.12,0.015,0,0,1,1,0.995,0.87,0.1325,0.005,0.0025,0,200,0,0,200,0,0,200,0,0,200,0,0,192,3,5,192,5,3,161,17,22,161,22,17,172,10,18,172,18,10,196,0,4,196,4,0,199,0,1,199,1,0,200,0,0,200,0,0,
420, 1,1,0.995,0.8825,0.115,0.0125,0,0,1,0.9975,0.995,0.875,0.1275,0.0075,0,0,200,0,0,200,0,0,198,0,2,198,2,0,194,3,3,194,3,3,157,24,19,157,19,24,165,19,16,165,16,19,199,1,0,199,0,1,200,0,0,200,0,0,200,0,0,200,0,0,
430, 1,1,0.99,0.85,0.0875,0.0025,0.0025,0,1,1,0.99,0.8425,0.085,0.0025,0,0,200,0,0,200,0,0,200,0,0,200,0,0,198,1,1,198,1,1,157,24,19,157,19,24,184,8,8,184,8,8,198,0,2,198,2,0,200,0,0,200,0,0,200,0,0,200,0,0,
440, 1,1,0.9975,0.9025,0.1625,0.005,0,0,1,1,0.99,0.925,0.1475,0.005,0,0,200,0,0,200,0,0,200,0,0,200,0,0,195,0,5,195,5,0,159,28,13,159,13,28,152,32,16,152,16,32,195,3,2,195,2,3,200,0,0,200,0,0,200,0,0,200,0,0,
450, 1,1,0.9925,0.895,0.095,0.0025,0,0,1,1,0.99,0.89,0.0925,0.005,0,0,200,0,0,200,0,0,200,0,0,200,0,0,192,2,6,192,6,2,149,26,25,149,25,26,155,25,20,155,20,25,199,0,1,199,1,0,200,0,0,200,0,0,200,0,0,200,0,0,
460, 1,1,0.99,0.82,0.13,0.0075,0,0,1,1,0.9925,0.8175,0.135,0.01,0,0,200,0,0,200,0,0,199,0,1,199,1,0,191,2,7,191,7,2,126,34,40,126,40,34,164,24,12,164,12,24,198,0,2,198,2,0,200,0,0,200,0,0,200,0,0,200,0,0,
470, 1,1,0.9875,0.865,0.19,0.0075,0,0,1,1,0.9875,0.8575,0.195,0,0,0,200,0,0,200,0,0,200,0,0,200,0,0,196,2,2,196,2,2,156,27,17,156,17,27,140,32,28,140,28,32,193,2,5,193,5,2,200,0,0,200,0,0,200,0,0,200,0,0,
480, 1,1,0.9825,0.8875,0.135,0.01,0,0,1,1,0.9775,0.8875,0.1425,0.0075,0.0025,0,200,0,0,200,0,0,200,0,0,200,0,0,196,2,2,196,2,2,161,26,13,161,13,26,138,34,28,138,28,34,190,4,6,190,6,4,200,0,0,200,0,0,200,0,0,200,0,0,
490, 1,1,0.9925,0.8975,0.1575,0.0075,0,0,1,1,0.995,0.8875,0.1375,0.0025,0,0,200,0,0,200,0,0,200,0,0,200,0,0,200,0,0,200,0,0,163,19,18,163,18,19,156,35,9,156,9,35,200,0,0,200,0,0,200,0,0,200,0,0,200,0,0,200,0,0,
500, 1,1,1,0.8925,0.1125,0.005,0,0,1,1,0.9975,0.885,0.105,0.0025,0,0,200,0,0,200,0,0,200,0,0,200,0,0,197,0,3,197,3,0,164,21,15,164,15,21,157,25,18,157,18,25,197,2,1,197,1,2,200,0,0,200,0,0,199,0,1,199,1,0,
510, 1,1,0.9975,0.8375,0.115,0.0025,0,0,1,1,0.995,0.85,0.09,0.005,0,0,200,0,0,200,0,0,200,0,0,200,0,0,195,3,2,195,2,3,158,23,19,158,19,23,163,24,13,163,13,24,196,2,2,196,2,2,199,0,1,199,1,0,200,0,0,200,0,0,
520, 1,1,0.9875,0.865,0.115,0.005,0,0,1,1,0.9875,0.8575,0.1075,0.0025,0,0,200,0,0,200,0,0,199,0,1,199,1,0,194,0,6,194,6,0,166,16,18,166,18,16,170,11,19,170,19,11,195,2,3,195,3,2,199,0,1,199,1,0,200,0,0,200,0,0,
530, 1,1,0.9925,0.885,0.0975,0.0025,0,0,1,1,0.9925,0.8625,0.1075,0.0025,0,0,200,0,0,200,0,0,200,0,0,200,0,0,193,2,5,193,5,2,159,18,23,159,23,18,171,14,15,171,15,14,195,1,4,195,4,1,200,0,0,200,0,0,200,0,0,200,0,0,
540, 1,1,0.995,0.895,0.175,0.005,0,0,1,1,0.9925,0.895,0.1875,0.0025,0,0,200,0,0,200,0,0,200,0,0,200,0,0,198,1,1,198,1,1,169,21,10,169,10,21,152,22,26,152,26,22,194,0,6,194,6,0,200,0,0,200,0,0,200,0,0,200,0,0,
550, 1,1,0.995,0.8625,0.1175,0.0025,0,0,1,1,0.995,0.8675,0.125,0.0075,0,0,200,0,0,200,0,0,200,0,0,200,0,0,199,0,1,199,1,0,164,24,12,164,12,24,155,26,19,155,19,26,198,0,2,198,2,0,200,0,0,200,0,0,200,0,0,200,0,0,
560, 1,1,0.995,0.9075,0.125,0.0125,0,0,1,1,1,0.885,0.1175,0.02,0,0,200,0,0,200,0,0,200,0,0,200,0,0,198,0,2,198,2,0,172,15,13,172,13,15,159,19,22,159,22,19,192,3,5,192,5,3,200,0,0,200,0,0,200,0,0,200,0,0,
570, 1,1,0.99,0.865,0.145,0.0025,0,0,1,1,0.995,0.8925,0.145,0.005,0,0,200,0,0,200,0,0,200,0,0,200,0,0,194,1,5,194,5,1,147,31,22,147,22,31,147,26,27,147,27,26,198,0,2,198,2,0,200,0,0,200,0,0,200,0,0,200,0,0,
580, 1,1,0.9925,0.87,0.1275,0.0175,0.0025,0,1,1,0.9975,0.8725,0.1375,0.0125,0.0025,0,200,0,0,200,0,0,200,0,0,200,0,0,198,1,1,198,1,1,169,20,11,169,11,20,139,33,28,139,28,33,191,3,6,191,6,3,200,0,0,200,0,0,200,0,0,200,0,0,
590, 1,1,0.985,0.84,0.15,0.015,0,0,1,1,0.985,0.8375,0.155,0.005,0,0,200,0,0,200,0,0,200,0,0,200,0,0,196,3,1,196,1,3,168,23,9,168,9,23,160,22,18,160,18,22,194,1,5,194,5,1,200,0,0,200,0,0,200,0,0,200,0,0,
600, 1,0.9975,0.9825,0.8375,0.155,0.005,0,0,1,1,0.9925,0.8475,0.1575,0,0,0,200,0,0,200,0,0,200,0,0,200,0,0,187,8,5,187,5,8,163,25,12,163,12,25,168,17,15,168,15,17,199,1,0,199,0,1,200,0,0,200,0,0,200,0,0,200,0,0,
610, 1,1,0.9975,0.87,0.1125,0.0025,0,0,1,1,1,0.8725,0.1075,0.0025,0,0,200,0,0,200,0,0,200,0,0,200,0,0,197,2,1,197,1,2,157,24,19,157,19,24,154,25,21,154,21,25,194,1,5,194,5,1,200,0,0,200,0,0,200,0,0,200,0,0,
620, 1,1,0.9975,0.915,0.1275,0.005,0,0,1,1,0.9975,0.8975,0.125,0.01,0,0,200,0,0,200,0,0,200,0,0,200,0,0,199,0,1,199,1,0,165,17,18,165,18,17,170,16,14,170,14,16,196,1,3,196,3,1,200,0,0,200,0,0,200,0,0,200,0,0,
630, 1,1,0.9975,0.8225,0.145,0.01,0,0,1,1,0.995,0.8325,0.145,0.01,0,0,200,0,0,200,0,0,200,0,0,200,0,0,194,2,4,194,4,2,174,16,10,174,10,16,160,29,11,160,11,29,195,2,3,195,3,2,200,0,0,200,0,0,200,0,0,200,0,0,
640, 1,1,0.985,0.865,0.175,0.01,0,0,1,1,0.995,0.88,0.175,0.0125,0,0,200,0,0,200,0,0,199,0,1,199,1,0,194,3,3,194,3,3,165,24,11,165,11,24,155,28,17,155,17,28,199,1,0,199,0,1,200,0,0,200,0,0,200,0,0,200,0,0,
650, 1,1,0.9925,0.825,0.115,0.01,0,0,1,1,0.9925,0.8175,0.1075,0.0125,0,0,200,0,0,200,0,0,199,0,1,199,1,0,193,3,4,193,4,3,157,27,16,157,16,27,159,21,20,159,20,21,190,5,5,190,5,5,200,0,0,200,0,0,200,0,0,200,0,0,
660, 1,1,1,0.9025,0.1325,0.01,0,0,1,1,0.9975,0.88,0.1525,0.0125,0.0025,0,200,0,0,200,0,0,200,0,0,200,0,0,197,1,2,197,2,1,159,23,18,159,18,23,161,24,15,161,15,24,192,5,3,192,3,5,200,0,0,200,0,0,200,0,0,200,0,0,
670, 1,1,0.9925,0.88,0.145,0.0075,0,0,1,1,0.99,0.885,0.1575,0.0125,0,0,200,0,0,200,0,0,200,0,0,200,0,0,200,0,0,200,0,0,161,22,17,161,17,22,154,22,24,154,24,22,197,0,3,197,3,0,200,0,0,200,0,0,200,0,0,200,0,0,
680, 1,1,0.995,0.9225,0.1525,0.01,0,0,1,1,1,0.9225,0.135,0.015,0,0,200,0,0,200,0,0,200,0,0,200,0,0,199,0,1,199,1,0,178,16,6,178,6,16,153,23,24,153,24,23,195,1,4,195,4,1,199,0,1,199,1,0,200,0,0,200,0,0,
690, 1,1,0.9925,0.8775,0.1275,0.005,0,0,1,1,0.9925,0.8825,0.115,0,0,0,200,0,0,200,0,0,200,0,0,200,0,0,197,1,2,197,2,1,149,20,31,149,31,20,175,15,10,175,10,15,196,0,4,196,4,0,198,0,2,198,2,0,200,0,0,200,0,0,
700, 1,1,0.9975,0.84,0.12,0.01,0,0,1,1,0.9925,0.835,0.1075,0.0125,0.0025,0,200,0,0,200,0,0,199,1,0,199,0,1,196,2,2,196,2,2,144,31,25,144,25,31,149,16,35,149,35,16,194,1,5,194,5,1,199,0,1,199,1,0,200,0,0,200,0,0,
710, 1,1,0.99,0.8775,0.105,0.0075,0,0,1,1,0.9925,0.87,0.115,0.005,0,0,200,0,0,200,0,0,200,0,0,200,0,0,193,3,4,193,4,3,151,28,21,151,21,28,152,22,26,152,26,22,195,0,5,195,5,0,200,0,0,200,0,0,200,0,0,200,0,0,
720, 1,1,0.9975,0.89,0.08,0.0025,0,0,1,1,0.99,0.89,0.0925,0.0025,0.0025,0,200,0,0,200,0,0,199,0,1,199,1,0,196,1,3,196,3,1,168,17,15,168,15,17,173,11,16,173,16,11,196,0,4,196,4,0,200,0,0,200,0,0,200,0,0,200,0,0,
730, 1,1,0.9925,0.865,0.1175,0.0175,0,0,1,1,0.995,0.85,0.1075,0.01,0,0,200,0,0,200,0,0,200,0,0,200,0,0,196,2,2,196,2,2,147,25,28,147,28,25,152,31,17,152,17,31,193,2,5,193,5,2,200,0,0,200,0,0,200,0,0,200,0,0,
740, 1,1,0.9975,0.8175,0.125,0.025,0,0,1,1,0.995,0.845,0.15,0.0225,0,0,200,0,0,200,0,0,200,0,0,200,0,0,194,1,5,194,5,1,149,27,24,149,24,27,154,29,17,154,17,29,193,4,3,193,3,4,200,0,0,200,0,0,200,0,0,200,0,0,
750, 1,1,0.99,0.885,0.1925,0,0,0,1,1,0.99,0.8775,0.1675,0.005,0,0,200,0,0,200,0,0,200,0,0,200,0,0,196,2,2,196,2,2,160,22,18,160,18,22,155,17,28,155,28,17,196,0,4,196,4,0,200,0,0,200,0,0,200,0,0,200,0,0,
760, 1,1,0.9925,0.92,0.1225,0.0125,0,0,1,1,0.9975,0.9125,0.14,0.0125,0,0,200,0,0,200,0,0,200,0,0,200,0,0,199,1,0,199,0,1,172,18,10,172,10,18,167,22,11,167,11,22,193,2,5,193,5,2,200,0,0,200,0,0,200,0,0,200,0,0,
770, 1,1,0.995,0.8475,0.115,0.0075,0.0025,0,1,1,0.9925,0.8525,0.1325,0.0025,0,0,200,0,0,200,0,0,200,0,0,200,0,0,198,2,0,198,0,2,166,15,19,166,19,15,163,16,21,163,21,16,196,1,3,196,3,1,200,0,0,200,0,0,200,0,0,200,0,0,
780, 1,1,0.995,0.885,0.16,0.0125,0,0,1,0.9975,0.9925,0.875,0.1475,0.0075,0,0,200,0,0,200,0,0,198,0,2,198,2,0,197,1,2,197,2,1,143,32,25,143,25,32,154,14,32,154,32,14,197,2,1,197,1,2,200,0,0,200,0,0,200,0,0,200,0,0,
790, 1,1,0.99,0.84,0.145,0.005,0,0,1,1,0.9875,0.8525,0.155,0.0025,0,0,200,0,0,200,0,0,200,0,0,200,0,0,193,3,4,193,4,3,157,31,12,157,12,31,167,12,21,167,21,12,197,1,2,197,2,1,200,0,0,200,0,0,200,0,0,200,0,0,
800, 1,1,0.985,0.81,0.13,0,0,0,1,0.9975,0.9925,0.83,0.1325,0.0075,0,0,200,0,0,200,0,0,200,0,0,200,0,0,186,7,7,186,7,7,150,31,19,150,19,31,170,22,8,170,8,22,198,1,1,198,1,1,200,0,0,200,0,0,200,0,0,200,0,0,
810, 1,1,0.99,0.89,0.145,0.0075,0,0,1,1,0.9925,0.87,0.1475,0.005,0,0,200,0,0,200,0,0,200,0,0,200,0,0,196,3,1,196,1,3,159,32,9,159,9,32,156,24,20,156,20,24,197,0,3,197,3,0,200,0,0,200,0,0,200,0,0,200,0,0,
820, 1,1,0.9925,0.8475,0.11,0.02,0,0,1,1,0.9925,0.855,0.1,0.0075,0,0,200,0,0,200,0,0,200,0,0,200,0,0,194,1,5,194,5,1,156,24,20,156,20,24,174,14,12,174,12,14,195,0,5,195,5,0,200,0,0,200,0,0,200,0,0,200,0,0,
830, 1,1,0.9975,0.905,0.1025,0.005,0,0,1,1,0.9975,0.905,0.0875,0.015,0,0,200,0,0,200,0,0,200,0,0,200,0,0,198,0,2,198,2,0,162,24,14,162,14,24,167,12,21,167,21,12,197,1,2,197,2,1,199,0,1,199,1,0,200,0,0,200,0,0,
840, 1,1,0.995,0.8575,0.12,0.0075,0,0,1,1,0.9875,0.855,0.125,0.005,0,0,200,0,0,200,0,0,200,0,0,200,0,0,194,1,5,194,5,1,150,28,22,150,22,28,153,22,25,153,25,22,195,1,4,195,4,1,200,0,0,200,0,0,200,0,0,200,0,0,
850, 1,0.9975,0.9925,0.88,0.14,0.0075,0,0,1,1,0.9925,0.8875,0.13,0.01,0,0,200,0,0,200,0,0,198,0,2,198,2,0,197,1,2,197,2,1,163,23,14,163,14,23,174,16,10,174,10,16,198,2,0,198,0,2,200,0,0,200,0,0,200,0,0,200,0,0,
860, 1,1,0.995,0.8475,0.15,0.01,0,0,1,1,0.9975,0.855,0.1375,0.0125,0,0,200,0,0,200,0,0,200,0,0,200,0,0,198,0,2,198,2,0,161,20,19,161,19,20,155,22,23,155,23,22,196,0,4,196,4,0,200,0,0,200,0,0,200,0,0,200,0,0,
870, 1,1,0.9925,0.85,0.15,0.005,0,0,1,0.9975,0.9925,0.8375,0.1325,0.005,0,0,200,0,0,200,0,0,199,0,1,199,1,0,193,3,4,193,4,3,159,14,27,159,27,14,160,24,16,160,16,24,198,2,0,198,0,2,200,0,0,200,0,0,200,0,0,200,0,0,
880, 1,1,0.98,0.845,0.1325,0.01,0,0,1,1,0.9875,0.83,0.13,0.0125,0,0,200,0,0,200,0,0,198,0,2,198,2,0,193,4,3,193,3,4,143,38,19,143,19,38,147,29,24,147,24,29,193,2,5,193,5,2,199,0,1,199,1,0,200,0,0,200,0,0,
890, 1,1,0.9925,0.91,0.1225,0.0075,0,0,1,1,0.9975,0.91,0.1025,0.0025,0,0,200,0,0,200,0,0,200,0,0,200,0,0,194,1,5,194,5,1,164,14,22,164,22,14,151,29,20,151,20,29,194,1,5,194,5,1,200,0,0,200,0,0,200,0,0,200,0,0,
900, 1,1,0.9875,0.8725,0.17,0.0075,0,0,1,1,0.99,0.8825,0.165,0.005,0,0,200,0,0,200,0,0,200,0,0,200,0,0,198,1,1,198,1,1,167,15,18,167,18,15,156,29,15,156,15,29,200,0,0,200,0,0,200,0,0,200,0,0,200,0,0,200,0,0,
910, 1,1,1,0.915,0.1375,0.01,0,0,1,1,0.9975,0.9175,0.1225,0.005,0,0,200,0,0,200,0,0,200,0,0,200,0,0,198,1,1,198,1,1,175,13,12,175,12,13,174,11,15,174,15,11,197,1,2,197,2,1,200,0,0,200,0,0,200,0,0,200,0,0,
920, 1,1,0.9925,0.885,0.145,0.01,0,0,1,1,0.9875,0.8875,0.16,0.0075,0,0,200,0,0,200,0,0,200,0,0,200,0,0,195,0,5,195,5,0,172,14,14,172,14,14,161,21,18,161,18,21,195,1,4,195,4,1,200,0,0,200,0,0,200,0,0,200,0,0,
930, 1,1,0.9925,0.85,0.1325,0.01,0,0,1,1,1,0.86,0.135,0.015,0,0,200,0,0,200,0,0,200,0,0,200,0,0,198,1,1,198,1,1,150,27,23,150,23,27,160,24,16,160,16,24,194,1,5,194,5,1,200,0,0,200,0,0,200,0,0,200,0,0,
940, 1,1,0.9925,0.9275,0.1375,0.0125,0,0,1,1,0.995,0.9225,0.1525,0.01,0,0,200,0,0,200,0,0,200,0,0,200,0,0,196,2,2,196,2,2,163,12,25,163,25,12,145,16,39,145,39,16,195,1,4,195,4,1,200,0,0,200,0,0,200,0,0,200,0,0,
950, 1,1,0.9925,0.8525,0.135,0.0175,0,0,1,1,0.99,0.8675,0.1425,0.0125,0,0,200,0,0,200,0,0,200,0,0,200,0,0,194,3,3,194,3,3,170,17,13,170,13,17,162,23,15,162,15,23,197,1,2,197,2,1,200,0,0,200,0,0,200,0,0,200,0,0,
960, 1,1,0.9925,0.9075,0.165,0.01,0.0025,0,1,1,0.9925,0.9025,0.165,0.0075,0.0025,0,200,0,0,200,0,0,200,0,0,200,0,0,197,1,2,197,2,1,164,11,25,164,25,11,166,19,15,166,15,19,196,1,3,196,3,1,198,0,2,198,2,0,200,0,0,200,0,0,
970, 1,1,0.9975,0.88,0.125,0.01,0,0,1,1,0.9975,0.8775,0.1225,0.01,0,0,200,0,0,200,0,0,200,0,0,200,0,0,196,0,4,196,4,0,167,12,21,167,21,12,158,20,22,158,22,20,197,1,2,197,2,1,200,0,0,200,0,0,200,0,0,200,0,0,
980, 1,1,0.99,0.86,0.13,0.0075,0,0,1,1,0.995,0.885,0.1275,0.0075,0,0,200,0,0,200,0,0,200,0,0,200,0,0,192,5,3,192,3,5,156,20,24,156,24,20,163,16,21,163,21,16,195,3,2,195,2,3,200,0,0,200,0,0,200,0,0,200,0,0,
990, 1,1,1,0.8825,0.145,0.0125,0.0025,0,1,1,1,0.8875,0.1375,0.0075,0,0,200,0,0,200,0,0,200,0,0,200,0,0,199,0,1,199,1,0,164,18,18,164,18,18,145,21,34,145,34,21,194,0,6,194,6,0,200,0,0,200,0,0,200,0,0,200,0,0,
