gen, d0l0, d1l0, d2l0, d3l0, d4l0, d5l0, d6l0, d7l0, d0l1, d1l1, d2l1, d3l1, d4l1, d5l1, d6l1, d7l1, d0W1, d0W0.367879, d0W0.472367, d0W1, d0W0.472367, d0W0.367879, d1W1, d1W0.367879, d1W0.472367, d1W1, d1W0.472367, d1W0.367879, d2W1, d2W0.367879, d2W0.472367, d2W1, d2W0.472367, d2W0.367879, d3W1, d3W0.367879, d3W0.472367, d3W1, d3W0.472367, d3W0.367879, d4W1, d4W0.367879, d4W0.472367, d4W1, d4W0.472367, d4W0.367879, d5W1, d5W0.367879, d5W0.472367, d5W1, d5W0.472367, d5W0.367879, d6W1, d6W0.367879, d6W0.472367, d6W1, d6W0.472367, d6W0.367879, d7W1, d7W0.367879, d7W0.472367, d7W1, d7W0.472367, d7W0.367879, 
0, 1,1,1,0.98,0.0175,0,0,0,1,1,1,0.99,0.0175,0,0,0,200,0,0,200,0,0,200,0,0,200,0,0,200,0,0,200,0,0,195,2,3,195,3,2,194,6,0,194,0,6,200,0,0,200,0,0,200,0,0,200,0,0,200,0,0,200,0,0,
10, 1,1,1,1,0.0125,0.0025,0,0,1,1,1,1,0.01,0,0,0,200,0,0,200,0,0,200,0,0,200,0,0,200,0,0,200,0,0,199,1,0,199,0,1,197,2,1,197,1,2,198,0,2,198,2,0,200,0,0,200,0,0,200,0,0,200,0,0,
20, 1,1,1,0.99,0.0125,0,0,0,1,1,1,0.99,0.015,0,0,0,200,0,0,200,0,0,200,0,0,200,0,0,200,0,0,200,0,0,189,11,0,189,0,11,191,6,3,191,3,6,200,0,0,200,0,0,200,0,0,200,0,0,200,0,0,200,0,0,
30, 1,1,1,0.9775,0.005,0,0,0,1,1,1,0.9775,0.005,0,0,0,200,0,0,200,0,0,200,0,0,200,0,0,200,0,0,200,0,0,199,0,1,199,1,0,193,7,0,193,0,7,200,0,0,200,0,0,200,0,0,200,0,0,200,0,0,200,0,0,
40, 1,1,0.9975,0.99,0.0275,0,0,0,1,1,0.9975,0.9875,0.0275,0,0,0,200,0,0,200,0,0,200,0,0,200,0,0,200,0,0,200,0,0,198,2,0,198,0,2,199,1,0,199,0,1,200,0,0,200,0,0,200,0,0,200,0,0,200,0,0,200,0,0,
50, 1,1,1,0.98,0.025,0,0,0,1,1,1,0.9775,0.015,0,0,0,200,0,0,200,0,0,200,0,0,200,0,0,200,0,0,200,0,0,199,1,0,199,0,1,193,7,0,193,0,7,200,0,0,200,0,0,200,0,0,200,0,0,200,0,0,200,0,0,
60, 1,1,1,0.99,0.0125,0,0,0,1,1,1,0.9875,0.0125,0,0,0,200,0,0,200,0,0,200,0,0,200,0,0,200,0,0,200,0,0,190,9,1,190,1,9,200,0,0,200,0,0,200,0,0,200,0,0,200,0,0,200,0,0,200,0,0,200,0,0,
70, 1,1,1,0.98,0.015,0,0,0,1,1,1,0.9775,0.0125,0,0,0,200,0,0,200,0,0,200,0,0,200,0,0,200,0,0,200,0,0,194,4,2,194,2,4,198,2,0,198,0,2,200,0,0,200,0,0,200,0,0,200,0,0,200,0,0,200,0,0,
80, 1,1,1,0.98,0.0225,0,0,0,1,1,1,0.9775,0.0175,0,0,0,200,0,0,200,0,0,200,0,0,200,0,0,200,0,0,200,0,0,199,1,0,199,0,1,192,4,4,192,4,4,200,0,0,200,0,0,200,0,0,200,0,0,200,0,0,200,0,0,
90, 1,1,1,0.9775,0.01,0,0,0,1,1,1,0.9775,0.0125,0,0,0,200,0,0,200,0,0,200,0,0,200,0,0,200,0,0,200,0,0,193,7,0,193,0,7,198,2,0,198,0,2,200,0,0,200,0,0,200,0,0,200,0,0,200,0,0,200,0,0,
100, 1,1,1,0.9975,0.0175,0,0,0,1,1,1,0.9975,0.0275,0,0,0,200,0,0,200,0,0,200,0,0,200,0,0,200,0,0,200,0,0,197,3,0,197,0,3,195,2,3,195,3,2,199,1,0,199,0,1,200,0,0,200,0,0,200,0,0,200,0,0,
110, 1,1,1,0.995,0.015,0,0,0,1,1,1,0.995,0.015,0,0,0,200,0,0,200,0,0,200,0,0,200,0,0,200,0,0,200,0,0,195,4,1,195,1,4,191,6,3,191,3,6,200,0,0,200,0,0,200,0,0,200,0,0,200,0,0,200,0,0,
120, 1,1,1,0.99,0.0225,0,0,0,1,1,1,0.99,0.025,0,0,0,200,0,0,200,0,0,200,0,0,200,0,0,200,0,0,200,0,0,197,1,2,197,2,1,195,2,3,195,3,2,200,0,0,200,0,0,200,0,0,200,0,0,200,0,0,200,0,0,
130, 1,1,1,0.975,0.0075,0,0,0,1,1,1,0.975,0.0075,0,0,0,200,0,0,200,0,0,200,0,0,200,0,0,200,0,0,200,0,0,198,1,1,198,1,1,197,3,0,197,0,3,200,0,0,200,0,0,200,0,0,200,0,0,200,0,0,200,0,0,
140, 1,1,1,0.9775,0.01,0,0,0,1,1,1,0.975,0.01,0,0,0,200,0,0,200,0,0,200,0,0,200,0,0,200,0,0,200,0,0,197,3,0,197,0,3,198,2,0,198,0,2,200,0,0,200,0,0,200,0,0,200,0,0,200,0,0,200,0,0,
150, 1,1,1,0.97,0.0175,0,0,0,1,1,1,0.9725,0.0225,0,0,0,200,0,0,200,0,0,200,0,0,200,0,0,200,0,0,200,0,0,198,1,1,198,1,1,190,4,6,190,6,4,200,0,0,200,0,0,200,0,0,200,0,0,200,0,0,200,0,0,
160, 1,1,1,0.9575,0.0025,0,0,0,1,1,1,0.96,0.0025,0,0,0,200,0,0,200,0,0,200,0,0,200,0,0,200,0,0,200,0,0,190,5,5,190,5,5,196,2,2,196,2,2,200,0,0,200,0,0,200,0,0,200,0,0,200,0,0,200,0,0,
170, 1,1,1,0.985,0.03,0.0025,0,0,1,1,1,0.9875,0.025,0.0025,0,0,200,0,0,200,0,0,200,0,0,200,0,0,200,0,0,200,0,0,195,3,2,195,2,3,189,6,5,189,5,6,200,0,0,200,0,0,200,0,0,200,0,0,200,0,0,200,0,0,
180, 1,1,1,0.99,0.0175,0,0,0,1,1,1,0.985,0.015,0,0,0,200,0,0,200,0,0,200,0,0,200,0,0,200,0,0,200,0,0,196,1,3,196,3,1,192,6,2,192,2,6,200,0,0,200,0,0,200,0,0,200,0,0,200,0,0,200,0,0,
190, 1,1,1,0.9925,0.0125,0,0,0,1,1,1,0.9925,0.01,0,0,0,200,0,0,200,0,0,200,0,0,200,0,0,200,0,0,200,0,0,196,2,2,196,2,2,196,4,0,196,0,4,200,0,0,200,0,0,200,0,0,200,0,0,200,0,0,200,0,0,
200, 1,1,1,0.9775,0.005,0,0,0,1,1,1,0.98,0.005,0,0,0,200,0,0,200,0,0,200,0,0,200,0,0,200,0,0,200,0,0,195,5,0,195,0,5,200,0,0,200,0,0,200,0,0,200,0,0,200,0,0,200,0,0,200,0,0,200,0,0,
210, 1,1,1,0.99,0,0,0,0,1,1,1,0.995,0.0075,0,0,0,200,0,0,200,0,0,200,0,0,200,0,0,200,0,0,200,0,0,199,0,1,199,1,0,192,3,5,192,5,3,200,0,0,200,0,0,200,0,0,200,0,0,200,0,0,200,0,0,
220, 1,1,1,0.9775,0.015,0,0,0,1,1,1,0.9775,0.02,0,0,0,200,0,0,200,0,0,200,0,0,200,0,0,200,0,0,200,0,0,200,0,0,200,0,0,197,3,0,197,0,3,200,0,0,200,0,0,200,0,0,200,0,0,200,0,0,200,0,0,
230, 1,1,1,1,0.025,0,0,0,1,1,1,0.9975,0.0275,0,0,0,200,0,0,200,0,0,200,0,0,200,0,0,200,0,0,200,0,0,197,0,3,197,3,0,191,4,5,191,5,4,200,0,0,200,0,0,200,0,0,200,0,0,200,0,0,200,0,0,
240, 1,1,1,0.995,0.0025,0,0,0,1,1,1,1,0.0125,0,0,0,200,0,0,200,0,0,200,0,0,200,0,0,200,0,0,200,0,0,195,5,0,195,0,5,192,8,0,192,0,8,200,0,0,200,0,0,200,0,0,200,0,0,200,0,0,200,0,0,
250, 1,1,1,0.9975,0.015,0,0,0,1,1,1,0.9975,0.0175,0,0,0,200,0,0,200,0,0,200,0,0,200,0,0,200,0,0,200,0,0,200,0,0,200,0,0,194,3,3,194,3,3,200,0,0,200,0,0,200,0,0,200,0,0,200,0,0,200,0,0,
260, 1,1,1,0.99,0.0225,0,0,0,1,1,1,0.99,0.0225,0,0,0,200,0,0,200,0,0,200,0,0,200,0,0,200,0,0,200,0,0,197,3,0,197,0,3,199,0,1,199,1,0,200,0,0,200,0,0,200,0,0,200,0,0,200,0,0,200,0,0,
270, 1,1,1,0.99,0.03,0,0,0,1,1,1,0.99,0.0325,0,0,0,200,0,0,200,0,0,200,0,0,200,0,0,200,0,0,200,0,0,198,1,1,198,1,1,193,5,2,193,2,5,200,0,0,200,0,0,200,0,0,200,0,0,200,0,0,200,0,0,
280, 1,1,1,0.995,0.0225,0,0,0,1,1,1,0.995,0.0225,0,0,0,200,0,0,200,0,0,200,0,0,200,0,0,200,0,0,200,0,0,200,0,0,200,0,0,196,2,2,196,2,2,199,0,1,199,1,0,200,0,0,200,0,0,200,0,0,200,0,0,
290, 1,1,0.9975,0.99,0.0075,0,0,0,1,1,0.9975,0.99,0.005,0,0,0,200,0,0,200,0,0,200,0,0,200,0,0,200,0,0,200,0,0,197,3,0,197,0,3,197,3,0,197,0,3,200,0,0,200,0,0,200,0,0,200,0,0,200,0,0,200,0,0,
300, 1,1,1,0.9925,0.0025,0,0,0,1,1,1,0.995,0,0,0,0,200,0,0,200,0,0,200,0,0,200,0,0,200,0,0,200,0,0,199,0,1,199,1,0,198,2,0,198,0,2,200,0,0,200,0,0,200,0,0,200,0,0,200,0,0,200,0,0,
310, 1,1,1,0.97,0.0125,0,0,0,1,1,1,0.975,0.01,0,0,0,200,0,0,200,0,0,200,0,0,200,0,0,200,0,0,200,0,0,193,5,2,193,2,5,199,1,0,199,0,1,200,0,0,200,0,0,200,0,0,200,0,0,200,0,0,200,0,0,
320, 1,1,1,0.995,0.0425,0,0,0,1,1,1,0.995,0.0425,0,0,0,200,0,0,200,0,0,200,0,0,200,0,0,200,0,0,200,0,0,200,0,0,200,0,0,192,8,0,192,0,8,200,0,0,200,0,0,200,0,0,200,0,0,200,0,0,200,0,0,
330, 1,1,1,0.9825,0.01,0,0,0,1,1,1,0.9825,0.01,0,0,0,200,0,0,200,0,0,200,0,0,200,0,0,200,0,0,200,0,0,199,0,1,199,1,0,198,2,0,198,0,2,200,0,0,200,0,0,200,0,0,200,0,0,200,0,0,200,0,0,
340, 1,1,1,0.9875,0,0,0,0,1,1,1,0.985,0,0,0,0,200,0,0,200,0,0,200,0,0,200,0,0,200,0,0,200,0,0,194,6,0,194,0,6,198,0,2,198,2,0,200,0,0,200,0,0,200,0,0,200,0,0,200,0,0,200,0,0,
350, 1,1,1,0.985,0.01,0,0,0,1,1,1,0.9825,0.01,0,0,0,200,0,0,200,0,0,200,0,0,200,0,0,200,0,0,200,0,0,195,2,3,195,3,2,199,0,1,199,1,0,200,0,0,200,0,0,200,0,0,200,0,0,200,0,0,200,0,0,
360, 1,1,1,0.9875,0.005,0,0,0,1,1,1,0.995,0.005,0,0,0,200,0,0,200,0,0,200,0,0,200,0,0,200,0,0,200,0,0,188,3,9,188,9,3,196,0,4,196,4,0,200,0,0,200,0,0,200,0,0,200,0,0,200,0,0,200,0,0,
370, 1,1,1,0.9925,0.0125,0,0,0,1,1,1,0.995,0.01,0,0,0,200,0,0,200,0,0,200,0,0,200,0,0,200,0,0,200,0,0,199,0,1,199,1,0,195,0,5,195,5,0,200,0,0,200,0,0,200,0,0,200,0,0,200,0,0,200,0,0,
380, 1,1,1,0.9975,0.0075,0,0,0,1,1,1,0.9975,0.01,0,0,0,200,0,0,200,0,0,200,0,0,200,0,0,200,0,0,200,0,0,200,0,0,200,0,0,197,2,1,197,1,2,200,0,0,200,0,0,200,0,0,200,0,0,200,0,0,200,0,0,
390, 1,1,1,0.99,0.03,0,0,0,1,1,1,0.99,0.035,0,0,0,200,0,0,200,0,0,200,0,0,200,0,0,200,0,0,200,0,0,200,0,0,200,0,0,193,7,0,193,0,7,200,0,0,200,0,0,200,0,0,200,0,0,200,0,0,200,0,0,
400, 1,1,1,0.9775,0.0175,0,0,0,1,1,1,0.9825,0.025,0,0,0,200,0,0,200,0,0,200,0,0,200,0,0,200,0,0,200,0,0,196,2,2,196,2,2,192,5,3,192,3,5,200,0,0,200,0,0,200,0,0,200,0,0,200,0,0,200,0,0,
410, 1,1,1,0.9875,0.01,0,0,0,1,1,1,0.985,0.01,0,0,0,200,0,0,200,0,0,200,0,0,200,0,0,200,0,0,200,0,0,196,3,1,196,1,3,200,0,0,200,0,0,200,0,0,200,0,0,200,0,0,200,0,0,200,0,0,200,0,0,
420, 1,1,1,0.9925,0.025,0,0,0,1,1,1,0.9875,0.025,0,0,0,200,0,0,200,0,0,200,0,0,200,0,0,200,0,0,200,0,0,193,1,6,193,6,1,198,2,0,198,0,2,200,0,0,200,0,0,200,0,0,200,0,0,200,0,0,200,0,0,
430, 1,1,1,0.9825,0.005,0,0,0,1,1,1,0.98,0.005,0,0,0,200,0,0,200,0,0,200,0,0,200,0,0,200,0,0,200,0,0,195,2,3,195,3,2,197,3,0,197,0,3,200,0,0,200,0,0,200,0,0,200,0,0,200,0,0,200,0,0,
440, 1,1,1,0.9925,0.025,0.0025,0,0,1,1,1,0.9925,0.025,0.0025,0,0,200,0,0,200,0,0,200,0,0,200,0,0,200,0,0,200,0,0,199,1,0,199,0,1,197,3,0,197,0,3,199,1,0,199,0,1,200,0,0,200,0,0,200,0,0,200,0,0,
450, 1,1,1,0.99,0.0175,0,0,0,1,1,1,0.995,0.0175,0,0,0,200,0,0,200,0,0,200,0,0,200,0,0,200,0,0,200,0,0,195,2,3,195,3,2,189,10,1,189,1,10,200,0,0,200,0,0,200,0,0,200,0,0,200,0,0,200,0,0,
460, 1,1,1,0.9725,0.0225,0,0,0,1,1,1,0.9825,0.02,0,0,0,200,0,0,200,0,0,200,0,0,200,0,0,200,0,0,200,0,0,184,8,8,184,8,8,190,9,1,190,1,9,200,0,0,200,0,0,200,0,0,200,0,0,200,0,0,200,0,0,
470, 1,1,1,0.99,0.0075,0,0,0,1,1,1,0.9925,0.0175,0,0,0,200,0,0,200,0,0,200,0,0,200,0,0,200,0,0,200,0,0,195,5,0,195,0,5,194,1,5,194,5,1,200,0,0,200,0,0,200,0,0,200,0,0,200,0,0,200,0,0,
480, 1,1,1,0.9975,0.015,0,0,0,1,1,1,0.9975,0.0125,0,0,0,200,0,0,200,0,0,200,0,0,200,0,0,200,0,0,200,0,0,197,3,0,197,0,3,191,4,5,191,5,4,200,0,0,200,0,0,200,0,0,200,0,0,200,0,0,200,0,0,
490, 1,1,1,0.985,0.0025,0,0,0,1,1,1,0.99,0.0075,0,0,0,200,0,0,200,0,0,200,0,0,200,0,0,200,0,0,200,0,0,196,3,1,196,1,3,198,2,0,198,0,2,200,0,0,200,0,0,200,0,0,200,0,0,200,0,0,200,0,0,
500, 1,1,1,0.99,0.0275,0,0,0,1,1,1,0.9875,0.03,0,0,0,200,0,0,200,0,0,200,0,0,200,0,0,200,0,0,200,0,0,197,1,2,197,2,1,187,6,7,187,7,6,200,0,0,200,0,0,200,0,0,200,0,0,200,0,0,200,0,0,
510, 1,1,1,0.975,0.035,0,0,0,1,1,1,0.9775,0.0325,0,0,0,200,0,0,200,0,0,200,0,0,200,0,0,200,0,0,200,0,0,194,2,4,194,4,2,195,3,2,195,2,3,200,0,0,200,0,0,200,0,0,200,0,0,200,0,0,200,0,0,
520, 1,1,1,0.9925,0.015,0,0,0,1,1,1,0.995,0.0075,0,0,0,200,0,0,200,0,0,200,0,0,200,0,0,200,0,0,200,0,0,198,0,2,198,2,0,194,2,4,194,4,2,200,0,0,200,0,0,200,0,0,200,0,0,200,0,0,200,0,0,
530, 1,1,1,1,0,0,0,0,1,1,1,1,0,0,0,0,200,0,0,200,0,0,200,0,0,200,0,0,200,0,0,200,0,0,200,0,0,200,0,0,200,0,0,200,0,0,200,0,0,200,0,0,200,0,0,200,0,0,200,0,0,200,0,0,
540, 1,1,1,0.995,0.015,0,0,0,1,1,1,0.995,0.02,0,0,0,200,0,0,200,0,0,200,0,0,200,0,0,200,0,0,200,0,0,200,0,0,200,0,0,198,1,1,198,1,1,200,0,0,200,0,0,200,0,0,200,0,0,200,0,0,200,0,0,
550, 1,1,1,0.9875,0,0,0,0,1,1,1,0.9875,0,0,0,0,200,0,0,200,0,0,200,0,0,200,0,0,200,0,0,200,0,0,197,0,3,197,3,0,200,0,0,200,0,0,200,0,0,200,0,0,200,0,0,200,0,0,200,0,0,200,0,0,
560, 1,1,1,0.9775,0.01,0,0,0,1,1,1,0.9775,0.0075,0,0,0,200,0,0,200,0,0,200,0,0,200,0,0,200,0,0,200,0,0,197,3,0,197,0,3,198,1,1,198,1,1,200,0,0,200,0,0,200,0,0,200,0,0,200,0,0,200,0,0,
570, 1,1,1,0.995,0.0225,0,0,0,1,1,1,0.9925,0.02,0,0,0,200,0,0,200,0,0,200,0,0,200,0,0,199,0,1,199,1,0,194,2,4,194,4,2,197,0,3,197,3,0,200,0,0,200,0,0,200,0,0,200,0,0,200,0,0,200,0,0,
580, 1,1,1,0.995,0.0225,0,0,0,1,1,1,0.995,0.025,0,0,0,200,0,0,200,0,0,200,0,0,200,0,0,200,0,0,200,0,0,200,0,0,200,0,0,196,3,1,196,1,3,200,0,0,200,0,0,200,0,0,200,0,0,200,0,0,200,0,0,
590, 1,1,1,0.9775,0.0325,0,0,0,1,1,1,0.975,0.03,0,0,0,200,0,0,200,0,0,200,0,0,200,0,0,200,0,0,200,0,0,196,1,3,196,3,1,188,7,5,188,5,7,200,0,0,200,0,0,200,0,0,200,0,0,200,0,0,200,0,0,
600, 1,1,1,0.9775,0.0275,0,0,0,1,1,1,0.9725,0.0275,0,0,0,200,0,0,200,0,0,200,0,0,200,0,0,200,0,0,200,0,0,195,3,2,195,2,3,199,0,1,199,1,0,200,0,0,200,0,0,200,0,0,200,0,0,200,0,0,200,0,0,
610, 1,1,1,0.99,0.025,0,0,0,1,1,1,0.99,0.025,0,0,0,200,0,0,200,0,0,200,0,0,200,0,0,200,0,0,200,0,0,200,0,0,200,0,0,198,1,1,198,1,1,200,0,0,200,0,0,200,0,0,200,0,0,200,0,0,200,0,0,
620, 1,1,1,0.98,0,0,0,0,1,1,1,0.9875,0,0,0,0,200,0,0,200,0,0,200,0,0,200,0,0,200,0,0,200,0,0,198,1,1,198,1,1,200,0,0,200,0,0,200,0,0,200,0,0,200,0,0,200,0,0,200,0,0,200,0,0,
630, 1,1,1,0.9875,0.0075,0,0,0,1,1,1,0.9875,0.0075,0,0,0,200,0,0,200,0,0,200,0,0,200,0,0,200,0,0,200,0,0,196,4,0,196,0,4,197,1,2,197,2,1,200,0,0,200,0,0,200,0,0,200,0,0,200,0,0,200,0,0,
640, 1,1,1,0.99,0.02,0,0,0,1,1,1,0.9875,0.0175,0,0,0,200,0,0,200,0,0,200,0,0,200,0,0,200,0,0,200,0,0,196,2,2,196,2,2,194,6,0,194,0,6,200,0,0,200,0,0,200,0,0,200,0,0,200,0,0,200,0,0,
650, 1,1,1,0.9925,0.005,0,0,0,1,1,1,0.9925,0.005,0,0,0,200,0,0,200,0,0,200,0,0,200,0,0,200,0,0,200,0,0,200,0,0,200,0,0,199,1,0,199,0,1,200,0,0,200,0,0,200,0,0,200,0,0,200,0,0,200,0,0,
660, 1,1,1,0.99,0,0.0075,0,0,1,1,1,0.99,0,0,0,0,200,0,0,200,0,0,200,0,0,200,0,0,200,0,0,200,0,0,199,0,1,199,1,0,200,0,0,200,0,0,197,1,2,197,2,1,200,0,0,200,0,0,200,0,0,200,0,0,
670, 1,1,1,0.9925,0.01,0,0,0,1,1,1,0.9975,0.01,0,0,0,200,0,0,200,0,0,200,0,0,200,0,0,200,0,0,200,0,0,197,0,3,197,3,0,199,1,0,199,0,1,200,0,0,200,0,0,200,0,0,200,0,0,200,0,0,200,0,0,
680, 1,1,1,0.9925,0.01,0,0,0,1,1,1,0.995,0.01,0,0,0,200,0,0,200,0,0,200,0,0,200,0,0,200,0,0,200,0,0,194,6,0,194,0,6,197,1,2,197,2,1,200,0,0,200,0,0,200,0,0,200,0,0,200,0,0,200,0,0,
690, 1,1,1,0.9925,0,0,0,0,1,1,1,0.99,0,0,0,0,200,0,0,200,0,0,200,0,0,200,0,0,200,0,0,200,0,0,195,1,4,195,4,1,194,4,2,194,2,4,200,0,0,200,0,0,200,0,0,200,0,0,200,0,0,200,0,0,
700, 1,1,1,0.995,0.0025,0,0,0,1,1,1,0.9925,0,0,0,0,200,0,0,200,0,0,200,0,0,200,0,0,200,0,0,200,0,0,197,1,2,197,2,1,197,1,2,197,2,1,200,0,0,200,0,0,200,0,0,200,0,0,200,0,0,200,0,0,
710, 1,1,1,0.9825,0.015,0,0,0,1,1,1,0.9875,0.015,0,0,0,200,0,0,200,0,0,200,0,0,200,0,0,200,0,0,200,0,0,195,1,4,195,4,1,200,0,0,200,0,0,200,0,0,200,0,0,200,0,0,200,0,0,200,0,0,200,0,0,
720, 1,1,1,0.9725,0.025,0,0,0,1,1,1,0.9725,0.0275,0,0,0,200,0,0,200,0,0,200,0,0,200,0,0,200,0,0,200,0,0,200,0,0,200,0,0,197,3,0,197,0,3,200,0,0,200,0,0,200,0,0,200,0,0,200,0,0,200,0,0,
730, 1,1,1,0.99,0.0125,0,0,0,1,1,1,0.99,0.02,0,0,0,200,0,0,200,0,0,200,0,0,200,0,0,200,0,0,200,0,0,196,4,0,196,0,4,193,3,4,193,4,3,200,0,0,200,0,0,200,0,0,200,0,0,200,0,0,200,0,0,
740, 1,1,1,0.9825,0.02,0,0,0,1,1,1,0.99,0.02,0,0,0,200,0,0,200,0,0,200,0,0,200,0,0,200,0,0,200,0,0,195,4,1,195,1,4,199,0,1,199,1,0,200,0,0,200,0,0,200,0,0,200,0,0,200,0,0,200,0,0,
750, 1,1,1,0.9975,0.0375,0,0,0,1,1,1,0.995,0.025,0,0,0,200,0,0,200,0,0,200,0,0,200,0,0,200,0,0,200,0,0,192,0,8,192,8,0,193,1,6,193,6,1,200,0,0,200,0,0,200,0,0,200,0,0,200,0,0,200,0,0,
760, 1,1,1,0.98,0.02,0,0,0,1,1,1,0.98,0.02,0,0,0,200,0,0,200,0,0,200,0,0,200,0,0,200,0,0,200,0,0,200,0,0,200,0,0,200,0,0,200,0,0,200,0,0,200,0,0,200,0,0,200,0,0,200,0,0,200,0,0,
770, 1,1,1,0.995,0.0175,0,0,0,1,1,1,0.995,0.02,0.0025,0,0,200,0,0,200,0,0,200,0,0,200,0,0,200,0,0,200,0,0,199,0,1,199,1,0,193,1,6,193,6,1,199,0,1,199,1,0,200,0,0,200,0,0,200,0,0,200,0,0,
780, 1,1,1,0.9825,0.0175,0,0,0,1,1,1,0.9825,0.0125,0,0,0,200,0,0,200,0,0,200,0,0,200,0,0,200,0,0,200,0,0,199,1,0,199,0,1,196,4,0,196,0,4,200,0,0,200,0,0,200,0,0,200,0,0,200,0,0,200,0,0,
790, 1,1,1,0.995,0.0075,0,0,0,1,1,1,0.995,0.01,0,0,0,200,0,0,200,0,0,200,0,0,200,0,0,200,0,0,200,0,0,199,0,1,199,1,0,196,2,2,196,2,2,200,0,0,200,0,0,200,0,0,200,0,0,200,0,0,200,0,0,
800, 1,1,1,0.9725,0.025,0,0,0,1,1,1,0.9725,0.0225,0,0,0,200,0,0,200,0,0,200,0,0,200,0,0,200,0,0,200,0,0,197,2,1,197,1,2,192,4,4,192,4,4,200,0,0,200,0,0,200,0,0,200,0,0,200,0,0,200,0,0,
810, 1,1,1,0.995,0.0175,0,0,0,1,1,1,0.995,0.015,0,0,0,200,0,0,200,0,0,200,0,0,200,0,0,200,0,0,200,0,0,200,0,0,200,0,0,194,3,3,194,3,3,200,0,0,200,0,0,200,0,0,200,0,0,200,0,0,200,0,0,
820, 1,1,1,0.97,0,0,0,0,1,1,1,0.975,0,0,0,0,200,0,0,200,0,0,200,0,0,200,0,0,200,0,0,200,0,0,194,3,3,194,3,3,198,0,2,198,2,0,200,0,0,200,0,0,200,0,0,200,0,0,200,0,0,200,0,0,
830, 1,1,1,0.9825,0.005,0,0,0,1,1,1,0.9825,0.0125,0,0,0,200,0,0,200,0,0,200,0,0,200,0,0,200,0,0,200,0,0,199,1,0,199,0,1,199,0,1,199,1,0,200,0,0,200,0,0,200,0,0,200,0,0,200,0,0,200,0,0,
840, 1,1,1,0.97,0.0325,0,0,0,1,1,1,0.975,0.0325,0,0,0,200,0,0,200,0,0,200,0,0,200,0,0,200,0,0,200,0,0,189,10,1,189,1,10,197,1,2,197,2,1,200,0,0,200,0,0,200,0,0,200,0,0,200,0,0,200,0,0,
850, 1,1,1,0.9875,0.005,0,0,0,1,1,1,0.9875,0.005,0,0,0,200,0,0,200,0,0,200,0,0,200,0,0,200,0,0,200,0,0,198,2,0,198,0,2,197,2,1,197,1,2,200,0,0,200,0,0,200,0,0,200,0,0,200,0,0,200,0,0,
860, 1,1,1,0.9975,0.0125,0,0,0,1,1,1,1,0.01,0,0,0,200,0,0,200,0,0,200,0,0,200,0,0,200,0,0,200,0,0,198,2,0,198,0,2,198,2,0,198,0,2,200,0,0,200,0,0,200,0,0,200,0,0,200,0,0,200,0,0,
870, 1,1,1,0.9875,0.02,0,0,0,1,1,1,0.9875,0.0225,0,0,0,200,0,0,200,0,0,200,0,0,200,0,0,200,0,0,200,0,0,199,1,0,199,0,1,195,3,2,195,2,3,200,0,0,200,0,0,200,0,0,200,0,0,200,0,0,200,0,0,
880, 1,1,1,0.98,0.015,0,0,0,1,1,1,0.98,0.01,0,0,0,200,0,0,200,0,0,200,0,0,200,0,0,200,0,0,200,0,0,200,0,0,200,0,0,196,3,1,196,1,3,200,0,0,200,0,0,200,0,0,200,0,0,200,0,0,200,0,0,
890, 1,1,1,0.9975,0.0125,0,0,0,1,1,1,0.9975,0.015,0,0,0,200,0,0,200,0,0,200,0,0,200,0,0,200,0,0,200,0,0,198,2,0,198,0,2,199,1,0,199,0,1,200,0,0,200,0,0,200,0,0,200,0,0,200,0,0,200,0,0,
900, 1,1,1,0.9875,0.03,0,0,0,1,1,1,0.99,0.025,0,0,0,200,0,0,200,0,0,200,0,0,200,0,0,200,0,0,200,0,0,197,1,2,197,2,1,192,4,4,192,4,4,200,0,0,200,0,0,200,0,0,200,0,0,200,0,0,200,0,0,
910, 1,1,1,0.9725,0.0125,0,0,0,1,1,1,0.97,0.015,0,0,0,200,0,0,200,0,0,200,0,0,200,0,0,200,0,0,200,0,0,197,3,0,197,0,3,199,0,1,199,1,0,200,0,0,200,0,0,200,0,0,200,0,0,200,0,0,200,0,0,
920, 1,1,1,0.9925,0.0025,0,0,0,1,1,1,0.9925,0.01,0,0,0,200,0,0,200,0,0,200,0,0,200,0,0,200,0,0,200,0,0,199,0,1,199,1,0,195,2,3,195,3,2,200,0,0,200,0,0,200,0,0,200,0,0,200,0,0,200,0,0,
930, 1,1,1,1,0.0075,0,0,0,1,1,1,1,0.0075,0,0,0,200,0,0,200,0,0,200,0,0,200,0,0,200,0,0,200,0,0,199,1,0,199,0,1,196,4,0,196,0,4,200,0,0,200,0,0,200,0,0,200,0,0,200,0,0,200,0,0,
940, 1,1,1,0.9825,0,0,0,0,1,1,1,0.9775,0,0,0,0,200,0,0,200,0,0,200,0,0,200,0,0,200,0,0,200,0,0,191,8,1,191,1,8,197,3,0,197,0,3,200,0,0,200,0,0,200,0,0,200,0,0,200,0,0,200,0,0,
950, 1,1,1,0.975,0.0125,0,0,0,1,1,1,0.9725,0.0175,0,0,0,200,0,0,200,0,0,200,0,0,200,0,0,200,0,0,200,0,0,192,2,6,192,6,2,186,13,1,186,1,13,200,0,0,200,0,0,200,0,0,200,0,0,200,0,0,200,0,0,
960, 1,1,1,0.995,0.01,0,0,0,1,1,1,0.995,0.0125,0,0,0,200,0,0,200,0,0,200,0,0,200,0,0,200,0,0,200,0,0,199,0,1,199,1,0,197,1,2,197,2,1,200,0,0,200,0,0,200,0,0,200,0,0,200,0,0,200,0,0,
970, 1,1,1,1,0.0425,0,0,0,1,1,1,0.9975,0.04,0,0,0,200,0,0,200,0,0,200,0,0,200,0,0,200,0,0,200,0,0,195,0,5,195,5,0,191,8,1,191,1,8,199,0,1,199,1,0,200,0,0,200,0,0,200,0,0,200,0,0,
980, 1,1,1,0.995,0,0,0,0,1,1,1,0.995,0.0025,0,0,0,200,0,0,200,0,0,200,0,0,200,0,0,200,0,0,200,0,0,200,0,0,200,0,0,196,0,4,196,4,0,200,0,0,200,0,0,200,0,0,200,0,0,200,0,0,200,0,0,
990, 1,1,0.9975,0.9725,0.0175,0,0,0,1,1,1,0.9825,0.03,0,0,0,200,0,0,200,0,0,200,0,0,200,0,0,198,0,2,198,2,0,195,0,5,195,5,0,195,0,5,195,5,0,200,0,0,200,0,0,200,0,0,200,0,0,200,0,0,200,0,0,
