gen, d0l0, d1l0, d2l0, d3l0, d4l0, d5l0, d6l0, d7l0, d8l0, d9l0, d10l0, d11l0, d12l0, d13l0, d14l0, d15l0, d16l0, d17l0, d18l0, d19l0, d0l1, d1l1, d2l1, d3l1, d4l1, d5l1, d6l1, d7l1, d8l1, d9l1, d10l1, d11l1, d12l1, d13l1, d14l1, d15l1, d16l1, d17l1, d18l1, d19l1, d0W1, d0W0.449329, d0W0.45578, d0W1, d0W0.45578, d0W0.449329, d1W1, d1W0.449329, d1W0.45578, d1W1, d1W0.45578, d1W0.449329, d2W1, d2W0.449329, d2W0.45578, d2W1, d2W0.45578, d2W0.449329, d3W1, d3W0.449329, d3W0.45578, d3W1, d3W0.45578, d3W0.449329, d4W1, d4W0.449329, d4W0.45578, d4W1, d4W0.45578, d4W0.449329, d5W1, d5W0.449329, d5W0.45578, d5W1, d5W0.45578, d5W0.449329, d6W1, d6W0.449329, d6W0.45578, d6W1, d6W0.45578, d6W0.449329, d7W1, d7W0.449329, d7W0.45578, d7W1, d7W0.45578, d7W0.449329, d8W1, d8W0.449329, d8W0.45578, d8W1, d8W0.45578, d8W0.449329, d9W1, d9W0.449329, d9W0.45578, d9W1, d9W0.45578, d9W0.449329, d10W1, d10W0.449329, d10W0.45578, d10W1, d10W0.45578, d10W0.449329, d11W1, d11W0.449329, d11W0.45578, d11W1, d11W0.45578, d11W0.449329, d12W1, d12W0.449329, d12W0.45578, d12W1, d12W0.45578, d12W0.449329, d13W1, d13W0.449329, d13W0.45578, d13W1, d13W0.45578, d13W0.449329, d14W1, d14W0.449329, d14W0.45578, d14W1, d14W0.45578, d14W0.449329, d15W1, d15W0.449329, d15W0.45578, d15W1, d15W0.45578, d15W0.449329, d16W1, d16W0.449329, d16W0.45578, d16W1, d16W0.45578, d16W0.449329, d17W1, d17W0.449329, d17W0.45578, d17W1, d17W0.45578, d17W0.449329, d18W1, d18W0.449329, d18W0.45578, d18W1, d18W0.45578, d18W0.449329, d19W1, d19W0.449329, d19W0.45578, d19W1, d19W0.45578, d19W0.449329, 
0, 1,1,1,1,1,1,1,1,0.9975,0.8975,0.1325,0.0125,0,0,0,0,0,0,0,0,1,1,1,1,1,1,1,1,0.995,0.875,0.13,0.0125,0,0,0,0,0,0,0,0,200,0,0,200,0,0,200,0,0,200,0,0,200,0,0,200,0,0,200,0,0,200,0,0,200,0,0,200,0,0,200,0,0,200,0,0,200,0,0,200,0,0,200,0,0,200,0,0,195,2,3,195,3,2,160,14,26,160,26,14,146,25,29,146,29,25,197,2,1,197,1,2,200,0,0,200,0,0,200,0,0,200,0,0,200,0,0,200,0,0,200,0,0,200,0,0,200,0,0,200,0,0,200,0,0,200,0,0,200,0,0,200,0,0,200,0,0,200,0,0,
10, 1,1,1,1,1,1,1,1,0.99,0.8875,0.0925,0.005,0,0,0,0,0,0,0,0,1,1,1,1,1,1,1,1,0.9975,0.8975,0.09,0.01,0.005,0,0,0,0,0,0,0,200,0,0,200,0,0,200,0,0,200,0,0,200,0,0,200,0,0,200,0,0,200,0,0,200,0,0,200,0,0,200,0,0,200,0,0,200,0,0,200,0,0,199,0,1,199,1,0,197,1,2,197,2,1,174,20,6,174,6,20,166,16,18,166,18,16,196,3,1,196,1,3,198,0,2,198,2,0,200,0,0,200,0,0,200,0,0,200,0,0,200,0,0,200,0,0,200,0,0,200,0,0,200,0,0,200,0,0,200,0,0,200,0,0,200,0,0,200,0,0,
20, 1,1,1,1,1,1,1,1,0.995,0.8075,0.115,0.0025,0,0,0,0,0,0,0,0,1,1,1,1,1,1,1,1,0.99,0.7925,0.1125,0,0,0,0,0,0,0,0,0,200,0,0,200,0,0,200,0,0,200,0,0,200,0,0,200,0,0,200,0,0,200,0,0,200,0,0,200,0,0,200,0,0,200,0,0,200,0,0,200,0,0,200,0,0,200,0,0,197,2,1,197,1,2,154,30,16,154,16,30,168,22,10,168,10,22,197,2,1,197,1,2,200,0,0,200,0,0,200,0,0,200,0,0,200,0,0,200,0,0,200,0,0,200,0,0,200,0,0,200,0,0,200,0,0,200,0,0,200,0,0,200,0,0,200,0,0,200,0,0,
30, 1,1,1,1,1,1,1,1,0.99,0.83,0.135,0.0075,0,0,0,0,0,0,0,0,1,1,1,1,1,1,1,1,0.985,0.7875,0.12,0.0125,0.0025,0,0,0,0,0,0,0,200,0,0,200,0,0,200,0,0,200,0,0,200,0,0,200,0,0,200,0,0,200,0,0,200,0,0,200,0,0,200,0,0,200,0,0,200,0,0,200,0,0,200,0,0,200,0,0,195,3,2,195,2,3,136,35,29,136,29,35,162,16,22,162,22,16,191,4,5,191,5,4,200,0,0,200,0,0,200,0,0,200,0,0,200,0,0,200,0,0,200,0,0,200,0,0,200,0,0,200,0,0,200,0,0,200,0,0,200,0,0,200,0,0,200,0,0,200,0,0,
40, 1,1,1,1,1,1,1,1,0.9925,0.8375,0.125,0.015,0,0,0,0,0,0,0,0,1,1,1,1,1,1,1,1,0.985,0.86,0.1375,0.0025,0,0,0,0,0,0,0,0,200,0,0,200,0,0,200,0,0,200,0,0,200,0,0,200,0,0,200,0,0,200,0,0,200,0,0,200,0,0,200,0,0,200,0,0,200,0,0,200,0,0,200,0,0,200,0,0,197,2,1,197,1,2,148,27,25,148,25,27,155,31,14,155,14,31,193,0,7,193,7,0,200,0,0,200,0,0,200,0,0,200,0,0,200,0,0,200,0,0,200,0,0,200,0,0,200,0,0,200,0,0,200,0,0,200,0,0,200,0,0,200,0,0,200,0,0,200,0,0,
50, 1,1,1,1,1,1,1,0.9975,0.9975,0.8225,0.125,0.0025,0,0,0,0,0,0,0,0,1,1,1,1,1,1,1,0.9975,0.995,0.8375,0.1225,0.0075,0,0,0,0,0,0,0,0,200,0,0,200,0,0,200,0,0,200,0,0,200,0,0,200,0,0,200,0,0,200,0,0,200,0,0,200,0,0,200,0,0,200,0,0,200,0,0,200,0,0,200,0,0,200,0,0,197,3,0,197,0,3,161,26,13,161,13,26,147,22,31,147,31,22,195,2,3,195,3,2,200,0,0,200,0,0,200,0,0,200,0,0,200,0,0,200,0,0,200,0,0,200,0,0,200,0,0,200,0,0,200,0,0,200,0,0,200,0,0,200,0,0,200,0,0,200,0,0,
60, 1,1,1,1,1,1,1,1,0.9925,0.9225,0.1325,0.005,0,0,0,0,0,0,0,0,1,1,1,1,1,1,1,1,0.9875,0.9225,0.1125,0.005,0,0,0,0,0,0,0,0,200,0,0,200,0,0,200,0,0,200,0,0,200,0,0,200,0,0,200,0,0,200,0,0,200,0,0,200,0,0,200,0,0,200,0,0,200,0,0,200,0,0,200,0,0,200,0,0,193,4,3,193,3,4,150,24,26,150,26,24,148,22,30,148,30,22,196,1,3,196,3,1,199,0,1,199,1,0,200,0,0,200,0,0,200,0,0,200,0,0,200,0,0,200,0,0,200,0,0,200,0,0,200,0,0,200,0,0,200,0,0,200,0,0,200,0,0,200,0,0,
70, 1,1,1,1,1,1,1,1,0.9925,0.895,0.15,0.0125,0,0,0,0,0,0,0,0,1,1,1,1,1,1,1,0.9975,0.995,0.8825,0.155,0.0125,0,0,0,0,0,0,0,0,200,0,0,200,0,0,200,0,0,200,0,0,200,0,0,200,0,0,200,0,0,200,0,0,200,0,0,200,0,0,200,0,0,200,0,0,200,0,0,200,0,0,199,0,1,199,1,0,197,0,3,197,3,0,163,23,14,163,14,23,149,30,21,149,21,30,194,3,3,194,3,3,200,0,0,200,0,0,200,0,0,200,0,0,200,0,0,200,0,0,200,0,0,200,0,0,200,0,0,200,0,0,200,0,0,200,0,0,200,0,0,200,0,0,200,0,0,200,0,0,
80, 1,1,1,1,1,1,1,1,0.9925,0.8875,0.065,0.0075,0,0,0,0,0,0,0,0,1,1,1,1,1,1,1,1,1,0.89,0.07,0.0075,0,0,0,0,0,0,0,0,200,0,0,200,0,0,200,0,0,200,0,0,200,0,0,200,0,0,200,0,0,200,0,0,200,0,0,200,0,0,200,0,0,200,0,0,200,0,0,200,0,0,200,0,0,200,0,0,197,0,3,197,3,0,158,25,17,158,17,25,165,22,13,165,13,22,196,3,1,196,1,3,200,0,0,200,0,0,200,0,0,200,0,0,200,0,0,200,0,0,200,0,0,200,0,0,200,0,0,200,0,0,200,0,0,200,0,0,200,0,0,200,0,0,200,0,0,200,0,0,
90, 1,1,1,1,1,1,1,1,0.995,0.8775,0.1025,0.005,0,0,0,0,0,0,0,0,1,1,1,1,1,1,1,1,0.9925,0.88,0.1275,0.0075,0,0,0,0,0,0,0,0,200,0,0,200,0,0,200,0,0,200,0,0,200,0,0,200,0,0,200,0,0,200,0,0,200,0,0,200,0,0,200,0,0,200,0,0,200,0,0,200,0,0,199,0,1,199,1,0,194,1,5,194,5,1,156,23,21,156,21,23,157,29,14,157,14,29,197,0,3,197,3,0,200,0,0,200,0,0,200,0,0,200,0,0,200,0,0,200,0,0,200,0,0,200,0,0,200,0,0,200,0,0,200,0,0,200,0,0,200,0,0,200,0,0,200,0,0,200,0,0,
100, 1,1,1,1,1,1,1,1,0.9875,0.84,0.175,0.0025,0,0,0,0,0,0,0,0,1,1,1,1,1,1,1,1,0.985,0.8275,0.17,0.005,0,0,0,0,0,0,0,0,200,0,0,200,0,0,200,0,0,200,0,0,200,0,0,200,0,0,200,0,0,200,0,0,200,0,0,200,0,0,200,0,0,200,0,0,200,0,0,200,0,0,200,0,0,200,0,0,197,3,0,197,0,3,142,38,20,142,20,38,141,29,30,141,30,29,196,1,3,196,3,1,200,0,0,200,0,0,200,0,0,200,0,0,200,0,0,200,0,0,200,0,0,200,0,0,200,0,0,200,0,0,200,0,0,200,0,0,200,0,0,200,0,0,200,0,0,200,0,0,
110, 1,1,1,1,1,1,1,1,0.9925,0.9175,0.245,0.0075,0,0,0,0,0,0,0,0,1,1,1,1,1,1,1,1,0.995,0.905,0.2225,0.005,0,0,0,0,0,0,0,0,200,0,0,200,0,0,200,0,0,200,0,0,200,0,0,200,0,0,200,0,0,200,0,0,200,0,0,200,0,0,200,0,0,200,0,0,200,0,0,200,0,0,200,0,0,200,0,0,196,4,0,196,0,4,166,16,18,166,18,16,121,41,38,121,38,41,196,1,3,196,3,1,200,0,0,200,0,0,200,0,0,200,0,0,200,0,0,200,0,0,200,0,0,200,0,0,200,0,0,200,0,0,200,0,0,200,0,0,200,0,0,200,0,0,200,0,0,200,0,0,
120, 1,1,1,1,1,1,1,1,0.995,0.89,0.1575,0,0,0,0,0,0,0,0,0,1,1,1,1,1,1,1,1,0.995,0.8775,0.1575,0.005,0,0,0,0,0,0,0,0,200,0,0,200,0,0,200,0,0,200,0,0,200,0,0,200,0,0,200,0,0,200,0,0,200,0,0,200,0,0,200,0,0,200,0,0,200,0,0,200,0,0,200,0,0,200,0,0,197,1,2,197,2,1,173,16,11,173,11,16,164,29,7,164,7,29,199,0,1,199,1,0,200,0,0,200,0,0,200,0,0,200,0,0,200,0,0,200,0,0,200,0,0,200,0,0,200,0,0,200,0,0,200,0,0,200,0,0,200,0,0,200,0,0,200,0,0,200,0,0,
130, 1,1,1,1,1,1,1,1,0.995,0.87,0.205,0.0175,0,0,0,0,0,0,0,0,1,1,1,1,1,1,1,0.9975,0.9975,0.8725,0.1975,0.02,0,0,0,0,0,0,0,0,200,0,0,200,0,0,200,0,0,200,0,0,200,0,0,200,0,0,200,0,0,200,0,0,200,0,0,200,0,0,200,0,0,200,0,0,200,0,0,200,0,0,200,0,0,200,0,0,199,0,1,199,1,0,174,19,7,174,7,19,157,31,12,157,12,31,197,2,1,197,1,2,200,0,0,200,0,0,200,0,0,200,0,0,200,0,0,200,0,0,200,0,0,200,0,0,200,0,0,200,0,0,200,0,0,200,0,0,200,0,0,200,0,0,200,0,0,200,0,0,
140, 1,1,1,1,1,1,1,1,0.9825,0.8375,0.1825,0.0175,0,0,0,0,0,0,0,0,1,1,1,1,1,1,1,1,0.985,0.83,0.19,0.01,0.0025,0,0,0,0,0,0,0,200,0,0,200,0,0,200,0,0,200,0,0,200,0,0,200,0,0,200,0,0,200,0,0,200,0,0,200,0,0,200,0,0,200,0,0,200,0,0,200,0,0,200,0,0,200,0,0,189,6,5,189,5,6,149,32,19,149,19,32,156,26,18,156,18,26,195,2,3,195,3,2,200,0,0,200,0,0,200,0,0,200,0,0,200,0,0,200,0,0,200,0,0,200,0,0,200,0,0,200,0,0,200,0,0,200,0,0,200,0,0,200,0,0,200,0,0,200,0,0,
150, 1,1,1,1,1,1,1,1,0.995,0.8375,0.12,0.005,0,0,0,0,0,0,0,0,1,1,1,1,1,1,1,1,0.9975,0.8525,0.1225,0.0025,0,0,0,0,0,0,0,0,200,0,0,200,0,0,200,0,0,200,0,0,200,0,0,200,0,0,200,0,0,200,0,0,200,0,0,200,0,0,200,0,0,200,0,0,200,0,0,200,0,0,199,0,1,199,1,0,197,1,2,197,2,1,158,31,11,158,11,31,170,20,10,170,10,20,197,2,1,197,1,2,200,0,0,200,0,0,200,0,0,200,0,0,200,0,0,200,0,0,200,0,0,200,0,0,200,0,0,200,0,0,200,0,0,200,0,0,200,0,0,200,0,0,200,0,0,200,0,0,
160, 1,1,1,1,1,1,1,1,0.985,0.8575,0.0825,0.005,0.0025,0,0,0,0,0,0,0,1,1,1,1,1,1,1,1,0.985,0.825,0.0975,0.0025,0,0,0,0,0,0,0,0,200,0,0,200,0,0,200,0,0,200,0,0,200,0,0,200,0,0,200,0,0,200,0,0,200,0,0,200,0,0,200,0,0,200,0,0,200,0,0,200,0,0,200,0,0,200,0,0,192,2,6,192,6,2,141,36,23,141,23,36,176,7,17,176,17,7,196,0,4,196,4,0,200,0,0,200,0,0,200,0,0,200,0,0,200,0,0,200,0,0,200,0,0,200,0,0,200,0,0,200,0,0,200,0,0,200,0,0,200,0,0,200,0,0,200,0,0,200,0,0,
170, 1,1,1,1,1,1,1,1,0.99,0.8725,0.1025,0.0125,0,0,0,0,0,0,0,0,1,1,1,1,1,1,1,1,0.9925,0.885,0.0975,0.0075,0,0,0,0,0,0,0,0,200,0,0,200,0,0,200,0,0,200,0,0,200,0,0,200,0,0,200,0,0,200,0,0,200,0,0,200,0,0,200,0,0,200,0,0,200,0,0,200,0,0,200,0,0,200,0,0,193,5,2,193,2,5,166,23,11,166,11,23,166,18,16,166,16,18,194,3,3,194,3,3,200,0,0,200,0,0,200,0,0,200,0,0,200,0,0,200,0,0,200,0,0,200,0,0,200,0,0,200,0,0,200,0,0,200,0,0,200,0,0,200,0,0,200,0,0,200,0,0,
180, 1,1,1,1,1,1,1,1,1,0.9075,0.14,0.01,0,0,0,0,0,0,0,0,1,1,1,1,1,1,1,1,1,0.9275,0.1025,0.0125,0,0,0,0,0,0,0,0,200,0,0,200,0,0,200,0,0,200,0,0,200,0,0,200,0,0,200,0,0,200,0,0,200,0,0,200,0,0,200,0,0,200,0,0,200,0,0,200,0,0,200,0,0,200,0,0,196,0,4,196,4,0,167,20,13,167,13,20,159,18,23,159,23,18,194,1,5,194,5,1,200,0,0,200,0,0,200,0,0,200,0,0,200,0,0,200,0,0,200,0,0,200,0,0,200,0,0,200,0,0,200,0,0,200,0,0,200,0,0,200,0,0,200,0,0,200,0,0,
190, 1,1,1,1,1,1,1,1,0.9925,0.9125,0.1275,0.02,0,0,0,0,0,0,0,0,1,1,1,1,1,1,1,1,0.9925,0.9,0.145,0.02,0,0,0,0,0,0,0,0,200,0,0,200,0,0,200,0,0,200,0,0,200,0,0,200,0,0,200,0,0,200,0,0,200,0,0,200,0,0,200,0,0,200,0,0,200,0,0,200,0,0,200,0,0,200,0,0,194,3,3,194,3,3,166,12,22,166,22,12,165,18,17,165,17,18,198,2,0,198,0,2,200,0,0,200,0,0,200,0,0,200,0,0,200,0,0,200,0,0,200,0,0,200,0,0,200,0,0,200,0,0,200,0,0,200,0,0,200,0,0,200,0,0,200,0,0,200,0,0,
200, 1,1,1,1,1,1,1,1,0.9925,0.8725,0.125,0.005,0,0,0,0,0,0,0,0,1,1,1,1,1,1,1,1,0.9925,0.8525,0.11,0.01,0,0,0,0,0,0,0,0,200,0,0,200,0,0,200,0,0,200,0,0,200,0,0,200,0,0,200,0,0,200,0,0,200,0,0,200,0,0,200,0,0,200,0,0,200,0,0,200,0,0,200,0,0,200,0,0,194,2,4,194,4,2,153,27,20,153,20,27,158,19,23,158,23,19,196,2,2,196,2,2,200,0,0,200,0,0,200,0,0,200,0,0,200,0,0,200,0,0,200,0,0,200,0,0,200,0,0,200,0,0,200,0,0,200,0,0,200,0,0,200,0,0,200,0,0,200,0,0,
210, 1,1,1,1,1,1,1,1,0.9925,0.8375,0.1325,0.005,0,0,0,0,0,0,0,0,1,1,1,1,1,1,1,1,0.9975,0.855,0.13,0.0025,0,0,0,0,0,0,0,0,200,0,0,200,0,0,200,0,0,200,0,0,200,0,0,200,0,0,200,0,0,200,0,0,200,0,0,200,0,0,200,0,0,200,0,0,200,0,0,200,0,0,200,0,0,200,0,0,196,2,2,196,2,2,164,27,9,164,9,27,166,20,14,166,14,20,199,0,1,199,1,0,200,0,0,200,0,0,200,0,0,200,0,0,200,0,0,200,0,0,200,0,0,200,0,0,200,0,0,200,0,0,200,0,0,200,0,0,200,0,0,200,0,0,200,0,0,200,0,0,
220, 1,1,1,1,1,1,1,1,1,0.905,0.2025,0.0125,0,0,0,0,0,0,0,0,1,1,1,1,1,1,1,1,1,0.8925,0.17,0.01,0,0,0,0,0,0,0,0,200,0,0,200,0,0,200,0,0,200,0,0,200,0,0,200,0,0,200,0,0,200,0,0,200,0,0,200,0,0,200,0,0,200,0,0,200,0,0,200,0,0,200,0,0,200,0,0,199,1,0,199,0,1,164,23,13,164,13,23,145,25,30,145,30,25,198,1,1,198,1,1,200,0,0,200,0,0,200,0,0,200,0,0,200,0,0,200,0,0,200,0,0,200,0,0,200,0,0,200,0,0,200,0,0,200,0,0,200,0,0,200,0,0,200,0,0,200,0,0,
230, 1,1,1,1,1,1,1,1,0.99,0.8825,0.1625,0.0175,0,0,0,0,0,0,0,0,1,1,1,1,1,1,1,1,0.9875,0.87,0.185,0.0225,0.0025,0,0,0,0,0,0,0,200,0,0,200,0,0,200,0,0,200,0,0,200,0,0,200,0,0,200,0,0,200,0,0,200,0,0,200,0,0,200,0,0,200,0,0,200,0,0,200,0,0,200,0,0,200,0,0,193,4,3,193,3,4,168,17,15,168,15,17,143,28,29,143,29,28,190,5,5,190,5,5,199,0,1,199,1,0,200,0,0,200,0,0,200,0,0,200,0,0,200,0,0,200,0,0,200,0,0,200,0,0,200,0,0,200,0,0,200,0,0,200,0,0,200,0,0,200,0,0,
240, 1,1,1,1,1,1,1,1,0.995,0.8825,0.1375,0.015,0,0,0,0,0,0,0,0,1,1,1,1,1,1,1,1,0.9975,0.865,0.12,0.015,0,0,0,0,0,0,0,0,200,0,0,200,0,0,200,0,0,200,0,0,200,0,0,200,0,0,200,0,0,200,0,0,200,0,0,200,0,0,200,0,0,200,0,0,200,0,0,200,0,0,200,0,0,200,0,0,196,2,2,196,2,2,148,17,35,148,35,17,147,24,29,147,29,24,196,1,3,196,3,1,200,0,0,200,0,0,200,0,0,200,0,0,200,0,0,200,0,0,200,0,0,200,0,0,200,0,0,200,0,0,200,0,0,200,0,0,200,0,0,200,0,0,200,0,0,200,0,0,
250, 1,1,1,1,1,1,1,1,0.9825,0.8525,0.1075,0,0,0,0,0,0,0,0,0,1,1,1,1,1,1,1,1,0.9925,0.84,0.12,0.005,0,0,0,0,0,0,0,0,200,0,0,200,0,0,200,0,0,200,0,0,200,0,0,200,0,0,200,0,0,200,0,0,200,0,0,200,0,0,200,0,0,200,0,0,200,0,0,200,0,0,200,0,0,200,0,0,191,6,3,191,3,6,149,27,24,149,24,27,158,23,19,158,19,23,199,0,1,199,1,0,200,0,0,200,0,0,200,0,0,200,0,0,200,0,0,200,0,0,200,0,0,200,0,0,200,0,0,200,0,0,200,0,0,200,0,0,200,0,0,200,0,0,200,0,0,200,0,0,
260, 1,1,1,1,1,1,1,1,0.9975,0.93,0.2275,0.0125,0,0,0,0,0,0,0,0,1,1,1,1,1,1,1,1,0.9925,0.9175,0.24,0.0125,0,0,0,0,0,0,0,0,200,0,0,200,0,0,200,0,0,200,0,0,200,0,0,200,0,0,200,0,0,200,0,0,200,0,0,200,0,0,200,0,0,200,0,0,200,0,0,200,0,0,200,0,0,200,0,0,195,2,3,195,3,2,171,15,14,171,14,15,141,32,27,141,27,32,195,2,3,195,3,2,200,0,0,200,0,0,200,0,0,200,0,0,200,0,0,200,0,0,200,0,0,200,0,0,200,0,0,200,0,0,200,0,0,200,0,0,200,0,0,200,0,0,200,0,0,200,0,0,
270, 1,1,1,1,1,1,1,1,0.9975,0.9,0.1625,0.015,0,0,0,0,0,0,0,0,1,1,1,1,1,1,1,1,0.9975,0.8875,0.1425,0.015,0,0,0,0,0,0,0,0,200,0,0,200,0,0,200,0,0,200,0,0,200,0,0,200,0,0,200,0,0,200,0,0,200,0,0,200,0,0,200,0,0,200,0,0,200,0,0,200,0,0,200,0,0,200,0,0,192,4,4,192,4,4,145,30,25,145,25,30,148,20,32,148,32,20,192,2,6,192,6,2,200,0,0,200,0,0,200,0,0,200,0,0,200,0,0,200,0,0,200,0,0,200,0,0,200,0,0,200,0,0,200,0,0,200,0,0,200,0,0,200,0,0,200,0,0,200,0,0,
280, 1,1,1,1,1,1,1,1,1,0.8975,0.175,0.02,0,0,0,0,0,0,0,0,1,1,1,1,1,1,1,1,1,0.905,0.1675,0.0125,0,0,0,0,0,0,0,0,200,0,0,200,0,0,200,0,0,200,0,0,200,0,0,200,0,0,200,0,0,200,0,0,200,0,0,200,0,0,200,0,0,200,0,0,200,0,0,200,0,0,200,0,0,200,0,0,196,1,3,196,3,1,166,21,13,166,13,21,156,34,10,156,10,34,191,5,4,191,4,5,200,0,0,200,0,0,200,0,0,200,0,0,200,0,0,200,0,0,200,0,0,200,0,0,200,0,0,200,0,0,200,0,0,200,0,0,200,0,0,200,0,0,200,0,0,200,0,0,
290, 1,1,1,1,1,1,1,1,0.9825,0.845,0.1325,0.005,0,0,0,0,0,0,0,0,1,1,1,1,1,1,1,1,0.985,0.84,0.1325,0.0025,0,0,0,0,0,0,0,0,200,0,0,200,0,0,200,0,0,200,0,0,200,0,0,200,0,0,200,0,0,200,0,0,200,0,0,200,0,0,200,0,0,200,0,0,200,0,0,200,0,0,200,0,0,200,0,0,198,2,0,198,0,2,145,32,23,145,23,32,161,20,19,161,19,20,196,3,1,196,1,3,200,0,0,200,0,0,200,0,0,200,0,0,200,0,0,200,0,0,200,0,0,200,0,0,200,0,0,200,0,0,200,0,0,200,0,0,200,0,0,200,0,0,200,0,0,200,0,0,
300, 1,1,1,1,1,1,1,1,0.9875,0.7825,0.115,0.005,0,0,0,0,0,0,0,0,1,1,1,1,1,1,1,1,0.9925,0.7925,0.1075,0.0075,0,0,0,0,0,0,0,0,200,0,0,200,0,0,200,0,0,200,0,0,200,0,0,200,0,0,200,0,0,200,0,0,200,0,0,200,0,0,200,0,0,200,0,0,200,0,0,200,0,0,200,0,0,200,0,0,199,1,0,199,0,1,149,27,24,149,24,27,164,24,12,164,12,24,198,1,1,198,1,1,200,0,0,200,0,0,200,0,0,200,0,0,200,0,0,200,0,0,200,0,0,200,0,0,200,0,0,200,0,0,200,0,0,200,0,0,200,0,0,200,0,0,200,0,0,200,0,0,
310, 1,1,1,1,1,1,1,1,0.9925,0.875,0.165,0.0125,0,0,0,0,0,0,0,0,1,1,1,1,1,1,1,1,0.985,0.8575,0.14,0.0225,0.0025,0,0,0,0,0,0,0,200,0,0,200,0,0,200,0,0,200,0,0,200,0,0,200,0,0,200,0,0,200,0,0,200,0,0,200,0,0,200,0,0,200,0,0,200,0,0,200,0,0,200,0,0,200,0,0,196,3,1,196,1,3,142,22,36,142,36,22,148,27,25,148,25,27,196,1,3,196,3,1,200,0,0,200,0,0,200,0,0,200,0,0,200,0,0,200,0,0,200,0,0,200,0,0,200,0,0,200,0,0,200,0,0,200,0,0,200,0,0,200,0,0,200,0,0,200,0,0,
320, 1,1,1,1,1,1,1,1,0.9925,0.8725,0.1225,0.0175,0.0025,0,0,0,0,0,0,0,1,1,1,1,1,1,1,1,0.9975,0.885,0.11,0.0275,0,0,0,0,0,0,0,0,200,0,0,200,0,0,200,0,0,200,0,0,200,0,0,200,0,0,200,0,0,200,0,0,200,0,0,200,0,0,200,0,0,200,0,0,200,0,0,200,0,0,200,0,0,200,0,0,192,3,5,192,5,3,153,19,28,153,28,19,160,15,25,160,25,15,189,4,7,189,7,4,200,0,0,200,0,0,200,0,0,200,0,0,200,0,0,200,0,0,200,0,0,200,0,0,200,0,0,200,0,0,200,0,0,200,0,0,200,0,0,200,0,0,200,0,0,200,0,0,
330, 1,1,1,1,1,1,1,1,0.985,0.8375,0.12,0.01,0,0,0,0,0,0,0,0,1,1,1,1,1,1,1,1,0.9925,0.8175,0.1275,0.005,0,0,0,0,0,0,0,0,200,0,0,200,0,0,200,0,0,200,0,0,200,0,0,200,0,0,200,0,0,200,0,0,200,0,0,200,0,0,200,0,0,200,0,0,200,0,0,200,0,0,200,0,0,200,0,0,190,1,9,190,9,1,143,29,28,143,28,29,151,27,22,151,22,27,194,3,3,194,3,3,200,0,0,200,0,0,200,0,0,200,0,0,200,0,0,200,0,0,200,0,0,200,0,0,200,0,0,200,0,0,200,0,0,200,0,0,200,0,0,200,0,0,200,0,0,200,0,0,
340, 1,1,1,1,1,1,1,0.9975,0.9925,0.8375,0.1575,0.005,0,0,0,0,0,0,0,0,1,1,1,1,1,1,1,1,0.9875,0.81,0.17,0.0175,0,0,0,0,0,0,0,0,200,0,0,200,0,0,200,0,0,200,0,0,200,0,0,200,0,0,200,0,0,200,0,0,200,0,0,200,0,0,200,0,0,200,0,0,200,0,0,200,0,0,198,0,2,198,2,0,194,2,4,194,4,2,162,25,13,162,13,25,168,24,8,168,8,24,191,2,7,191,7,2,200,0,0,200,0,0,200,0,0,200,0,0,200,0,0,200,0,0,200,0,0,200,0,0,200,0,0,200,0,0,200,0,0,200,0,0,200,0,0,200,0,0,200,0,0,200,0,0,
350, 1,1,1,1,1,1,1,1,0.9975,0.83,0.1,0,0,0,0,0,0,0,0,0,1,1,1,1,1,1,1,1,0.9925,0.835,0.095,0.0025,0,0,0,0,0,0,0,0,200,0,0,200,0,0,200,0,0,200,0,0,200,0,0,200,0,0,200,0,0,200,0,0,200,0,0,200,0,0,200,0,0,200,0,0,200,0,0,200,0,0,200,0,0,200,0,0,188,3,9,188,9,3,142,27,31,142,31,27,165,15,20,165,20,15,198,0,2,198,2,0,200,0,0,200,0,0,200,0,0,200,0,0,200,0,0,200,0,0,200,0,0,200,0,0,200,0,0,200,0,0,200,0,0,200,0,0,200,0,0,200,0,0,200,0,0,200,0,0,
360, 1,1,1,1,1,1,1,1,0.9975,0.8775,0.1525,0,0,0,0,0,0,0,0,0,1,1,1,1,1,1,1,1,0.9875,0.895,0.145,0.0025,0,0,0,0,0,0,0,0,200,0,0,200,0,0,200,0,0,200,0,0,200,0,0,200,0,0,200,0,0,200,0,0,200,0,0,200,0,0,200,0,0,200,0,0,200,0,0,200,0,0,200,0,0,200,0,0,195,1,4,195,4,1,162,16,22,162,22,16,164,16,20,164,20,16,199,0,1,199,1,0,200,0,0,200,0,0,200,0,0,200,0,0,200,0,0,200,0,0,200,0,0,200,0,0,200,0,0,200,0,0,200,0,0,200,0,0,200,0,0,200,0,0,200,0,0,200,0,0,
370, 1,1,1,1,1,1,1,1,0.9975,0.88,0.1325,0.0075,0,0,0,0,0,0,0,0,1,1,1,1,1,1,1,1,0.9975,0.87,0.1525,0.005,0,0,0,0,0,0,0,0,200,0,0,200,0,0,200,0,0,200,0,0,200,0,0,200,0,0,200,0,0,200,0,0,200,0,0,200,0,0,200,0,0,200,0,0,200,0,0,200,0,0,200,0,0,200,0,0,197,0,3,197,3,0,163,18,19,163,19,18,142,40,18,142,18,40,196,2,2,196,2,2,200,0,0,200,0,0,200,0,0,200,0,0,200,0,0,200,0,0,200,0,0,200,0,0,200,0,0,200,0,0,200,0,0,200,0,0,200,0,0,200,0,0,200,0,0,200,0,0,
380, 1,1,1,1,1,1,1,0.9975,0.99,0.875,0.1775,0.0075,0.005,0,0,0,0,0,0,0,1,1,1,1,1,1,1,1,0.9875,0.875,0.17,0.0025,0.0025,0,0,0,0,0,0,0,200,0,0,200,0,0,200,0,0,200,0,0,200,0,0,200,0,0,200,0,0,200,0,0,200,0,0,200,0,0,200,0,0,200,0,0,200,0,0,200,0,0,200,0,0,200,0,0,197,1,2,197,2,1,166,11,23,166,23,11,168,15,17,168,17,15,195,0,5,195,5,0,198,2,0,198,0,2,200,0,0,200,0,0,200,0,0,200,0,0,200,0,0,200,0,0,200,0,0,200,0,0,200,0,0,200,0,0,200,0,0,200,0,0,200,0,0,200,0,0,
390, 1,1,1,1,1,1,1,1,0.9875,0.905,0.1275,0.01,0,0,0,0,0,0,0,0,1,1,1,1,1,1,1,1,0.9975,0.885,0.105,0.0125,0,0,0,0,0,0,0,0,200,0,0,200,0,0,200,0,0,200,0,0,200,0,0,200,0,0,200,0,0,200,0,0,200,0,0,200,0,0,200,0,0,200,0,0,200,0,0,200,0,0,200,0,0,200,0,0,196,0,4,196,4,0,167,23,10,167,10,23,156,15,29,156,29,15,194,4,2,194,2,4,200,0,0,200,0,0,200,0,0,200,0,0,200,0,0,200,0,0,200,0,0,200,0,0,200,0,0,200,0,0,200,0,0,200,0,0,200,0,0,200,0,0,200,0,0,200,0,0,
400, 1,1,1,1,1,1,1,0.9975,0.9975,0.8875,0.17,0.0075,0,0,0,0,0,0,0,0,1,1,1,1,1,1,1,0.9975,0.9975,0.8775,0.18,0.0025,0,0,0,0,0,0,0,0,200,0,0,200,0,0,200,0,0,200,0,0,200,0,0,200,0,0,200,0,0,200,0,0,200,0,0,200,0,0,200,0,0,200,0,0,200,0,0,200,0,0,200,0,0,200,0,0,198,1,1,198,1,1,165,15,20,165,20,15,141,36,23,141,23,36,196,4,0,196,0,4,200,0,0,200,0,0,200,0,0,200,0,0,200,0,0,200,0,0,200,0,0,200,0,0,200,0,0,200,0,0,200,0,0,200,0,0,200,0,0,200,0,0,200,0,0,200,0,0,
410, 1,1,1,1,1,1,1,1,0.9875,0.8025,0.0925,0.0125,0,0,0,0,0,0,0,0,1,1,1,1,1,1,1,1,0.995,0.8375,0.1,0.0125,0,0,0,0,0,0,0,0,200,0,0,200,0,0,200,0,0,200,0,0,200,0,0,200,0,0,200,0,0,200,0,0,200,0,0,200,0,0,200,0,0,200,0,0,200,0,0,200,0,0,200,0,0,200,0,0,196,1,3,196,3,1,142,27,31,142,31,27,161,18,21,161,21,18,196,3,1,196,1,3,200,0,0,200,0,0,200,0,0,200,0,0,200,0,0,200,0,0,200,0,0,200,0,0,200,0,0,200,0,0,200,0,0,200,0,0,200,0,0,200,0,0,200,0,0,200,0,0,
420, 1,1,1,1,1,1,1,1,0.98,0.8,0.13,0,0,0,0,0,0,0,0,0,1,1,1,1,1,1,1,1,0.9875,0.79,0.1325,0.005,0,0,0,0,0,0,0,0,200,0,0,200,0,0,200,0,0,200,0,0,200,0,0,200,0,0,200,0,0,200,0,0,200,0,0,200,0,0,200,0,0,200,0,0,200,0,0,200,0,0,199,0,1,199,1,0,195,1,4,195,4,1,141,35,24,141,24,35,157,24,19,157,19,24,197,0,3,197,3,0,200,0,0,200,0,0,200,0,0,200,0,0,200,0,0,200,0,0,200,0,0,200,0,0,200,0,0,200,0,0,200,0,0,200,0,0,200,0,0,200,0,0,200,0,0,200,0,0,
430, 1,1,1,1,1,1,1,1,0.99,0.8425,0.105,0.0075,0.0025,0,0,0,0,0,0,0,1,1,1,1,1,1,1,1,0.99,0.845,0.1,0.01,0,0,0,0,0,0,0,0,200,0,0,200,0,0,200,0,0,200,0,0,200,0,0,200,0,0,200,0,0,200,0,0,200,0,0,200,0,0,200,0,0,200,0,0,200,0,0,200,0,0,200,0,0,200,0,0,197,2,1,197,1,2,148,37,15,148,15,37,153,22,25,153,25,22,196,3,1,196,1,3,198,0,2,198,2,0,200,0,0,200,0,0,200,0,0,200,0,0,200,0,0,200,0,0,200,0,0,200,0,0,200,0,0,200,0,0,200,0,0,200,0,0,200,0,0,200,0,0,
440, 1,1,1,1,1,1,1,1,0.995,0.88,0.0875,0,0,0,0,0,0,0,0,0,1,1,1,1,1,1,1,1,0.99,0.895,0.0875,0.0025,0,0,0,0,0,0,0,0,200,0,0,200,0,0,200,0,0,200,0,0,200,0,0,200,0,0,200,0,0,200,0,0,200,0,0,200,0,0,200,0,0,200,0,0,200,0,0,200,0,0,200,0,0,200,0,0,195,2,3,195,3,2,156,27,17,156,17,27,167,24,9,167,9,24,199,0,1,199,1,0,200,0,0,200,0,0,200,0,0,200,0,0,200,0,0,200,0,0,200,0,0,200,0,0,200,0,0,200,0,0,200,0,0,200,0,0,200,0,0,200,0,0,200,0,0,200,0,0,
450, 1,1,1,1,1,1,1,1,0.995,0.8625,0.1125,0.0075,0.0025,0,0,0,0,0,0,0,1,1,1,1,1,1,1,1,0.99,0.8475,0.105,0.0075,0,0,0,0,0,0,0,0,200,0,0,200,0,0,200,0,0,200,0,0,200,0,0,200,0,0,200,0,0,200,0,0,200,0,0,200,0,0,200,0,0,200,0,0,200,0,0,200,0,0,200,0,0,200,0,0,192,1,7,192,7,1,149,29,22,149,22,29,154,28,18,154,18,28,196,1,3,196,3,1,200,0,0,200,0,0,200,0,0,200,0,0,200,0,0,200,0,0,200,0,0,200,0,0,200,0,0,200,0,0,200,0,0,200,0,0,200,0,0,200,0,0,200,0,0,200,0,0,
460, 1,1,1,1,1,1,1,1,0.985,0.8525,0.1625,0.0175,0,0,0,0,0,0,0,0,1,1,1,1,1,1,1,1,0.9925,0.8575,0.17,0.01,0,0,0,0,0,0,0,0,200,0,0,200,0,0,200,0,0,200,0,0,200,0,0,200,0,0,200,0,0,200,0,0,200,0,0,200,0,0,200,0,0,200,0,0,200,0,0,200,0,0,200,0,0,200,0,0,198,0,2,198,2,0,147,31,22,147,22,31,159,22,19,159,19,22,193,1,6,193,6,1,200,0,0,200,0,0,200,0,0,200,0,0,200,0,0,200,0,0,200,0,0,200,0,0,200,0,0,200,0,0,200,0,0,200,0,0,200,0,0,200,0,0,200,0,0,200,0,0,
470, 1,1,1,1,1,1,1,1,0.9925,0.865,0.1375,0.01,0,0,0,0,0,0,0,0,1,1,1,1,1,1,1,1,1,0.9025,0.145,0.0075,0,0,0,0,0,0,0,0,200,0,0,200,0,0,200,0,0,200,0,0,200,0,0,200,0,0,200,0,0,200,0,0,200,0,0,200,0,0,200,0,0,200,0,0,200,0,0,200,0,0,199,0,1,199,1,0,197,1,2,197,2,1,157,22,21,157,21,22,148,27,25,148,25,27,196,3,1,196,1,3,200,0,0,200,0,0,200,0,0,200,0,0,200,0,0,200,0,0,200,0,0,200,0,0,200,0,0,200,0,0,200,0,0,200,0,0,200,0,0,200,0,0,200,0,0,200,0,0,
480, 1,1,1,1,1,1,1,1,0.9825,0.84,0.1025,0.0075,0,0,0,0,0,0,0,0,1,1,1,1,1,1,1,1,0.99,0.8375,0.11,0.005,0,0,0,0,0,0,0,0,200,0,0,200,0,0,200,0,0,200,0,0,200,0,0,200,0,0,200,0,0,200,0,0,200,0,0,200,0,0,200,0,0,200,0,0,200,0,0,200,0,0,200,0,0,200,0,0,193,0,7,193,7,0,155,23,22,155,22,23,167,11,22,167,22,11,196,1,3,196,3,1,200,0,0,200,0,0,200,0,0,200,0,0,200,0,0,200,0,0,200,0,0,200,0,0,200,0,0,200,0,0,200,0,0,200,0,0,200,0,0,200,0,0,200,0,0,200,0,0,
490, 1,1,1,1,1,1,1,1,0.99,0.87,0.1375,0.01,0,0,0,0,0,0,0,0,1,1,1,1,1,1,1,1,0.995,0.885,0.13,0.005,0,0,0,0,0,0,0,0,200,0,0,200,0,0,200,0,0,200,0,0,200,0,0,200,0,0,200,0,0,200,0,0,200,0,0,200,0,0,200,0,0,200,0,0,200,0,0,200,0,0,200,0,0,200,0,0,197,0,3,197,3,0,159,27,14,159,14,27,157,24,19,157,19,24,198,1,1,198,1,1,200,0,0,200,0,0,200,0,0,200,0,0,200,0,0,200,0,0,200,0,0,200,0,0,200,0,0,200,0,0,200,0,0,200,0,0,200,0,0,200,0,0,200,0,0,200,0,0,
500, 1,1,1,1,1,1,1,1,0.9875,0.87,0.0825,0,0,0,0,0,0,0,0,0,1,1,1,1,1,1,1,1,0.9925,0.845,0.085,0,0,0,0,0,0,0,0,0,200,0,0,200,0,0,200,0,0,200,0,0,200,0,0,200,0,0,200,0,0,200,0,0,200,0,0,200,0,0,200,0,0,200,0,0,200,0,0,200,0,0,199,1,0,199,0,1,193,0,7,193,7,0,159,19,22,159,22,19,175,11,14,175,14,11,195,1,4,195,4,1,199,0,1,199,1,0,200,0,0,200,0,0,200,0,0,200,0,0,200,0,0,200,0,0,200,0,0,200,0,0,200,0,0,200,0,0,200,0,0,200,0,0,200,0,0,200,0,0,
510, 1,1,1,1,1,1,1,1,0.9975,0.8625,0.11,0.0125,0,0,0,0,0,0,0,0,1,1,1,1,1,1,1,0.9975,0.9925,0.865,0.085,0.01,0,0,0,0,0,0,0,0,200,0,0,200,0,0,200,0,0,200,0,0,200,0,0,200,0,0,200,0,0,200,0,0,200,0,0,200,0,0,200,0,0,200,0,0,200,0,0,200,0,0,199,0,1,199,1,0,195,0,5,195,5,0,157,22,21,157,21,22,147,21,32,147,32,21,191,2,7,191,7,2,200,0,0,200,0,0,200,0,0,200,0,0,200,0,0,200,0,0,200,0,0,200,0,0,200,0,0,200,0,0,200,0,0,200,0,0,200,0,0,200,0,0,200,0,0,200,0,0,
520, 1,1,1,1,1,1,1,1,0.9875,0.8475,0.11,0.01,0,0,0,0,0,0,0,0,1,1,1,1,1,1,1,1,0.9925,0.845,0.125,0.0075,0,0,0,0,0,0,0,0,200,0,0,200,0,0,200,0,0,200,0,0,200,0,0,200,0,0,200,0,0,200,0,0,200,0,0,200,0,0,200,0,0,200,0,0,200,0,0,200,0,0,199,0,1,199,1,0,195,1,4,195,4,1,147,33,20,147,20,33,160,21,19,160,19,21,195,1,4,195,4,1,200,0,0,200,0,0,200,0,0,200,0,0,200,0,0,200,0,0,200,0,0,200,0,0,200,0,0,200,0,0,200,0,0,200,0,0,200,0,0,200,0,0,200,0,0,200,0,0,
530, 1,1,1,1,1,1,1,1,0.995,0.8525,0.1275,0.0175,0,0,0,0,0,0,0,0,1,1,1,1,1,1,1,1,0.995,0.8725,0.145,0.005,0,0,0,0,0,0,0,0,200,0,0,200,0,0,200,0,0,200,0,0,200,0,0,200,0,0,200,0,0,200,0,0,200,0,0,200,0,0,200,0,0,200,0,0,200,0,0,200,0,0,200,0,0,200,0,0,195,3,2,195,2,3,159,22,19,159,19,22,146,31,23,146,23,31,196,1,3,196,3,1,200,0,0,200,0,0,200,0,0,200,0,0,200,0,0,200,0,0,200,0,0,200,0,0,200,0,0,200,0,0,200,0,0,200,0,0,200,0,0,200,0,0,200,0,0,200,0,0,
540, 1,1,1,1,1,1,1,1,0.99,0.8525,0.17,0.0025,0,0,0,0,0,0,0,0,1,1,1,1,1,1,1,1,0.995,0.865,0.1525,0.0075,0,0,0,0,0,0,0,0,200,0,0,200,0,0,200,0,0,200,0,0,200,0,0,200,0,0,200,0,0,200,0,0,200,0,0,200,0,0,200,0,0,200,0,0,200,0,0,200,0,0,200,0,0,200,0,0,198,1,1,198,1,1,166,12,22,166,22,12,148,20,32,148,32,20,193,1,6,193,6,1,200,0,0,200,0,0,200,0,0,200,0,0,200,0,0,200,0,0,200,0,0,200,0,0,200,0,0,200,0,0,200,0,0,200,0,0,200,0,0,200,0,0,200,0,0,200,0,0,
550, 1,1,1,1,1,1,1,1,0.99,0.855,0.1025,0.005,0,0,0,0,0,0,0,0,1,1,1,1,1,1,1,1,0.9875,0.8625,0.095,0.005,0,0,0,0,0,0,0,0,200,0,0,200,0,0,200,0,0,200,0,0,200,0,0,200,0,0,200,0,0,200,0,0,200,0,0,200,0,0,200,0,0,200,0,0,200,0,0,200,0,0,200,0,0,200,0,0,195,1,4,195,4,1,161,21,18,161,18,21,150,30,20,150,20,30,196,2,2,196,2,2,200,0,0,200,0,0,200,0,0,200,0,0,200,0,0,200,0,0,200,0,0,200,0,0,200,0,0,200,0,0,200,0,0,200,0,0,200,0,0,200,0,0,200,0,0,200,0,0,
560, 1,1,1,1,1,1,1,1,1,0.875,0.0875,0.005,0,0,0,0,0,0,0,0,1,1,1,1,1,1,1,1,0.995,0.86,0.095,0.005,0,0,0,0,0,0,0,0,200,0,0,200,0,0,200,0,0,200,0,0,200,0,0,200,0,0,200,0,0,200,0,0,200,0,0,200,0,0,200,0,0,200,0,0,200,0,0,200,0,0,200,0,0,200,0,0,197,1,2,197,2,1,150,27,23,150,23,27,166,20,14,166,14,20,198,1,1,198,1,1,200,0,0,200,0,0,200,0,0,200,0,0,200,0,0,200,0,0,200,0,0,200,0,0,200,0,0,200,0,0,200,0,0,200,0,0,200,0,0,200,0,0,200,0,0,200,0,0,
570, 1,1,1,1,1,1,1,1,0.995,0.8425,0.0925,0.0075,0,0,0,0,0,0,0,0,1,1,1,1,1,1,1,1,0.9925,0.8475,0.09,0.005,0,0,0,0,0,0,0,0,200,0,0,200,0,0,200,0,0,200,0,0,200,0,0,200,0,0,200,0,0,200,0,0,200,0,0,200,0,0,200,0,0,200,0,0,200,0,0,200,0,0,200,0,0,200,0,0,198,1,1,198,1,1,150,21,29,150,29,21,171,11,18,171,18,11,193,2,5,193,5,2,200,0,0,200,0,0,200,0,0,200,0,0,200,0,0,200,0,0,200,0,0,200,0,0,200,0,0,200,0,0,200,0,0,200,0,0,200,0,0,200,0,0,200,0,0,200,0,0,
580, 1,1,1,1,1,1,1,0.9975,0.9925,0.87,0.125,0.0125,0,0,0,0,0,0,0,0,1,1,1,1,1,1,1,1,0.99,0.8825,0.1275,0.0175,0,0,0,0,0,0,0,0,200,0,0,200,0,0,200,0,0,200,0,0,200,0,0,200,0,0,200,0,0,200,0,0,200,0,0,200,0,0,200,0,0,200,0,0,200,0,0,200,0,0,199,0,1,199,1,0,196,1,3,196,3,1,162,17,21,162,21,17,158,15,27,158,27,15,197,2,1,197,1,2,200,0,0,200,0,0,200,0,0,200,0,0,200,0,0,200,0,0,200,0,0,200,0,0,200,0,0,200,0,0,200,0,0,200,0,0,200,0,0,200,0,0,200,0,0,200,0,0,
590, 1,1,1,1,1,1,1,1,0.9925,0.81,0.1825,0.0025,0,0,0,0,0,0,0,0,1,1,1,1,1,1,1,1,0.995,0.82,0.1725,0,0,0,0,0,0,0,0,0,200,0,0,200,0,0,200,0,0,200,0,0,200,0,0,200,0,0,200,0,0,200,0,0,200,0,0,200,0,0,200,0,0,200,0,0,200,0,0,200,0,0,200,0,0,200,0,0,195,5,0,195,0,5,150,30,20,150,20,30,144,29,27,144,27,29,195,1,4,195,4,1,200,0,0,200,0,0,200,0,0,200,0,0,200,0,0,200,0,0,200,0,0,200,0,0,200,0,0,200,0,0,200,0,0,200,0,0,200,0,0,200,0,0,200,0,0,200,0,0,
600, 1,1,1,1,1,1,1,1,0.99,0.885,0.12,0.0075,0,0,0,0,0,0,0,0,1,1,1,1,1,1,1,1,0.985,0.87,0.12,0.0025,0,0,0,0,0,0,0,0,200,0,0,200,0,0,200,0,0,200,0,0,200,0,0,200,0,0,200,0,0,200,0,0,200,0,0,200,0,0,200,0,0,200,0,0,200,0,0,200,0,0,200,0,0,200,0,0,192,4,4,192,4,4,136,36,28,136,28,36,156,18,26,156,26,18,194,2,4,194,4,2,200,0,0,200,0,0,200,0,0,200,0,0,200,0,0,200,0,0,200,0,0,200,0,0,200,0,0,200,0,0,200,0,0,200,0,0,200,0,0,200,0,0,200,0,0,200,0,0,
610, 1,1,1,1,1,1,1,1,0.99,0.875,0.155,0.0075,0,0,0,0,0,0,0,0,1,1,1,1,1,1,1,0.9975,0.9875,0.88,0.18,0.0175,0,0,0,0,0,0,0,0,200,0,0,200,0,0,200,0,0,200,0,0,200,0,0,200,0,0,200,0,0,200,0,0,200,0,0,200,0,0,200,0,0,200,0,0,200,0,0,200,0,0,200,0,0,200,0,0,194,1,5,194,5,1,157,27,16,157,16,27,156,21,23,156,23,21,195,1,4,195,4,1,200,0,0,200,0,0,200,0,0,200,0,0,200,0,0,200,0,0,200,0,0,200,0,0,200,0,0,200,0,0,200,0,0,200,0,0,200,0,0,200,0,0,200,0,0,200,0,0,
620, 1,1,1,1,1,1,1,0.9975,0.995,0.88,0.1975,0.0075,0,0,0,0,0,0,0,0,1,1,1,1,1,1,1,1,0.995,0.8875,0.195,0.0025,0.0025,0,0,0,0,0,0,0,200,0,0,200,0,0,200,0,0,200,0,0,200,0,0,200,0,0,200,0,0,200,0,0,200,0,0,200,0,0,200,0,0,200,0,0,200,0,0,200,0,0,200,0,0,200,0,0,194,2,4,194,4,2,156,26,18,156,18,26,141,33,26,141,26,33,191,5,4,191,4,5,200,0,0,200,0,0,200,0,0,200,0,0,200,0,0,200,0,0,200,0,0,200,0,0,200,0,0,200,0,0,200,0,0,200,0,0,200,0,0,200,0,0,200,0,0,200,0,0,
630, 1,1,1,1,1,1,1,1,0.9875,0.8125,0.075,0.005,0,0,0,0,0,0,0,0,1,1,1,1,1,1,1,1,0.985,0.8475,0.08,0.005,0.0025,0,0,0,0,0,0,0,200,0,0,200,0,0,200,0,0,200,0,0,200,0,0,200,0,0,200,0,0,200,0,0,200,0,0,200,0,0,200,0,0,200,0,0,200,0,0,200,0,0,200,0,0,200,0,0,197,1,2,197,2,1,142,33,25,142,25,33,159,16,25,159,25,16,191,0,9,191,9,0,199,0,1,199,1,0,200,0,0,200,0,0,200,0,0,200,0,0,200,0,0,200,0,0,200,0,0,200,0,0,200,0,0,200,0,0,200,0,0,200,0,0,200,0,0,200,0,0,
640, 1,1,1,1,1,1,1,1,0.9975,0.885,0.1075,0.0075,0,0,0,0,0,0,0,0,1,1,1,1,1,1,1,1,0.9975,0.88,0.1175,0.005,0.0025,0,0,0,0,0,0,0,200,0,0,200,0,0,200,0,0,200,0,0,200,0,0,200,0,0,200,0,0,200,0,0,200,0,0,200,0,0,200,0,0,200,0,0,200,0,0,200,0,0,200,0,0,200,0,0,198,0,2,198,2,0,171,14,15,171,15,14,165,15,20,165,20,15,194,3,3,194,3,3,200,0,0,200,0,0,200,0,0,200,0,0,200,0,0,200,0,0,200,0,0,200,0,0,200,0,0,200,0,0,200,0,0,200,0,0,200,0,0,200,0,0,200,0,0,200,0,0,
650, 1,1,1,1,1,1,1,1,0.9875,0.8225,0.115,0.0075,0,0,0,0,0,0,0,0,1,1,1,1,1,1,1,1,0.99,0.865,0.1125,0.015,0,0,0,0,0,0,0,0,200,0,0,200,0,0,200,0,0,200,0,0,200,0,0,200,0,0,200,0,0,200,0,0,200,0,0,200,0,0,200,0,0,200,0,0,200,0,0,200,0,0,199,0,1,199,1,0,187,5,8,187,8,5,116,39,45,116,45,39,162,18,20,162,20,18,191,0,9,191,9,0,200,0,0,200,0,0,200,0,0,200,0,0,200,0,0,200,0,0,200,0,0,200,0,0,200,0,0,200,0,0,200,0,0,200,0,0,200,0,0,200,0,0,200,0,0,200,0,0,
660, 1,1,1,1,1,1,1,1,0.9825,0.895,0.1425,0.005,0,0,0,0,0,0,0,0,1,1,1,1,1,1,1,1,0.99,0.925,0.145,0.0025,0,0,0,0,0,0,0,0,200,0,0,200,0,0,200,0,0,200,0,0,200,0,0,200,0,0,200,0,0,200,0,0,200,0,0,200,0,0,200,0,0,200,0,0,200,0,0,200,0,0,200,0,0,200,0,0,191,3,6,191,6,3,166,16,18,166,18,16,168,20,12,168,12,20,195,2,3,195,3,2,200,0,0,200,0,0,200,0,0,200,0,0,200,0,0,200,0,0,200,0,0,200,0,0,200,0,0,200,0,0,200,0,0,200,0,0,200,0,0,200,0,0,200,0,0,200,0,0,
670, 1,1,1,1,1,1,1,1,0.9925,0.8775,0.1275,0.0025,0,0,0,0,0,0,0,0,1,1,1,1,1,1,1,1,0.985,0.875,0.1125,0.0025,0,0,0,0,0,0,0,0,200,0,0,200,0,0,200,0,0,200,0,0,200,0,0,200,0,0,200,0,0,200,0,0,200,0,0,200,0,0,200,0,0,200,0,0,200,0,0,200,0,0,200,0,0,200,0,0,195,3,2,195,2,3,167,17,16,167,16,17,169,15,16,169,16,15,197,1,2,197,2,1,200,0,0,200,0,0,200,0,0,200,0,0,200,0,0,200,0,0,200,0,0,200,0,0,200,0,0,200,0,0,200,0,0,200,0,0,200,0,0,200,0,0,200,0,0,200,0,0,
680, 1,1,1,1,1,1,1,1,0.9925,0.8875,0.12,0.0075,0,0,0,0,0,0,0,0,1,1,1,1,1,1,1,1,0.9875,0.895,0.12,0.01,0,0,0,0,0,0,0,0,200,0,0,200,0,0,200,0,0,200,0,0,200,0,0,200,0,0,200,0,0,200,0,0,200,0,0,200,0,0,200,0,0,200,0,0,200,0,0,200,0,0,200,0,0,200,0,0,191,3,6,191,6,3,155,23,22,155,22,23,155,17,28,155,28,17,193,2,5,193,5,2,200,0,0,200,0,0,200,0,0,200,0,0,200,0,0,200,0,0,200,0,0,200,0,0,200,0,0,200,0,0,200,0,0,200,0,0,200,0,0,200,0,0,200,0,0,200,0,0,
690, 1,1,1,1,1,1,1,1,0.9975,0.88,0.1525,0,0,0,0,0,0,0,0,0,1,1,1,1,1,1,1,1,0.995,0.8925,0.15,0.0025,0,0,0,0,0,0,0,0,200,0,0,200,0,0,200,0,0,200,0,0,200,0,0,200,0,0,200,0,0,200,0,0,200,0,0,200,0,0,200,0,0,200,0,0,200,0,0,200,0,0,200,0,0,200,0,0,199,0,1,199,1,0,171,12,17,171,17,12,162,20,18,162,18,20,193,1,6,193,6,1,200,0,0,200,0,0,200,0,0,200,0,0,200,0,0,200,0,0,200,0,0,200,0,0,200,0,0,200,0,0,200,0,0,200,0,0,200,0,0,200,0,0,200,0,0,200,0,0,
700, 1,1,1,1,1,1,1,1,0.9975,0.9225,0.1625,0.005,0,0,0,0,0,0,0,0,1,1,1,1,1,1,1,1,0.9925,0.905,0.15,0.005,0,0,0,0,0,0,0,0,200,0,0,200,0,0,200,0,0,200,0,0,200,0,0,200,0,0,200,0,0,200,0,0,200,0,0,200,0,0,200,0,0,200,0,0,200,0,0,200,0,0,200,0,0,200,0,0,197,0,3,197,3,0,167,14,19,167,19,14,161,19,20,161,20,19,193,4,3,193,3,4,199,1,0,199,0,1,200,0,0,200,0,0,200,0,0,200,0,0,200,0,0,200,0,0,200,0,0,200,0,0,200,0,0,200,0,0,200,0,0,200,0,0,200,0,0,200,0,0,
710, 1,1,1,1,1,1,1,0.9975,0.9875,0.87,0.11,0.005,0,0,0,0,0,0,0,0,1,1,1,1,1,1,1,1,0.985,0.8575,0.0975,0.0025,0,0,0,0,0,0,0,0,200,0,0,200,0,0,200,0,0,200,0,0,200,0,0,200,0,0,200,0,0,200,0,0,200,0,0,200,0,0,200,0,0,200,0,0,200,0,0,200,0,0,199,0,1,199,1,0,198,1,1,198,1,1,161,26,13,161,13,26,155,30,15,155,15,30,194,0,6,194,6,0,200,0,0,200,0,0,200,0,0,200,0,0,200,0,0,200,0,0,200,0,0,200,0,0,200,0,0,200,0,0,200,0,0,200,0,0,200,0,0,200,0,0,200,0,0,200,0,0,
720, 1,1,1,1,1,1,1,0.995,0.985,0.915,0.0875,0.01,0,0,0,0,0,0,0,0,1,1,1,1,1,1,1,0.9925,0.99,0.88,0.07,0.0125,0,0,0,0,0,0,0,0,200,0,0,200,0,0,200,0,0,200,0,0,200,0,0,200,0,0,200,0,0,200,0,0,200,0,0,200,0,0,200,0,0,200,0,0,200,0,0,200,0,0,200,0,0,200,0,0,191,5,4,191,4,5,155,25,20,155,20,25,169,16,15,169,15,16,195,1,4,195,4,1,200,0,0,200,0,0,200,0,0,200,0,0,200,0,0,200,0,0,200,0,0,200,0,0,200,0,0,200,0,0,200,0,0,200,0,0,200,0,0,200,0,0,200,0,0,200,0,0,
730, 1,1,1,1,1,1,1,0.9975,0.9875,0.8825,0.1275,0.01,0,0,0,0,0,0,0,0,1,1,1,1,1,1,1,1,0.98,0.8875,0.105,0.0025,0,0,0,0,0,0,0,0,200,0,0,200,0,0,200,0,0,200,0,0,200,0,0,200,0,0,200,0,0,200,0,0,200,0,0,200,0,0,200,0,0,200,0,0,200,0,0,200,0,0,199,0,1,199,1,0,194,2,4,194,4,2,169,14,17,169,17,14,173,14,13,173,13,14,195,3,2,195,2,3,200,0,0,200,0,0,200,0,0,200,0,0,200,0,0,200,0,0,200,0,0,200,0,0,200,0,0,200,0,0,200,0,0,200,0,0,200,0,0,200,0,0,200,0,0,200,0,0,
740, 1,1,1,1,1,1,1,1,1,0.9125,0.1,0.005,0,0,0,0,0,0,0,0,1,1,1,1,1,1,1,1,0.9975,0.9125,0.09,0.0025,0,0,0,0,0,0,0,0,200,0,0,200,0,0,200,0,0,200,0,0,200,0,0,200,0,0,200,0,0,200,0,0,200,0,0,200,0,0,200,0,0,200,0,0,200,0,0,200,0,0,200,0,0,200,0,0,200,0,0,200,0,0,164,15,21,164,21,15,164,13,23,164,23,13,197,2,1,197,1,2,200,0,0,200,0,0,200,0,0,200,0,0,200,0,0,200,0,0,200,0,0,200,0,0,200,0,0,200,0,0,200,0,0,200,0,0,200,0,0,200,0,0,200,0,0,200,0,0,
750, 1,1,1,1,1,1,1,0.9975,0.9925,0.88,0.1275,0.005,0,0,0,0,0,0,0,0,1,1,1,1,1,1,1,1,0.9875,0.8825,0.1175,0.005,0,0,0,0,0,0,0,0,200,0,0,200,0,0,200,0,0,200,0,0,200,0,0,200,0,0,200,0,0,200,0,0,200,0,0,200,0,0,200,0,0,200,0,0,200,0,0,200,0,0,200,0,0,200,0,0,193,2,5,193,5,2,164,23,13,164,13,23,154,27,19,154,19,27,192,5,3,192,3,5,200,0,0,200,0,0,200,0,0,200,0,0,200,0,0,200,0,0,200,0,0,200,0,0,200,0,0,200,0,0,200,0,0,200,0,0,200,0,0,200,0,0,200,0,0,200,0,0,
760, 1,1,1,1,1,1,1,1,0.995,0.8325,0.155,0.02,0,0,0,0,0,0,0,0,1,1,1,1,1,1,1,1,0.9925,0.8275,0.16,0.0175,0,0,0,0,0,0,0,0,200,0,0,200,0,0,200,0,0,200,0,0,200,0,0,200,0,0,200,0,0,200,0,0,200,0,0,200,0,0,200,0,0,200,0,0,200,0,0,200,0,0,200,0,0,200,0,0,193,3,4,193,4,3,157,25,18,157,18,25,138,28,34,138,34,28,193,6,1,193,1,6,199,0,1,199,1,0,200,0,0,200,0,0,200,0,0,200,0,0,200,0,0,200,0,0,200,0,0,200,0,0,200,0,0,200,0,0,200,0,0,200,0,0,200,0,0,200,0,0,
770, 1,1,1,1,1,1,1,1,0.995,0.885,0.1625,0.0125,0,0,0,0,0,0,0,0,1,1,1,1,1,1,1,1,0.9975,0.88,0.155,0.015,0,0,0,0,0,0,0,0,200,0,0,200,0,0,200,0,0,200,0,0,200,0,0,200,0,0,200,0,0,200,0,0,200,0,0,200,0,0,200,0,0,200,0,0,200,0,0,200,0,0,198,1,1,198,1,1,196,2,2,196,2,2,172,18,10,172,10,18,160,25,15,160,15,25,196,2,2,196,2,2,200,0,0,200,0,0,200,0,0,200,0,0,200,0,0,200,0,0,200,0,0,200,0,0,200,0,0,200,0,0,200,0,0,200,0,0,200,0,0,200,0,0,200,0,0,200,0,0,
780, 1,1,1,1,1,1,1,1,0.9925,0.885,0.115,0.02,0,0,0,0,0,0,0,0,1,1,1,1,1,1,1,1,0.9875,0.8675,0.1125,0.01,0,0,0,0,0,0,0,0,200,0,0,200,0,0,200,0,0,200,0,0,200,0,0,200,0,0,200,0,0,200,0,0,200,0,0,200,0,0,200,0,0,200,0,0,200,0,0,200,0,0,200,0,0,200,0,0,198,0,2,198,2,0,153,29,18,153,18,29,159,18,23,159,23,18,191,4,5,191,5,4,200,0,0,200,0,0,200,0,0,200,0,0,200,0,0,200,0,0,200,0,0,200,0,0,200,0,0,200,0,0,200,0,0,200,0,0,200,0,0,200,0,0,200,0,0,200,0,0,
790, 1,1,1,1,1,1,1,1,0.9875,0.9125,0.0875,0,0,0,0,0,0,0,0,0,1,1,1,1,1,1,1,1,0.9975,0.92,0.085,0,0,0,0,0,0,0,0,0,200,0,0,200,0,0,200,0,0,200,0,0,200,0,0,200,0,0,200,0,0,200,0,0,200,0,0,200,0,0,200,0,0,200,0,0,200,0,0,200,0,0,200,0,0,200,0,0,195,0,5,195,5,0,171,10,19,171,19,10,180,12,8,180,8,12,200,0,0,200,0,0,200,0,0,200,0,0,200,0,0,200,0,0,200,0,0,200,0,0,200,0,0,200,0,0,200,0,0,200,0,0,200,0,0,200,0,0,200,0,0,200,0,0,200,0,0,200,0,0,
800, 1,1,1,1,1,1,1,1,0.995,0.91,0.2025,0.0125,0,0,0,0,0,0,0,0,1,1,1,1,1,1,1,1,0.985,0.905,0.19,0.015,0,0,0,0,0,0,0,0,200,0,0,200,0,0,200,0,0,200,0,0,200,0,0,200,0,0,200,0,0,200,0,0,200,0,0,200,0,0,200,0,0,200,0,0,200,0,0,200,0,0,200,0,0,200,0,0,191,0,9,191,9,0,169,14,17,169,17,14,145,30,25,145,25,30,192,5,3,192,3,5,200,0,0,200,0,0,200,0,0,200,0,0,200,0,0,200,0,0,200,0,0,200,0,0,200,0,0,200,0,0,200,0,0,200,0,0,200,0,0,200,0,0,200,0,0,200,0,0,
810, 1,1,1,1,1,1,1,1,0.9925,0.8525,0.155,0.0025,0.0025,0,0,0,0,0,0,0,1,1,1,1,1,1,1,1,0.9925,0.855,0.17,0.005,0.0025,0,0,0,0,0,0,0,200,0,0,200,0,0,200,0,0,200,0,0,200,0,0,200,0,0,200,0,0,200,0,0,200,0,0,200,0,0,200,0,0,200,0,0,200,0,0,200,0,0,200,0,0,200,0,0,199,0,1,199,1,0,162,25,13,162,13,25,142,29,29,142,29,29,193,2,5,193,5,2,199,1,0,199,0,1,200,0,0,200,0,0,200,0,0,200,0,0,200,0,0,200,0,0,200,0,0,200,0,0,200,0,0,200,0,0,200,0,0,200,0,0,200,0,0,200,0,0,
820, 1,1,1,1,1,1,1,1,0.99,0.84,0.1225,0.01,0,0,0,0,0,0,0,0,1,1,1,1,1,1,1,1,0.99,0.8475,0.1475,0.0075,0,0,0,0,0,0,0,0,200,0,0,200,0,0,200,0,0,200,0,0,200,0,0,200,0,0,200,0,0,200,0,0,200,0,0,200,0,0,200,0,0,200,0,0,200,0,0,200,0,0,200,0,0,200,0,0,199,1,0,199,0,1,153,35,12,153,12,35,156,30,14,156,14,30,194,2,4,194,4,2,199,0,1,199,1,0,200,0,0,200,0,0,200,0,0,200,0,0,200,0,0,200,0,0,200,0,0,200,0,0,200,0,0,200,0,0,200,0,0,200,0,0,200,0,0,200,0,0,
830, 1,1,1,1,1,1,1,1,0.99,0.835,0.1225,0.005,0,0,0,0,0,0,0,0,1,1,1,1,1,1,1,1,0.985,0.8525,0.1175,0.0025,0,0,0,0,0,0,0,0,200,0,0,200,0,0,200,0,0,200,0,0,200,0,0,200,0,0,200,0,0,200,0,0,200,0,0,200,0,0,200,0,0,200,0,0,200,0,0,200,0,0,200,0,0,200,0,0,196,2,2,196,2,2,137,26,37,137,37,26,160,17,23,160,23,17,194,2,4,194,4,2,200,0,0,200,0,0,200,0,0,200,0,0,200,0,0,200,0,0,200,0,0,200,0,0,200,0,0,200,0,0,200,0,0,200,0,0,200,0,0,200,0,0,200,0,0,200,0,0,
840, 1,1,1,1,1,1,1,1,0.995,0.8725,0.15,0.005,0,0,0,0,0,0,0,0,1,1,1,1,1,1,1,1,0.9925,0.865,0.145,0.01,0,0,0,0,0,0,0,0,200,0,0,200,0,0,200,0,0,200,0,0,200,0,0,200,0,0,200,0,0,200,0,0,200,0,0,200,0,0,200,0,0,200,0,0,200,0,0,200,0,0,200,0,0,200,0,0,199,0,1,199,1,0,174,15,11,174,11,15,152,19,29,152,29,19,193,1,6,193,6,1,200,0,0,200,0,0,200,0,0,200,0,0,200,0,0,200,0,0,200,0,0,200,0,0,200,0,0,200,0,0,200,0,0,200,0,0,200,0,0,200,0,0,200,0,0,200,0,0,
850, 1,1,1,1,1,1,1,1,0.99,0.865,0.1325,0.01,0,0,0,0,0,0,0,0,1,1,1,1,1,1,1,0.9975,0.99,0.8625,0.1375,0.015,0.0025,0,0,0,0,0,0,0,200,0,0,200,0,0,200,0,0,200,0,0,200,0,0,200,0,0,200,0,0,200,0,0,200,0,0,200,0,0,200,0,0,200,0,0,200,0,0,200,0,0,200,0,0,200,0,0,192,1,7,192,7,1,139,33,28,139,28,33,145,26,29,145,29,26,189,2,9,189,9,2,199,0,1,199,1,0,200,0,0,200,0,0,200,0,0,200,0,0,200,0,0,200,0,0,200,0,0,200,0,0,200,0,0,200,0,0,200,0,0,200,0,0,200,0,0,200,0,0,
860, 1,1,1,1,1,1,1,1,0.985,0.88,0.135,0.0075,0,0,0,0,0,0,0,0,1,1,1,1,1,1,1,1,0.9825,0.885,0.135,0.0075,0.005,0,0,0,0,0,0,0,200,0,0,200,0,0,200,0,0,200,0,0,200,0,0,200,0,0,200,0,0,200,0,0,200,0,0,200,0,0,200,0,0,200,0,0,200,0,0,200,0,0,200,0,0,200,0,0,195,3,2,195,2,3,159,21,20,159,20,21,143,28,29,143,29,28,193,1,6,193,6,1,200,0,0,200,0,0,200,0,0,200,0,0,200,0,0,200,0,0,200,0,0,200,0,0,200,0,0,200,0,0,200,0,0,200,0,0,200,0,0,200,0,0,200,0,0,200,0,0,
870, 1,1,1,1,1,1,1,1,0.9975,0.905,0.125,0,0,0,0,0,0,0,0,0,1,1,1,1,1,1,1,1,0.995,0.915,0.12,0,0,0,0,0,0,0,0,0,200,0,0,200,0,0,200,0,0,200,0,0,200,0,0,200,0,0,200,0,0,200,0,0,200,0,0,200,0,0,200,0,0,200,0,0,200,0,0,200,0,0,200,0,0,200,0,0,196,1,3,196,3,1,165,19,16,165,16,19,176,17,7,176,7,17,200,0,0,200,0,0,200,0,0,200,0,0,200,0,0,200,0,0,200,0,0,200,0,0,200,0,0,200,0,0,200,0,0,200,0,0,200,0,0,200,0,0,200,0,0,200,0,0,200,0,0,200,0,0,
880, 1,1,1,1,1,1,1,1,0.99,0.8625,0.16,0.0025,0,0,0,0,0,0,0,0,1,1,1,1,1,1,1,1,0.9925,0.855,0.165,0,0,0,0,0,0,0,0,0,200,0,0,200,0,0,200,0,0,200,0,0,200,0,0,200,0,0,200,0,0,200,0,0,200,0,0,200,0,0,200,0,0,200,0,0,200,0,0,200,0,0,200,0,0,200,0,0,199,1,0,199,0,1,162,26,12,162,12,26,164,26,10,164,10,26,198,2,0,198,0,2,200,0,0,200,0,0,200,0,0,200,0,0,200,0,0,200,0,0,200,0,0,200,0,0,200,0,0,200,0,0,200,0,0,200,0,0,200,0,0,200,0,0,200,0,0,200,0,0,
890, 1,1,1,1,1,1,1,1,0.9925,0.8225,0.0875,0.01,0.005,0,0,0,0,0,0,0,1,1,1,1,1,1,1,1,0.9975,0.8025,0.1025,0.01,0,0,0,0,0,0,0,0,200,0,0,200,0,0,200,0,0,200,0,0,200,0,0,200,0,0,200,0,0,200,0,0,200,0,0,200,0,0,200,0,0,200,0,0,200,0,0,200,0,0,200,0,0,200,0,0,193,5,2,193,2,5,128,40,32,128,32,40,156,15,29,156,29,15,194,1,5,194,5,1,198,0,2,198,2,0,200,0,0,200,0,0,200,0,0,200,0,0,200,0,0,200,0,0,200,0,0,200,0,0,200,0,0,200,0,0,200,0,0,200,0,0,200,0,0,200,0,0,
900, 1,1,1,1,1,1,1,1,0.9975,0.8925,0.1175,0.02,0,0,0,0,0,0,0,0,1,1,1,1,1,1,1,1,0.995,0.8825,0.1375,0.025,0,0,0,0,0,0,0,0,200,0,0,200,0,0,200,0,0,200,0,0,200,0,0,200,0,0,200,0,0,200,0,0,200,0,0,200,0,0,200,0,0,200,0,0,200,0,0,200,0,0,200,0,0,200,0,0,197,1,2,197,2,1,173,19,8,173,8,19,156,26,18,156,18,26,191,4,5,191,5,4,200,0,0,200,0,0,200,0,0,200,0,0,200,0,0,200,0,0,200,0,0,200,0,0,200,0,0,200,0,0,200,0,0,200,0,0,200,0,0,200,0,0,200,0,0,200,0,0,
910, 1,1,1,1,1,1,1,1,0.99,0.865,0.075,0.0075,0.0025,0,0,0,0,0,0,0,1,1,1,1,1,1,1,1,0.9875,0.875,0.075,0.0025,0,0,0,0,0,0,0,0,200,0,0,200,0,0,200,0,0,200,0,0,200,0,0,200,0,0,200,0,0,200,0,0,200,0,0,200,0,0,200,0,0,200,0,0,200,0,0,200,0,0,200,0,0,200,0,0,193,2,5,193,5,2,148,27,25,148,25,27,175,7,18,175,18,7,197,0,3,197,3,0,200,0,0,200,0,0,200,0,0,200,0,0,200,0,0,200,0,0,200,0,0,200,0,0,200,0,0,200,0,0,200,0,0,200,0,0,200,0,0,200,0,0,200,0,0,200,0,0,
920, 1,1,1,1,1,1,1,1,0.9875,0.9,0.1175,0.005,0,0,0,0,0,0,0,0,1,1,1,1,1,1,1,1,0.99,0.9075,0.13,0.01,0,0,0,0,0,0,0,0,200,0,0,200,0,0,200,0,0,200,0,0,200,0,0,200,0,0,200,0,0,200,0,0,200,0,0,200,0,0,200,0,0,200,0,0,200,0,0,200,0,0,200,0,0,200,0,0,195,2,3,195,3,2,175,18,7,175,7,18,171,9,20,171,20,9,196,2,2,196,2,2,200,0,0,200,0,0,200,0,0,200,0,0,200,0,0,200,0,0,200,0,0,200,0,0,200,0,0,200,0,0,200,0,0,200,0,0,200,0,0,200,0,0,200,0,0,200,0,0,
930, 1,1,1,1,1,1,1,1,0.985,0.8975,0.16,0.0075,0,0,0,0,0,0,0,0,1,1,1,1,1,1,1,1,0.9875,0.8725,0.1475,0.0075,0,0,0,0,0,0,0,0,200,0,0,200,0,0,200,0,0,200,0,0,200,0,0,200,0,0,200,0,0,200,0,0,200,0,0,200,0,0,200,0,0,200,0,0,200,0,0,200,0,0,200,0,0,200,0,0,190,2,8,190,8,2,168,14,18,168,18,14,126,42,32,126,32,42,193,2,5,193,5,2,200,0,0,200,0,0,200,0,0,200,0,0,200,0,0,200,0,0,200,0,0,200,0,0,200,0,0,200,0,0,200,0,0,200,0,0,200,0,0,200,0,0,200,0,0,200,0,0,
940, 1,1,1,1,1,1,1,1,0.995,0.9025,0.1525,0.0125,0,0,0,0,0,0,0,0,1,1,1,1,1,1,1,1,0.9975,0.9025,0.15,0.0125,0,0,0,0,0,0,0,0,200,0,0,200,0,0,200,0,0,200,0,0,200,0,0,200,0,0,200,0,0,200,0,0,200,0,0,200,0,0,200,0,0,200,0,0,200,0,0,200,0,0,200,0,0,200,0,0,198,0,2,198,2,0,173,11,16,173,16,11,139,30,31,139,31,30,195,1,4,195,4,1,199,1,0,199,0,1,200,0,0,200,0,0,200,0,0,200,0,0,200,0,0,200,0,0,200,0,0,200,0,0,200,0,0,200,0,0,200,0,0,200,0,0,200,0,0,200,0,0,
950, 1,1,1,1,1,1,1,1,0.9875,0.8675,0.1125,0.01,0,0,0,0,0,0,0,0,1,1,1,1,1,1,1,1,0.9875,0.8775,0.11,0.0025,0,0,0,0,0,0,0,0,200,0,0,200,0,0,200,0,0,200,0,0,200,0,0,200,0,0,200,0,0,200,0,0,200,0,0,200,0,0,200,0,0,200,0,0,200,0,0,200,0,0,200,0,0,200,0,0,197,2,1,197,1,2,179,9,12,179,12,9,164,16,20,164,20,16,195,1,4,195,4,1,200,0,0,200,0,0,200,0,0,200,0,0,200,0,0,200,0,0,200,0,0,200,0,0,200,0,0,200,0,0,200,0,0,200,0,0,200,0,0,200,0,0,200,0,0,200,0,0,
960, 1,1,1,1,1,1,1,1,0.9925,0.88,0.0925,0.0025,0,0,0,0,0,0,0,0,1,1,1,1,1,1,1,1,0.99,0.8625,0.0775,0.0025,0.0025,0,0,0,0,0,0,0,200,0,0,200,0,0,200,0,0,200,0,0,200,0,0,200,0,0,200,0,0,200,0,0,200,0,0,200,0,0,200,0,0,200,0,0,200,0,0,200,0,0,200,0,0,200,0,0,198,1,1,198,1,1,163,19,18,163,18,19,167,13,20,167,20,13,198,0,2,198,2,0,200,0,0,200,0,0,200,0,0,200,0,0,200,0,0,200,0,0,200,0,0,200,0,0,200,0,0,200,0,0,200,0,0,200,0,0,200,0,0,200,0,0,200,0,0,200,0,0,
970, 1,1,1,1,1,1,1,1,0.985,0.8725,0.105,0.01,0,0,0,0,0,0,0,0,1,1,1,1,1,1,1,1,0.99,0.845,0.105,0.0175,0,0,0,0,0,0,0,0,200,0,0,200,0,0,200,0,0,200,0,0,200,0,0,200,0,0,200,0,0,200,0,0,200,0,0,200,0,0,200,0,0,200,0,0,200,0,0,200,0,0,200,0,0,200,0,0,193,4,3,193,3,4,154,22,24,154,24,22,159,20,21,159,21,20,192,4,4,192,4,4,200,0,0,200,0,0,200,0,0,200,0,0,200,0,0,200,0,0,200,0,0,200,0,0,200,0,0,200,0,0,200,0,0,200,0,0,200,0,0,200,0,0,200,0,0,200,0,0,
980, 1,1,1,1,1,1,1,1,0.985,0.8475,0.13,0.0025,0,0,0,0,0,0,0,0,1,1,1,1,1,1,1,1,0.985,0.8525,0.125,0.0075,0,0,0,0,0,0,0,0,200,0,0,200,0,0,200,0,0,200,0,0,200,0,0,200,0,0,200,0,0,200,0,0,200,0,0,200,0,0,200,0,0,200,0,0,200,0,0,200,0,0,200,0,0,200,0,0,192,3,5,192,5,3,150,23,27,150,27,23,156,16,28,156,28,16,194,0,6,194,6,0,200,0,0,200,0,0,200,0,0,200,0,0,200,0,0,200,0,0,200,0,0,200,0,0,200,0,0,200,0,0,200,0,0,200,0,0,200,0,0,200,0,0,200,0,0,200,0,0,
990, 1,1,1,1,1,1,1,1,0.9925,0.87,0.115,0.01,0,0,0,0,0,0,0,0,1,1,1,1,1,1,1,1,0.9975,0.85,0.1,0.01,0,0,0,0,0,0,0,0,200,0,0,200,0,0,200,0,0,200,0,0,200,0,0,200,0,0,200,0,0,200,0,0,200,0,0,200,0,0,200,0,0,200,0,0,200,0,0,200,0,0,200,0,0,200,0,0,194,1,5,194,5,1,131,36,33,131,33,36,146,29,25,146,25,29,196,2,2,196,2,2,200,0,0,200,0,0,200,0,0,200,0,0,200,0,0,200,0,0,200,0,0,200,0,0,200,0,0,200,0,0,200,0,0,200,0,0,200,0,0,200,0,0,200,0,0,200,0,0,
