gen, d0l0, d1l0, d2l0, d3l0, d4l0, d5l0, d6l0, d7l0, d0l1, d1l1, d2l1, d3l1, d4l1, d5l1, d6l1, d7l1, d0l2, d1l2, d2l2, d3l2, d4l2, d5l2, d6l2, d7l2, d0l3, d1l3, d2l3, d3l3, d4l3, d5l3, d6l3, d7l3, d0l4, d1l4, d2l4, d3l4, d4l4, d5l4, d6l4, d7l4, d0l5, d1l5, d2l5, d3l5, d4l5, d5l5, d6l5, d7l5, d0l6, d1l6, d2l6, d3l6, d4l6, d5l6, d6l6, d7l6, d0l7, d1l7, d2l7, d3l7, d4l7, d5l7, d6l7, d7l7, d0W, d1W, d2W, d3W, d4W, d5W, d6W, d7W, 
0, 1,1,1,0.9625,0.0325,0,0,0,1,1,1,0.955,0.04,0,0,0,1,1,1,0.9475,0.0325,0.0075,0,0,1,1,1,0.9375,0.0375,0,0,0,1,1,1,0.9625,0.0325,0,0,0,1,1,1,0.9625,0.0325,0,0,0,1,1,1,0.9575,0.095,0,0,0,1,1,1,0.9575,0.0775,0,0,0,1,1,1,1,1,1,1,1,
10, 1,1,1,0.995,0.0625,0.015,0,0,1,1,1,0.9825,0.0825,0.0125,0,0,1,1,1,0.9925,0.055,0.0125,0,0,1,1,1,0.9925,0.0825,0.0075,0,0,1,1,1,0.99,0.075,0.0075,0,0,1,1,1,0.9575,0.065,0.0075,0,0,1,1,1,0.915,0.0475,0.01,0,0,1,1,1,0.91,0.04,0.01,0,0,1,1,1,1,1,1,1,1,
20, 1,1,1,0.9775,0.0875,0,0,0,1,1,1,0.975,0.0475,0,0,0,1,1,1,0.9725,0.0525,0,0,0,1,1,1,0.9725,0.025,0.01,0,0.0025,1,1,1,0.9875,0.05,0,0,0,1,1,1,0.9625,0.045,0,0,0,1,1,1,0.945,0.0625,0,0,0,1,1,1,0.9375,0.0575,0.005,0,0,1,1,1,1,1,1,1,1,
30, 1,1,1,0.9275,0.0225,0.0125,0,0,1,1,1,0.92,0.0425,0.005,0,0,1,1,1,0.93,0.0675,0,0,0,1,1,1,0.9025,0.035,0.01,0,0,1,1,0.9975,0.94,0.015,0,0,0,1,1,0.9975,0.92,0.04,0,0,0,1,1,0.9975,0.94,0.07,0,0,0,1,1,0.9975,0.9225,0.0275,0,0,0,1,1,1,1,1,1,1,1,
40, 1,1,1,0.9875,0.0275,0,0,0,1,1,1,0.975,0.005,0,0,0,1,1,1,0.9675,0.0225,0,0,0,1,1,1,0.9775,0.025,0.025,0,0,1,1,1,0.9825,0.0125,0,0,0,1,1,1,0.945,0.0375,0,0,0,1,1,0.9925,0.94,0.0425,0.005,0,0,1,1,1,0.945,0.0325,0.005,0,0,1,1,1,1,1,1,1,1,
50, 1,1,1,0.975,0.015,0,0,0,1,1,1,0.9675,0.0275,0,0,0,1,1,0.9975,0.955,0.0325,0.01,0,0,1,1,1,0.9575,0.0675,0.0075,0,0,1,1,1,0.9625,0.035,0,0,0,1,1,1,0.97,0.0275,0,0,0,1,1,1,0.9275,0.04,0,0,0,1,1,1,0.975,0.03,0,0,0,1,1,1,1,1,1,1,1,
60, 1,1,1,0.9525,0.015,0,0,0,1,1,1,0.97,0.0225,0,0,0,1,1,1,0.97,0.0275,0,0,0,1,1,1,0.975,0.0325,0.0175,0,0,1,1,1,0.965,0.03,0.0025,0,0,1,1,1,0.9625,0.0325,0,0,0,1,1,1,0.9725,0.075,0,0,0,1,1,1,0.975,0.0425,0,0,0,1,1,1,1,1,1,1,1,
70, 1,1,1,0.9925,0.015,0,0,0,1,1,1,0.9925,0.0275,0,0,0,1,1,1,0.9775,0.03,0,0,0,1,1,1,0.9775,0.0575,0,0,0,1,1,0.9975,0.975,0.0525,0,0,0,1,1,0.9975,0.9625,0.06,0,0,0,1,1,0.9975,0.955,0.035,0,0,0,1,1,1,0.985,0.03,0,0,0,1,1,1,1,1,1,1,1,
80, 1,1,1,0.97,0.055,0,0,0,1,1,1,0.9575,0.0575,0,0,0,1,1,1,0.94,0.0975,0,0,0,1,1,1,0.9225,0.085,0,0,0,1,1,0.9875,0.95,0.0575,0.0075,0,0,1,1,0.99,0.95,0.0875,0.0075,0,0,1,1,0.9775,0.9425,0.0775,0,0,0,1,1,0.9875,0.9575,0.0725,0,0,0,1,1,1,1,1,1,1,1,
90, 1,1,1,0.97,0.0475,0,0,0,1,1,1,0.935,0.0525,0,0,0,1,1,1,0.9325,0.0625,0,0,0,1,1,1,0.975,0.0525,0.0025,0,0,1,1,1,0.975,0.045,0,0,0,1,1,1,0.985,0.045,0,0,0,1,1,1,0.985,0.0375,0,0,0,1,1,1,0.99,0.0225,0,0,0,1,1,1,1,1,1,1,1,
,0.12,0.0025,0,0,1,1,1,1,1,1,1,1,
90, 1,1,0.9975,0.8975,0.205,0,0,0,1,1,1,0.99,0.35,0,0,0,1,1,1,0.935,0.05,0,0,0,1,1,0.9875,0.675,0.2025,0.0175,0,0,1,1,0.9875,0.585,0.255,0.0075,0,0,1,1,1,0.9775,0.055,0,0,0,1,1,1,0.9625,0.0575,0,0,0,1,1,1,0.93,0.0625,0,0,0,1,1,1,1,1,1,1,1,
1225,0,0,0,1,1,1,0.9475,0.175,0.2025,0.0575,0,1,1,0.925,0.7825,0.1675,0.03,0,0,1,1,1,0.9775,0.05,0,0,0,0.999905,0.999905,0.999905,0.999905,0.999905,0.999905,0.999905,0.999905,
90, 0.955,0.9175,0.8225,0.7375,0.015,0,0,0,1,1,1,0.935,0.0825,0,0,0,1,1,1,0.99,0.045,0,0,0,1,1,1,0.925,0.055,0,0,0,1,1,1,0.9425,0.0825,0,0,0,1,1,1,0.885,0.275,0.11,0.0225,0,1,0.9975,0.92,0.785,0.1275,0.025,0,0,1,1,1,0.985,0.05,0,0,0,0.999669,0.999669,0.999669,0.999669,0.999669,0.999669,0.999669,0.999669,
