0	0	0.0448518	0.5
0	1	0.0595279	0.5
0	2	0.0120321	0.5
0	3	0.00142797	0.5
0	4	0.038456	0.5
0	5	-0.0677004	0.5
0	6	0.00646344	0.5
0	7	-0.0950588	0.5
1	0	-0.0173134	0.5
1	1	0.0648944	0.5
1	2	-0.0486796	0.5
1	3	-0.0421493	0.5
1	4	-0.0180909	0.5
1	5	0.0392098	0.5
1	6	-0.00365685	0.5
1	7	0.0257858	0.5
2	0	0.0253259	0.5
2	1	-0.0241653	0.5
2	2	-0.00868393	0.5
2	3	-0.069601	0.5
2	4	0.0190086	0.5
2	5	0.0286561	0.5
2	6	0.0156976	0.5
2	7	0.0137621	0.5
3	0	0.0587645	0.5
3	1	-0.0044061	0.5
3	2	0.00303761	0.5
3	3	0.0493975	0.5
3	4	-0.0442159	0.5
3	5	-0.0415643	0.5
3	6	0.00616181	0.5
3	7	-0.0271751	0.5
4	0	0.00567314	0.5
4	1	-0.0266823	0.5
4	2	0.000867215	0.5
4	3	-0.00225353	0.5
4	4	-0.0282541	0.5
4	5	0.000751881	0.5
4	6	0.039275	0.5
4	7	0.0106227	0.5
5	0	-0.0217755	0.5
5	1	-0.0481844	0.5
5	2	-0.00629514	0.5
5	3	0.0295013	0.5
5	4	0.0258438	0.5
5	5	0.0228065	0.5
5	6	-0.0506129	0.5
5	7	0.0487163	0.5
6	0	0.0433589	0.5
6	1	0.0316885	0.5
6	2	-0.0457471	0.5
6	3	0.0319605	0.5
6	4	0.00635502	0.5
6	5	-0.0322307	0.5
6	6	-0.0442815	0.5
6	7	0.00889626	0.5
7	0	-0.021592	0.5
7	1	-0.0768546	0.5
7	2	0.0369025	0.5
7	3	0.0746457	0.5
7	4	-0.00576694	0.5
7	5	0.0476656	0.5
7	6	-0.0304596	0.5
7	7	-0.0245407	0.5
8	0	0.0138637	0.5
8	1	-0.0619038	0.5
8	2	-0.0694842	0.5
8	3	0.000935924	0.5
8	4	-0.0525423	0.5
8	5	0.0390435	0.5
8	6	0.0513591	0.5
8	7	0.0787281	0.5
9	0	-0.0114231	0.5
9	1	0.0229076	0.5
9	2	-0.00567707	0.5
9	3	0.03409	0.5
9	4	0.00117781	0.5
9	5	-0.0722653	0.5
9	6	-0.0324515	0.5
9	7	0.0636416	0.5
10	0	0.000877877	0.5
10	1	-0.0466989	0.5
10	2	-0.0206551	0.5
10	3	0.104905	0.5
10	4	-0.00331195	0.5
10	5	-0.0168289	0.5
10	6	0.0273855	0.5
10	7	-0.0456732	0.5
11	0	-0.0354066	0.5
11	1	-0.0271341	0.5
11	2	-0.0401278	0.5
11	3	0.0155219	0.5
11	4	0.0181604	0.5
11	5	-0.0083193	0.5
11	6	0.026506	0.5
11	7	0.0507995	0.5
12	0	-0.0098715	0.5
12	1	0.0270072	0.5
12	2	0.0683248	0.5
12	3	0.0526164	0.5
12	4	-0.16269	0.5
12	5	0.0357438	0.5
12	6	-0.0205129	0.5
12	7	0.00938218	0.5
13	0	-0.066595	0.5
13	1	0.0253027	0.5
13	2	-0.00407263	0.5
13	3	0.0244048	0.5
13	4	0.0493177	0.5
13	5	0.00874104	0.5
13	6	-0.00466502	0.5
13	7	-0.0324336	0.5
14	0	0.0238699	0.5
14	1	0.0971818	0.5
14	2	0.0876573	0.5
14	3	-0.0373181	0.5
14	4	-0.063802	0.5
14	5	-0.0564116	0.5
14	6	0.00207712	0.5
14	7	-0.0532545	0.5
15	0	0.0587519	0.5
15	1	-0.020373	0.5
15	2	-0.0221469	0.5
15	3	0.019058	0.5
15	4	0.0224853	0.5
15	5	-0.0157229	0.5
15	6	0.0146763	0.5
15	7	-0.0567287	0.5
16	0	-0.0200136	0.5
16	1	-0.0514918	0.5
16	2	-0.00777431	0.5
16	3	-0.0155326	0.5
16	4	-0.0482981	0.5
16	5	0.0173715	0.5
16	6	0.0205931	0.5
16	7	0.105146	0.5
17	0	-0.0615289	0.5
17	1	0.0121253	0.5
17	2	0.0343766	0.5
17	3	-0.0146682	0.5
17	4	0.057415	0.5
17	5	-0.0518723	0.5
17	6	0.0104791	0.5
17	7	0.0136734	0.5
18	0	-0.00834827	0.5
18	1	0.04848	0.5
18	2	0.0413925	0.5
18	3	-0.0827764	0.5
18	4	-0.0861523	0.5
18	5	0.0011463	0.5
18	6	0.0272228	0.5
18	7	0.0590352	0.5
19	0	-0.00304241	0.5
19	1	0.00937	0.5
19	2	0.010222	0.5
19	3	-0.0614252	0.5
19	4	-0.0224011	0.5
19	5	-0.0157439	0.5
19	6	0.104401	0.5
19	7	-0.02138	0.5
20	0	0.00864007	0.5
20	1	0.0826366	0.5
20	2	0.0323055	0.5
20	3	-0.107477	0.5
20	4	-0.0255402	0.5
20	5	-0.00669923	0.5
20	6	-0.0468003	0.5
20	7	0.0629342	0.5
21	0	0.00602721	0.5
21	1	0.00318248	0.5
21	2	0.0400781	0.5
21	3	0.0382729	0.5
21	4	-0.0595351	0.5
21	5	-0.0240054	0.5
21	6	-0.0161242	0.5
21	7	0.012104	0.5
22	0	0.109567	0.5
22	1	0.00311136	0.5
22	2	0.0123875	0.5
22	3	0.0162208	0.5
22	4	-0.0279415	0.5
22	5	0.00634622	0.5
22	6	-0.0113758	0.5
22	7	-0.108316	0.5
23	0	0.0451297	0.5
23	1	-0.00950432	0.5
23	2	-0.116537	0.5
23	3	0.0932474	0.5
23	4	0.0808609	0.5
23	5	0.0129938	0.5
23	6	-0.0528646	0.5
23	7	-0.0533257	0.5
24	0	-0.063271	0.5
24	1	0.034292	0.5
24	2	0.0285585	0.5
24	3	-0.000211749	0.5
24	4	-0.00040514	0.5
24	5	0.0258391	0.5
24	6	-0.0343674	0.5
24	7	0.00956573	0.5
25	0	0.053298	0.5
25	1	0.000423622	0.5
25	2	-0.0369276	0.5
25	3	-0.0416758	0.5
25	4	0.00885508	0.5
25	5	0.0989533	0.5
25	6	0.0241783	0.5
25	7	-0.107105	0.5
26	0	-0.0108239	0.5
26	1	-0.00104679	0.5
26	2	0.026844	0.5
26	3	0.00260769	0.5
26	4	-0.0203293	0.5
26	5	0.0293801	0.5
26	6	-0.0594057	0.5
26	7	0.0327739	0.5
27	0	0.0311301	0.5
27	1	-0.0688594	0.5
27	2	-0.020181	0.5
27	3	0.00865045	0.5
27	4	0.0160542	0.5
27	5	0.0281672	0.5
27	6	-0.00197396	0.5
27	7	0.00701246	0.5
28	0	-0.00540845	0.5
28	1	-0.11479	0.5
28	2	-0.0358109	0.5
28	3	0.0784442	0.5
28	4	0.00956693	0.5
28	5	-0.0368796	0.5
28	6	0.0583004	0.5
28	7	0.0465772	0.5
29	0	0.0391481	0.5
29	1	0.00569805	0.5
29	2	0.0299564	0.5
29	3	-0.0670083	0.5
29	4	0.0260445	0.5
29	5	-0.0387401	0.5
29	6	-0.057929	0.5
29	7	0.0628303	0.5
30	0	-0.0470773	0.5
30	1	0.0828806	0.5
30	2	0.0251948	0.5
30	3	-0.015138	0.5
30	4	0.120119	0.5
30	5	-0.0523327	0.5
30	6	-0.0390989	0.5
30	7	-0.074547	0.5
31	0	-0.0701321	0.5
31	1	0.0538185	0.5
31	2	-0.00190414	0.5
31	3	0.00705614	0.5
31	4	-0.00536797	0.5
31	5	-0.0322994	0.5
31	6	0.059933	0.5
31	7	-0.011104	0.5
32	0	0.0298083	0.5
32	1	-0.00159336	0.5
32	2	-0.0396189	0.5
32	3	-0.00187492	0.5
32	4	0.0334039	0.5
32	5	-0.0156155	0.5
32	6	-0.0367937	0.5
32	7	0.0322842	0.5
33	0	-0.0509996	0.5
33	1	-0.00286981	0.5
33	2	0.0490271	0.5
33	3	-0.0339054	0.5
33	4	0.0342718	0.5
33	5	-0.0244078	0.5
33	6	0.00384568	0.5
33	7	0.0250379	0.5
34	0	-0.0169136	0.5
34	1	0.04337	0.5
34	2	0.0172439	0.5
34	3	-0.0653781	0.5
34	4	-0.0797657	0.5
34	5	0.0479993	0.5
34	6	0.0256874	0.5
34	7	0.0277568	0.5
35	0	-0.0268819	0.5
35	1	-0.0500219	0.5
35	2	0.0102602	0.5
35	3	0.0691843	0.5
35	4	-0.0210903	0.5
35	5	0.0635166	0.5
35	6	-0.0167641	0.5
35	7	-0.0282029	0.5
36	0	-0.0145594	0.5
36	1	0.0327144	0.5
36	2	-0.0130436	0.5
36	3	-0.0351293	0.5
36	4	0.0218258	0.5
36	5	0.0164246	0.5
36	6	0.0458469	0.5
36	7	-0.0540795	0.5
37	0	0.104639	0.5
37	1	-0.0371272	0.5
37	2	0.0123812	0.5
37	3	0.117133	0.5
37	4	0.0292258	0.5
37	5	-0.120591	0.5
37	6	-0.0727031	0.5
37	7	-0.0329575	0.5
38	0	0.0196865	0.5
38	1	-0.0130599	0.5
38	2	0.0107075	0.5
38	3	0.00878877	0.5
38	4	-0.0157149	0.5
38	5	0.0933159	0.5
38	6	-0.0176205	0.5
38	7	-0.0861034	0.5
39	0	0.0457845	0.5
39	1	-0.0383128	0.5
39	2	-0.052229	0.5
39	3	0.04143	0.5
39	4	0.0158207	0.5
39	5	-0.0148201	0.5
39	6	-0.0171725	0.5
39	7	0.0194992	0.5
40	0	-0.00897435	0.5
40	1	-0.0491728	0.5
40	2	0.0108842	0.5
40	3	0.0657543	0.5
40	4	-0.059234	0.5
40	5	0.041125	0.5
40	6	-0.0434234	0.5
40	7	0.0430409	0.5
41	0	-0.0498678	0.5
41	1	0.0320305	0.5
41	2	0.00250348	0.5
41	3	-0.0117277	0.5
41	4	0.0450161	0.5
41	5	0.0275692	0.5
41	6	0.00602409	0.5
41	7	-0.0515478	0.5
42	0	-0.0174102	0.5
42	1	0.04665	0.5
42	2	-0.0145587	0.5
42	3	-0.0606837	0.5
42	4	0.038001	0.5
42	5	0.0074611	0.5
42	6	0.00667494	0.5
42	7	-0.0061344	0.5
43	0	0.0614546	0.5
43	1	-0.0686418	0.5
43	2	-0.0780027	0.5
43	3	0.0234128	0.5
43	4	0.0343867	0.5
43	5	-0.0236771	0.5
43	6	0.00819782	0.5
43	7	0.0428696	0.5
44	0	0.00249113	0.5
44	1	-0.0180497	0.5
44	2	-0.091826	0.5
44	3	0.0128752	0.5
44	4	0.0590214	0.5
44	5	-0.0306249	0.5
44	6	-0.0617024	0.5
44	7	0.127815	0.5
45	0	-0.00871835	0.5
45	1	-0.0239367	0.5
45	2	-0.0366493	0.5
45	3	-0.0390144	0.5
45	4	0.0611757	0.5
45	5	0.0374006	0.5
45	6	0.0252444	0.5
45	7	-0.015502	0.5
46	0	0.0490887	0.5
46	1	0.0173833	0.5
46	2	-0.00949621	0.5
46	3	-0.0984384	0.5
46	4	0.0322117	0.5
46	5	-0.0110795	0.5
46	6	-0.0177195	0.5
46	7	0.0380499	0.5
47	0	0.00321902	0.5
47	1	-0.0185255	0.5
47	2	0.0708702	0.5
47	3	-0.0165922	0.5
47	4	0.0232695	0.5
47	5	0.0226999	0.5
47	6	-0.101404	0.5
47	7	0.0164631	0.5
48	0	-0.0894683	0.5
48	1	0.0403751	0.5
48	2	-0.00888997	0.5
48	3	-0.00637527	0.5
48	4	0.00864768	0.5
48	5	0.00408583	0.5
48	6	0.0151737	0.5
48	7	0.0364512	0.5
49	0	0.0130166	0.5
49	1	-0.092563	0.5
49	2	0.043427	0.5
49	3	0.0861492	0.5
49	4	0.0338697	0.5
49	5	-0.0213086	0.5
49	6	-0.0148947	0.5
49	7	-0.0476963	0.5
