0	0	-0.00147813	1
0	1	-0.0024426	1
0	2	-0.0148323	1
0	3	0.00948442	1
0	4	-0.0112666	0
0	5	0.00939624	1
0	6	0.0084403	0
0	7	-0.00451895	0
0	8	0.0149254	1
0	9	-0.00220511	0
0	10	0.000126914	1
0	11	0.00568101	0
0	12	-0.0156622	1
0	13	-0.024203	1
0	14	0.00413291	1
0	15	-0.000898193	0
0	16	-0.0109741	0
0	17	0.0252253	1
0	18	0.000773823	0
0	19	-0.00678639	0
0	20	0.00153919	1
0	21	0.0103493	0
0	22	-0.016612	1
0	23	-0.0131746	0
0	24	-0.00307094	0
0	25	-0.00174201	0
0	26	0.0134268	0
0	27	0.0135876	0
0	28	-0.0313651	0
0	29	-0.0115798	0
0	30	-0.0324532	1
0	31	-0.00651162	0
0	32	0.00386554	0
0	33	0.0200502	0
0	34	-0.00119624	1
0	35	0.000841827	0
0	36	-0.0229611	0
0	37	0.0151986	1
0	38	-0.00221395	0
0	39	-0.0199247	1
0	40	-0.00207572	0
0	41	0.00864594	1
0	42	0.0128102	0
0	43	0.000442491	0
0	44	-0.00619573	0
0	45	-0.00754815	1
0	46	-0.0142505	0
0	47	0.014068	1
0	48	-0.000567426	1
0	49	-0.00216542	0
0	50	0.0166712	1
0	51	0.00599692	1
0	52	0.0133025	1
0	53	-0.00562022	1
0	54	-0.0104582	1
0	55	-0.0180127	0
0	56	-0.000569596	1
0	57	0.0311097	1
0	58	0.0128035	1
0	59	-0.00788932	1
0	60	-0.0100368	1
0	61	0.0205717	0
0	62	-0.00349406	0
0	63	0.00192085	0
0	64	-0.003287	1
0	65	-0.00765659	1
0	66	0.00349353	1
0	67	0.00923458	1
0	68	-0.00178969	0
0	69	0.0146158	1
0	70	0.00717783	1
0	71	0.0170968	0
0	72	0.00440981	0
0	73	0.0168604	1
0	74	0.00587712	0
0	75	0.0136836	0
0	76	0.0246172	0
0	77	-0.00471915	1
0	78	-0.0203461	0
0	79	-0.00964562	0
0	80	0.00514985	0
0	81	-0.0105195	1
0	82	0.0206554	1
0	83	-0.0139096	0
0	84	-0.00868005	1
0	85	0.00570327	1
0	86	0.0180005	1
0	87	0.0184319	0
0	88	-0.00432141	1
0	89	-0.00341253	1
0	90	-0.00799733	1
0	91	-0.00195059	1
0	92	0.0126905	1
0	93	-0.00907741	1
0	94	-0.00183329	1
0	95	-0.00771679	0
0	96	-0.00239243	0
0	97	-0.00363725	1
0	98	-0.014284	1
0	99	-0.0089535	1
1	0	4.78546e-05	0
1	1	-0.00941348	0
1	2	0.00362504	1
1	3	0.00707171	1
1	4	-0.00883991	0
1	5	0.00365782	1
1	6	-0.0257679	0
1	7	0.015483	1
1	8	-0.00346759	0
1	9	0.00162306	0
1	10	0.00354699	0
1	11	-0.0195908	0
1	12	0.0130122	1
1	13	-0.015495	1
1	14	0.0218892	1
1	15	-0.0111036	0
1	16	0.00305694	0
1	17	0.00889457	0
1	18	0.00908713	0
1	19	-0.00825906	0
1	20	-0.0180194	0
1	21	0.0178021	1
1	22	-0.00946532	0
1	23	0.00443512	1
1	24	-0.00604529	0
1	25	0.011648	1
1	26	-0.00443237	1
1	27	0.0207851	1
1	28	-0.00999151	1
1	29	-0.0230914	0
1	30	-0.00253394	1
1	31	-0.0150889	1
1	32	0.00239989	0
1	33	-0.0258463	1
1	34	-0.0079627	0
1	35	-0.0168959	1
1	36	-0.00798024	1
1	37	0.0129722	1
1	38	0.00824392	0
1	39	-0.0123071	0
1	40	0.0121491	0
1	41	0.00940465	0
1	42	0.0041763	1
1	43	-0.00394658	0
1	44	-0.0100178	0
1	45	0.0204047	1
1	46	-0.0109253	0
1	47	-0.00651455	1
1	48	-0.00148971	0
1	49	0.0225761	1
1	50	-0.0181517	0
1	51	-0.0122538	1
1	52	0.0205561	0
1	53	-0.00322199	0
1	54	0.00907764	0
1	55	-0.00639425	0
1	56	-0.00629892	1
1	57	-0.00721745	1
1	58	0.017642	1
1	59	0.0264523	0
1	60	-0.00843998	0
1	61	-0.0107903	1
1	62	-0.0117796	0
1	63	-0.0102572	1
1	64	-0.000348679	1
1	65	-0.010425	1
1	66	0.026517	1
1	67	0.0105894	0
1	68	-0.0125761	1
1	69	-0.00728856	0
1	70	0.0119383	1
1	71	0.0169645	1
1	72	0.0389413	1
1	73	-0.0024639	0
1	74	0.0042083	1
1	75	0.00388565	0
1	76	-0.0173616	1
1	77	-0.00898036	0
1	78	0.0138848	1
1	79	-0.0128153	1
1	80	0.0280576	1
1	81	-0.0115798	1
1	82	0.007073	0
1	83	-0.0188181	0
1	84	-0.0233886	1
1	85	0.00736039	0
1	86	0.0166956	1
1	87	0.0145979	0
1	88	0.028519	0
1	89	0.00766192	1
1	90	0.00296455	0
1	91	0.00165992	1
1	92	-0.00661024	0
1	93	0.00758537	0
1	94	-0.00233461	1
1	95	0.00125178	0
1	96	0.0134537	1
1	97	-0.0132844	1
1	98	-0.0203225	0
1	99	-0.017636	0
2	0	0.0431689	0
2	1	-0.0144158	0
2	2	-0.0129333	0
2	3	0.00660863	0
2	4	0.0172376	0
2	5	0.00023423	0
2	6	0.0159358	0
2	7	0.00727272	0
2	8	0.00691756	0
2	9	0.0186434	1
2	10	-0.0118836	0
2	11	-0.00816749	1
2	12	-0.0488571	1
2	13	0.00424687	1
2	14	0.00337973	1
2	15	-0.0161669	1
2	16	0.0100585	0
2	17	0.0118341	0
2	18	-0.00223168	1
2	19	0.000286205	0
2	20	0.00643109	1
2	21	0.00305907	0
2	22	-0.00214546	0
2	23	0.0388602	1
2	24	0.0195022	0
2	25	0.0238998	0
2	26	-0.0106064	0
2	27	0.00440336	0
2	28	-0.026931	1
2	29	0.00169997	1
2	30	-0.022973	1
2	31	-0.0017582	1
2	32	0.00751207	0
2	33	-0.00136383	0
2	34	0.00269579	1
2	35	-0.00191844	0
2	36	0.00258184	1
2	37	-0.00579158	1
2	38	0.00588756	0
2	39	-0.0197143	1
2	40	0.00714655	0
2	41	0.021378	0
2	42	0.00105848	1
2	43	-0.00280848	1
2	44	0.0233709	0
2	45	-0.0201405	0
2	46	0.00767573	0
2	47	-0.00724044	1
2	48	0.00679609	0
2	49	-0.0055308	0
2	50	-0.00771898	1
2	51	-0.0259353	0
2	52	0.0102826	0
2	53	-0.0165717	0
2	54	0.0178826	1
2	55	0.00876153	0
2	56	0.0271203	1
2	57	-0.00531391	1
2	58	-0.0159774	0
2	59	-0.000606676	1
2	60	-0.0023007	0
2	61	0.00678482	1
2	62	0.00329055	0
2	63	0.0143762	0
2	64	0.000273157	0
2	65	-0.00423896	0
2	66	0.015088	0
2	67	0.0050487	0
2	68	-0.0257836	0
2	69	0.00546129	1
2	70	-0.0142199	0
2	71	-0.0168183	0
2	72	0.00888475	1
2	73	0.0023894	0
2	74	0.00408514	0
2	75	-0.0161437	1
2	76	0.0166497	1
2	77	-0.0291345	1
2	78	-0.0193976	0
2	79	-0.0122265	0
2	80	0.00749727	0
2	81	-0.0180194	0
2	82	-0.0222492	1
2	83	-0.00355593	0
2	84	0.018106	1
2	85	-0.0199501	0
2	86	-0.00791099	1
2	87	0.000825176	1
2	88	0.00229079	1
2	89	0.0161666	0
2	90	-0.00542948	0
2	91	-0.00194504	0
2	92	0.00384787	0
2	93	-0.0045325	1
2	94	0.000763691	0
2	95	0.0149917	1
2	96	0.0171386	1
2	97	-0.0102842	0
2	98	-0.00832763	1
2	99	0.000380831	1
3	0	0.016479	1
3	1	-0.00119535	0
3	2	0.00281206	1
3	3	0.00316537	0
3	4	0.0039531	0
3	5	-0.0147944	1
3	6	0.00544829	1
3	7	0.00232429	1
3	8	-0.00876784	1
3	9	0.0029515	1
3	10	0.00476956	0
3	11	-0.0132212	1
3	12	-0.00719421	1
3	13	0.000577583	0
3	14	0.00498765	1
3	15	-0.0101323	1
3	16	-0.0181068	0
3	17	-0.00373626	1
3	18	0.014966	1
3	19	-0.0109572	0
3	20	0.00857986	0
3	21	-0.0131821	1
3	22	0.0288058	0
3	23	-0.000132729	0
3	24	0.00489877	0
3	25	0.0122736	0
3	26	0.0165281	0
3	27	-0.0129042	0
3	28	-0.0210502	1
3	29	-0.00317177	0
3	30	0.00300746	0
3	31	-0.016238	1
3	32	-0.0270055	1
3	33	-0.0422699	0
3	34	0.0294876	0
3	35	0.00176569	0
3	36	0.009275	1
3	37	0.0125459	1
3	38	-0.0137538	0
3	39	0.00085645	1
3	40	-0.0201329	1
3	41	-0.00570957	1
3	42	-0.00256764	0
3	43	0.0167493	1
3	44	-0.00766642	1
3	45	0.00587474	1
3	46	0.00772033	0
3	47	0.0110116	1
3	48	-0.00469084	1
3	49	0.0281988	0
3	50	0.0060392	1
3	51	-0.002205	1
3	52	0.0108821	0
3	53	0.0055395	0
3	54	0.00823331	0
3	55	-0.0124693	0
3	56	-0.0138472	1
3	57	0.0206678	1
3	58	0.000772001	0
3	59	0.00511266	0
3	60	0.00694062	1
3	61	-0.00241281	0
3	62	-0.00306279	1
3	63	0.0203655	0
3	64	-0.00385191	0
3	65	0.0165712	1
3	66	0.0124921	1
3	67	0.00569364	1
3	68	0.0266367	1
3	69	0.0138399	0
3	70	0.00284485	1
3	71	0.00139466	0
3	72	-0.0153229	0
3	73	-0.0189951	0
3	74	0.0113028	0
3	75	0.00915515	1
3	76	-0.00865072	1
3	77	0.01168	0
3	78	0.00781533	0
3	79	-0.0103509	1
3	80	-0.0129544	0
3	81	0.0161166	1
3	82	-0.036314	0
3	83	-0.0192548	1
3	84	-0.00116902	0
3	85	-0.00262766	0
3	86	-0.00919875	0
3	87	-0.0225967	1
3	88	0.0158934	0
3	89	0.00359618	0
3	90	-0.0153111	0
3	91	0.0144527	1
3	92	-0.00819144	0
3	93	0.0101646	0
3	94	0.0107426	1
3	95	-0.0164194	0
3	96	-0.00104562	1
3	97	-0.0234311	0
3	98	-0.0257136	1
3	99	0.0290189	0
4	0	-0.00172577	0
4	1	-0.00762881	0
4	2	0.00431453	0
4	3	0.0268581	0
4	4	0.0254805	1
4	5	0.0445401	0
4	6	0.00136316	0
4	7	-0.00139202	0
4	8	0.00433649	0
4	9	-0.000726458	1
4	10	0.00492594	1
4	11	0.0169817	1
4	12	-0.00669839	1
4	13	-0.0102792	0
4	14	-0.00261007	1
4	15	0.0120472	0
4	16	-0.000969579	1
4	17	-0.0194355	1
4	18	-0.030987	1
4	19	0.00465659	0
4	20	0.0227374	0
4	21	-0.019702	1
4	22	0.00423813	1
4	23	0.00871563	0
4	24	0.0112299	1
4	25	0.00130532	1
4	26	-0.0317249	1
4	27	0.00514762	1
4	28	0.0250138	0
4	29	-0.0117498	1
4	30	0.0229757	1
4	31	0.00537953	0
4	32	-0.0155295	1
4	33	0.00739801	1
4	34	-0.00726829	0
4	35	-0.00194092	0
4	36	0.0138366	0
4	37	0.0130352	0
4	38	-0.0131925	0
4	39	0.0301519	1
4	40	0.00555573	0
4	41	-0.0108787	0
4	42	0.000920522	0
4	43	0.0244639	0
4	44	-0.0241183	0
4	45	-0.0290701	1
4	46	-0.0271155	0
4	47	-0.00936181	0
4	48	0.00823374	0
4	49	-0.00806836	0
4	50	0.0304393	0
4	51	0.0206883	0
4	52	-0.0227679	0
4	53	-0.0040205	0
4	54	-0.00328834	0
4	55	0.0124469	0
4	56	-0.0108664	0
4	57	0.0271724	1
4	58	-0.00945489	0
4	59	0.00182269	1
4	60	-0.0138255	1
4	61	-0.021086	0
4	62	-0.0041978	1
4	63	0.0185941	1
4	64	-0.0164946	1
4	65	-0.00270252	1
4	66	0.00591753	0
4	67	-0.0103169	0
4	68	-0.00561728	0
4	69	-0.0201372	0
4	70	-0.000930134	1
4	71	0.01849	1
4	72	0.016092	1
4	73	-0.0293723	1
4	74	0.00566691	0
4	75	-0.00854624	1
4	76	-0.00508106	0
4	77	0.000922657	0
4	78	-0.0127376	1
4	79	-0.00894527	0
4	80	0.0156871	1
4	81	0.00497865	0
4	82	0.00657916	1
4	83	0.00554872	1
4	84	0.00279383	1
4	85	0.000918758	0
4	86	-0.0149454	1
4	87	-0.00530432	1
4	88	-0.0353955	1
4	89	0.00697444	1
4	90	0.0104089	1
4	91	0.0048802	0
4	92	0.00325893	0
4	93	-0.00451306	1
4	94	0.0184547	0
4	95	-0.018131	1
4	96	0.011408	1
4	97	-0.0187549	1
4	98	0.0181442	0
4	99	-0.0245251	1
5	0	0.0156891	0
5	1	-0.00889231	1
5	2	-0.00960526	0
5	3	-0.00458019	1
5	4	0.00415083	0
5	5	0.0132338	1
5	6	0.0188362	0
5	7	-0.00650168	1
5	8	0.0194129	1
5	9	0.0101133	0
5	10	-0.010919	0
5	11	-0.00755553	0
5	12	0.0111731	0
5	13	-0.00606373	0
5	14	-0.000400783	0
5	15	0.0212064	0
5	16	-0.0218476	0
5	17	-0.00163205	0
5	18	-0.00694501	0
5	19	-0.0251231	0
5	20	0.00477274	0
5	21	-0.0326874	1
5	22	2.47858e-05	0
5	23	0.0243548	1
5	24	0.00698827	1
5	25	0.00483952	0
5	26	-0.00637254	1
5	27	0.00525433	1
5	28	0.00940646	1
5	29	-0.0127091	1
5	30	-0.00477843	1
5	31	0.00484531	1
5	32	0.00517382	0
5	33	-0.00661778	0
5	34	0.0171472	1
5	35	0.00966937	0
5	36	-0.00447555	1
5	37	-0.00972764	1
5	38	-0.000104131	0
5	39	0.0129286	1
5	40	-0.00962594	0
5	41	-0.0188764	1
5	42	-0.00307528	1
5	43	-0.00167192	1
5	44	-0.0372547	0
5	45	0.0143503	1
5	46	-0.00122623	0
5	47	0.0236128	0
5	48	-0.0165973	0
5	49	0.018178	0
5	50	0.00464136	0
5	51	-0.012963	0
5	52	-0.0131185	1
5	53	-0.00337495	1
5	54	-0.026543	0
5	55	-0.00302821	0
5	56	-0.0218613	1
5	57	0.00641517	1
5	58	0.0109894	0
5	59	0.00186259	0
5	60	-0.00326362	1
5	61	0.00523285	0
5	62	-0.00603652	1
5	63	0.00981186	0
5	64	-0.02158	1
5	65	-0.00178392	1
5	66	-0.0065036	1
5	67	-0.000424298	0
5	68	0.00850723	0
5	69	-0.0379715	0
5	70	-0.01583	1
5	71	-0.00676643	0
5	72	-0.0127632	0
5	73	0.00488027	1
5	74	-0.00992974	0
5	75	0.010809	1
5	76	0.00254141	1
5	77	0.0177246	0
5	78	-0.0111447	0
5	79	-0.0201555	1
5	80	0.0210509	1
5	81	0.0114797	1
5	82	0.0179251	0
5	83	-0.0156686	1
5	84	-0.00273731	0
5	85	0.0323952	0
5	86	0.0171898	1
5	87	0.0023866	0
5	88	0.000290745	0
5	89	0.00379191	0
5	90	0.00431073	0
5	91	0.00306357	0
5	92	0.0155227	1
5	93	0.0150226	0
5	94	0.00133768	0
5	95	0.00617811	0
5	96	0.0151131	1
5	97	0.012764	0
5	98	0.00841216	0
5	99	-0.017698	1
6	0	0.00966991	1
6	1	0.00547416	1
6	2	0.014443	0
6	3	-0.0197119	1
6	4	-0.00556175	1
6	5	-0.0146203	0
6	6	0.0129453	1
6	7	0.00235456	0
6	8	-0.000777059	0
6	9	-0.0137402	0
6	10	-0.00211008	1
6	11	-0.0125024	0
6	12	-0.00948974	0
6	13	-0.000642614	1
6	14	0.0130123	0
6	15	0.0203358	0
6	16	-0.00648599	1
6	17	-0.0159468	0
6	18	-0.0208522	0
6	19	-0.000278191	0
6	20	0.0090927	0
6	21	-0.013165	1
6	22	0.00875814	1
6	23	0.00362738	1
6	24	-0.0117106	1
6	25	-0.014248	0
6	26	-0.00646085	0
6	27	0.00223173	1
6	28	0.0314368	1
6	29	-0.0072931	1
6	30	0.0128629	1
6	31	0.00518688	1
6	32	-0.00179685	1
6	33	0.00347462	0
6	34	0.0254343	0
6	35	0.00489881	1
6	36	0.0297163	1
6	37	0.00742559	0
6	38	-0.0020796	1
6	39	-0.00933329	0
6	40	0.00506172	1
6	41	0.00607919	1
6	42	-0.00248844	1
6	43	0.00464321	0
6	44	0.0107618	0
6	45	-0.00425537	0
6	46	-0.00798481	0
6	47	-0.00178554	0
6	48	0.00200771	0
6	49	-0.00582087	1
6	50	-0.0156559	0
6	51	-0.00527393	0
6	52	-0.00799624	0
6	53	-0.0100638	0
6	54	-0.00755824	0
6	55	0.018189	0
6	56	-0.0227988	1
6	57	0.00169294	1
6	58	0.00859084	1
6	59	0.00216991	1
6	60	0.00746901	1
6	61	-0.00387497	1
6	62	0.0207215	1
6	63	-0.00189093	0
6	64	-0.00872559	1
6	65	0.0296512	0
6	66	-0.0229868	1
6	67	-0.00616358	1
6	68	-0.0232723	1
6	69	0.00767351	1
6	70	0.0132864	0
6	71	0.0214365	0
6	72	0.0131143	0
6	73	0.00137984	1
6	74	0.0012033	0
6	75	-0.0126641	1
6	76	-0.00178308	1
6	77	0.00551466	1
6	78	0.0159368	0
6	79	-0.0205279	1
6	80	0.00142711	0
6	81	-0.00587343	0
6	82	0.00935415	1
6	83	-0.00800449	1
6	84	0.00390099	1
6	85	-0.00136224	0
6	86	-0.00402412	1
6	87	-0.00991345	1
6	88	-0.0192431	1
6	89	-0.0200064	1
6	90	-0.00492539	0
6	91	-0.0122481	1
6	92	0.0132694	1
6	93	0.00894324	1
6	94	-0.0208329	0
6	95	0.00742206	1
6	96	-0.0021767	1
6	97	-0.012038	1
6	98	0.0347966	1
6	99	0.00494793	1
7	0	-0.00112892	0
7	1	0.0138019	1
7	2	0.0164508	1
7	3	-0.015095	0
7	4	-0.0109376	1
7	5	0.0132999	0
7	6	0.00833952	1
7	7	0.0308232	0
7	8	-0.0246284	1
7	9	0.00850728	1
7	10	-0.00953266	1
7	11	-0.00437897	1
7	12	0.0203593	0
7	13	0.00434075	1
7	14	-0.0138467	1
7	15	-0.0209419	1
7	16	0.00778672	1
7	17	-0.0128188	0
7	18	0.00411619	0
7	19	0.00498048	1
7	20	0.00806903	1
7	21	0.00852001	0
7	22	-0.00684392	1
7	23	0.0246061	0
7	24	0.00517363	0
7	25	0.0111337	1
7	26	-0.00211188	1
7	27	-0.0152116	1
7	28	-0.00983706	0
7	29	0.00907646	0
7	30	-0.0101905	0
7	31	0.0154672	0
7	32	0.0204734	0
7	33	0.00829154	0
7	34	-0.00699404	0
7	35	-0.0113065	1
7	36	0.000790622	0
7	37	0.0196677	1
7	38	-0.0147556	1
7	39	0.00853376	1
7	40	0.00509592	1
7	41	-0.0023204	1
7	42	-0.00207863	1
7	43	0.00410649	1
7	44	-0.0205037	0
7	45	-0.00167448	1
7	46	-0.00095907	1
7	47	-0.0242109	1
7	48	0.0210459	1
7	49	-0.0101254	1
7	50	-0.0142036	0
7	51	-0.00464749	1
7	52	-0.0022318	1
7	53	0.004363	0
7	54	0.0099705	0
7	55	-0.0190892	1
7	56	-0.00785567	1
7	57	-0.00131147	0
7	58	0.00650798	1
7	59	-0.00775378	0
7	60	-0.0190288	1
7	61	0.0143165	1
7	62	-0.0148702	0
7	63	0.000284037	0
7	64	-0.00138653	1
7	65	-0.0033652	0
7	66	-0.0103374	1
7	67	0.00520893	0
7	68	0.0218786	1
7	69	-0.0136402	1
7	70	-0.0227605	1
7	71	-0.00605118	1
7	72	-0.0108428	0
7	73	-0.0474695	1
7	74	0.0218524	1
7	75	-0.00645046	0
7	76	0.015892	0
7	77	0.00257857	0
7	78	0.00101255	0
7	79	0.00234268	0
7	80	0.0481258	0
7	81	0.0103074	1
7	82	0.00537751	0
7	83	-0.00971792	1
7	84	-0.00202726	1
7	85	0.00191685	1
7	86	0.00935305	1
7	87	0.00534898	0
7	88	0.00538682	1
7	89	-0.0101689	1
7	90	-0.0272467	1
7	91	-0.01164	1
7	92	0.00648345	1
7	93	0.00220762	1
7	94	0.0068273	0
7	95	0.00817143	1
7	96	-0.0130702	0
7	97	0.0312067	0
7	98	0.00994812	1
7	99	-0.0201269	1
8	0	-0.00930331	1
8	1	-0.00476295	0
8	2	-0.0343732	0
8	3	0.00830445	0
8	4	0.00472488	0
8	5	0.0359255	0
8	6	0.0217716	0
8	7	-0.0162456	1
8	8	-0.0132369	1
8	9	-0.01368	1
8	10	0.0237633	0
8	11	0.0268606	1
8	12	0.0189259	0
8	13	-0.00494845	1
8	14	0.00722548	1
8	15	-0.000271148	0
8	16	-0.00296617	0
8	17	0.0123899	1
8	18	-0.0141114	1
8	19	0.00727846	0
8	20	0.00459174	0
8	21	0.02156	1
8	22	-0.019974	1
8	23	-0.017687	1
8	24	-0.00256869	1
8	25	0.0104282	0
8	26	-0.0150366	1
8	27	0.0066471	1
8	28	0.00962709	0
8	29	0.00533637	1
8	30	-0.0247559	1
8	31	0.00449406	0
8	32	0.00351321	0
8	33	-0.0200414	1
8	34	-0.0216449	0
8	35	-0.013847	0
8	36	0.0133425	1
8	37	0.00124976	0
8	38	-0.000755335	1
8	39	0.0210875	0
8	40	-0.0264649	1
8	41	0.0210027	1
8	42	0.0136285	1
8	43	-0.0138197	1
8	44	-0.0101439	0
8	45	-0.0204101	1
8	46	-0.00604673	1
8	47	0.0163538	0
8	48	-0.0187964	0
8	49	0.00100458	0
8	50	-0.0147836	0
8	51	-0.0175816	1
8	52	-2.39757e-05	0
8	53	-0.00270737	1
8	54	0.00490478	1
8	55	0.00939102	1
8	56	0.0115059	1
8	57	-0.0145189	0
8	58	-7.00768e-06	1
8	59	0.00460151	1
8	60	0.00561115	0
8	61	0.00103717	1
8	62	0.0240738	0
8	63	0.0135872	0
8	64	0.0113641	1
8	65	-0.00966421	1
8	66	0.0114365	1
8	67	-0.0156041	0
8	68	0.0307305	1
8	69	-0.0362122	0
8	70	-0.00542414	1
8	71	0.00670438	1
8	72	-0.01312	1
8	73	0.022465	1
8	74	0.00852957	0
8	75	-0.0151987	1
8	76	-0.0195569	0
8	77	-0.00697221	1
8	78	0.00213284	1
8	79	0.000385835	0
8	80	0.0137857	1
8	81	-0.000560798	1
8	82	-0.0131468	0
8	83	0.012262	0
8	84	0.00300679	1
8	85	-0.0162674	0
8	86	-0.0200611	1
8	87	-0.00934178	0
8	88	0.0178261	0
8	89	0.00485419	1
8	90	-0.0122386	0
8	91	0.00517907	0
8	92	0.000106178	1
8	93	0.0153237	1
8	94	-0.00228525	0
8	95	0.0187392	1
8	96	-0.000999958	1
8	97	-0.0158214	0
8	98	0.0165858	0
8	99	0.0108225	0
9	0	-0.0100966	1
9	1	-0.0117471	1
9	2	0.0117211	1
9	3	-0.0183386	1
9	4	0.0203686	1
9	5	0.00844501	1
9	6	0.0201513	0
9	7	-0.00527922	0
9	8	-0.0016828	0
9	9	0.000852051	0
9	10	-0.0190379	1
9	11	0.0172464	1
9	12	-0.0250769	0
9	13	-0.0157104	0
9	14	0.0197323	0
9	15	0.0206455	0
9	16	0.0165628	1
9	17	-0.0109299	0
9	18	-0.00490667	1
9	19	-0.00288371	0
9	20	0.0175207	1
9	21	0.00708295	1
9	22	-0.00642663	0
9	23	-0.00847	0
9	24	-0.0159603	0
9	25	0.00105336	1
9	26	0.0211717	0
9	27	0.019053	1
9	28	-0.0104282	1
9	29	0.0233837	1
9	30	0.00211198	0
9	31	0.00922913	0
9	32	-0.0134712	0
9	33	-0.0353615	1
9	34	-0.00731075	1
9	35	-0.0209847	1
9	36	-0.000398259	1
9	37	0.0228088	0
9	38	0.00702075	1
9	39	-0.0117984	1
9	40	0.00691967	1
9	41	-0.00322254	0
9	42	-0.0196838	1
9	43	0.0253357	1
9	44	0.00247802	0
9	45	-0.0245046	1
9	46	-0.00341778	1
9	47	-0.00254801	1
9	48	0.016659	0
9	49	-0.0330783	0
9	50	0.0144129	0
9	51	0.00464376	0
9	52	-0.0338393	0
9	53	-0.0113852	1
9	54	0.0312283	0
9	55	0.0159505	0
9	56	0.00350718	0
9	57	0.0139206	1
9	58	0.00768368	1
9	59	0.00445198	1
9	60	-0.0212809	1
9	61	0.00145391	0
9	62	-0.0158317	0
9	63	0.00910865	1
9	64	0.0109123	1
9	65	0.0181373	1
9	66	0.0220331	1
9	67	0.00708076	0
9	68	-0.00115125	0
9	69	-0.00730042	0
9	70	-0.0034944	0
9	71	0.0184678	1
9	72	-0.00279133	0
9	73	0.0177574	1
9	74	0.00307833	1
9	75	-0.00621404	1
9	76	0.0131104	1
9	77	0.00728864	1
9	78	-0.0275802	1
9	79	-0.00724053	1
9	80	-0.0173807	1
9	81	0.000273278	1
9	82	0.00513811	0
9	83	0.0140216	1
9	84	-0.0179798	1
9	85	-0.0146486	0
9	86	0.0269096	0
9	87	-0.0156065	1
9	88	-0.00294584	0
9	89	0.00301714	0
9	90	-0.000665838	1
9	91	-0.0214269	0
9	92	0.0258007	0
9	93	-0.0314906	0
9	94	-0.00852994	0
9	95	-0.00749298	0
9	96	0.00746188	1
9	97	-0.00334282	1
9	98	0.00987751	1
9	99	-0.0119065	0
10	0	0.0032903	1
10	1	-0.016189	0
10	2	0.00281927	1
10	3	0.00630875	1
10	4	-0.00644863	0
10	5	0.00459232	0
10	6	0.0269426	0
10	7	0.00664022	1
10	8	-0.0131631	0
10	9	0.00877575	1
10	10	-0.0159206	1
10	11	0.0038158	1
10	12	0.00522692	1
10	13	0.00200367	0
10	14	0.0280878	1
10	15	0.01296	0
10	16	-0.00317719	0
10	17	-0.00245761	0
10	18	-0.00552363	0
10	19	0.00725385	0
10	20	-0.00537736	1
10	21	0.0197143	1
10	22	-0.00124576	0
10	23	0.00889718	0
10	24	-0.00469878	0
10	25	0.00709691	0
10	26	0.0173831	0
10	27	0.0143535	1
10	28	-0.00883471	0
10	29	-0.00519359	0
10	30	-0.0152066	0
10	31	-0.000937638	1
10	32	-0.0061021	1
10	33	-0.0170901	1
10	34	-0.00464548	1
10	35	-0.0160491	1
10	36	0.0208927	0
10	37	0.00520815	0
10	38	-0.0144031	0
10	39	0.0156149	1
10	40	0.0179183	0
10	41	-0.00285557	1
10	42	0.00910771	0
10	43	0.00493556	0
10	44	0.0347659	0
10	45	-0.0101171	0
10	46	-0.00903145	0
10	47	-0.00429275	0
10	48	-0.00216301	0
10	49	0.0064252	0
10	50	0.0162556	1
10	51	0.0188936	1
10	52	-0.0228537	1
10	53	-0.0199034	0
10	54	-0.0083067	1
10	55	-0.0060873	1
10	56	-0.0103274	0
10	57	-0.0131084	0
10	58	-0.0405797	1
10	59	0.00197737	0
10	60	-0.00369953	0
10	61	0.0121118	1
10	62	-0.0222423	0
10	63	0.0274104	1
10	64	0.0351729	1
10	65	-0.00105237	1
10	66	-0.00422362	0
10	67	-0.00768187	1
10	68	0.0065663	1
10	69	-0.00167701	0
10	70	-0.0082047	1
10	71	-0.019192	1
10	72	0.000795706	1
10	73	0.0099693	1
10	74	-0.0345593	0
10	75	-0.00848674	0
10	76	-0.0190539	0
10	77	-0.00831469	0
10	78	0.0342247	1
10	79	-0.00264808	1
10	80	0.00558001	1
10	81	0.0146129	1
10	82	-0.0166156	0
10	83	0.00524121	1
10	84	-0.00989543	1
10	85	0.00807506	0
10	86	0.0103554	1
10	87	0.00698539	0
10	88	-0.00131905	0
10	89	-0.0138219	0
10	90	-0.00756111	1
10	91	0.000169272	0
10	92	-0.00033098	1
10	93	0.00331712	0
10	94	-0.00238465	1
10	95	-0.00463172	0
10	96	-0.00843364	1
10	97	-0.00280983	0
10	98	-0.00943163	1
10	99	0.0118172	1
11	0	0.00649491	0
11	1	0.00454521	1
11	2	0.0269942	0
11	3	0.00732514	0
11	4	-0.00481063	1
11	5	-0.0240102	0
11	6	-0.00611599	1
11	7	-0.00244452	0
11	8	0.0161416	1
11	9	-0.0185008	0
11	10	-0.00784617	1
11	11	-0.00670337	0
11	12	-0.0177943	0
11	13	0.0148545	1
11	14	-0.00802742	1
11	15	-0.000182288	1
11	16	-0.000346083	0
11	17	-0.00734703	0
11	18	-0.0100579	1
11	19	-0.00176374	1
11	20	0.00344947	1
11	21	-0.00268902	1
11	22	0.00501521	0
11	23	0.0112676	1
11	24	0.00343563	0
11	25	-0.0179335	1
11	26	0.00922178	1
11	27	0.0136733	0
11	28	-2.30335e-05	1
11	29	-0.0207496	0
11	30	-0.00999931	0
11	31	0.0119375	1
11	32	-0.0105996	1
11	33	-0.0161726	1
11	34	-0.0247808	0
11	35	-0.00603117	0
11	36	0.00218542	0
11	37	0.00414821	0
11	38	0.00372989	1
11	39	-0.00861963	0
11	40	-0.0147204	0
11	41	-0.0239859	0
11	42	0.0105797	0
11	43	-0.00533454	0
11	44	-0.0103394	1
11	45	0.0138804	1
11	46	-0.0274126	1
11	47	0.00277057	1
11	48	-0.00871172	1
11	49	-0.00199401	1
11	50	0.00755909	0
11	51	0.0076269	1
11	52	0.00502217	1
11	53	0.00657297	0
11	54	0.0147269	1
11	55	-0.0011842	1
11	56	0.0152867	0
11	57	-0.0111342	1
11	58	-0.00205311	0
11	59	0.0154968	0
11	60	0.0244618	0
11	61	0.00142473	0
11	62	-0.00357438	1
11	63	0.000635238	1
11	64	0.0164617	0
11	65	-0.0391024	1
11	66	-0.0123909	1
11	67	0.0140601	1
11	68	-0.01463	1
11	69	-0.00127305	0
11	70	0.00236384	0
11	71	0.0104763	0
11	72	0.00512894	0
11	73	0.00315617	0
11	74	0.00737096	0
11	75	0.0127095	1
11	76	0.0207839	1
11	77	0.00181871	1
11	78	-0.00426991	1
11	79	-0.0109303	0
11	80	0.0127729	0
11	81	0.0111975	1
11	82	0.00637845	1
11	83	0.00710333	0
11	84	0.00477575	1
11	85	-0.00676584	0
11	86	-0.0133022	1
11	87	0.016231	0
11	88	-0.00518827	0
11	89	0.00911069	0
11	90	-0.0136069	0
11	91	0.00310966	1
11	92	0.0147616	0
11	93	0.00460051	0
11	94	0.00920903	0
11	95	-0.0174831	1
11	96	0.0039863	1
11	97	0.0172142	0
11	98	0.00371571	0
11	99	-0.00602435	0
12	0	0.00984751	0
12	1	-0.00595098	1
12	2	0.025067	0
12	3	0.0051477	1
12	4	0.0107967	1
12	5	0.00814398	0
12	6	0.0105027	1
12	7	0.0139109	1
12	8	0.00738748	0
12	9	-0.00460889	1
12	10	-0.021017	1
12	11	0.00535563	1
12	12	0.0132214	0
12	13	-0.0201171	1
12	14	0.00109105	0
12	15	0.0153228	1
12	16	0.00467052	0
12	17	-0.000319998	1
12	18	0.00178935	0
12	19	0.00981831	1
12	20	0.00856457	0
12	21	-0.0108527	0
12	22	-0.00636615	1
12	23	-0.00434281	1
12	24	0.000697761	1
12	25	-0.0103803	1
12	26	-0.020261	0
12	27	-0.00978726	0
12	28	0.00665993	1
12	29	0.00267661	1
12	30	-0.0148979	1
12	31	-0.00834414	0
12	32	0.0160428	0
12	33	0.0183007	0
12	34	0.00694863	0
12	35	-0.002024	0
12	36	0.00372367	0
12	37	-0.00151574	0
12	38	-0.00948301	1
12	39	0.00038881	0
12	40	0.0176296	1
12	41	0.0125588	0
12	42	0.00950454	1
12	43	-0.0031734	0
12	44	0.0188214	0
12	45	-0.0162607	1
12	46	0.000685437	0
12	47	-0.0151618	0
12	48	-0.00509094	0
12	49	0.0238987	0
12	50	-0.01279	1
12	51	0.00803465	1
12	52	-0.0268828	0
12	53	0.00544006	1
12	54	0.00349432	0
12	55	-0.0142918	0
12	56	0.0171161	1
12	57	0.000150974	0
12	58	-0.00832197	1
12	59	-0.0141003	0
12	60	-0.0177215	1
12	61	-0.00988169	0
12	62	0.00568737	0
12	63	-0.00828682	0
12	64	-0.0227225	1
12	65	0.0169598	0
12	66	-0.000339194	0
12	67	-0.00999264	0
12	68	0.0256213	1
12	69	0.0146337	1
12	70	0.0034284	0
12	71	-0.0136185	0
12	72	-0.0142002	1
12	73	0.00630484	1
12	74	-0.00228776	0
12	75	-0.0278949	0
12	76	0.0192756	0
12	77	0.0181458	0
12	78	0.00953739	0
12	79	0.00316709	0
12	80	0.0125667	0
12	81	0.020164	1
12	82	-0.0104449	0
12	83	0.00267967	0
12	84	0.0104539	0
12	85	-0.00342223	0
12	86	-0.0137446	1
12	87	-0.0182739	0
12	88	-0.0111784	0
12	89	-0.00558906	1
12	90	-0.00103272	0
12	91	-0.0148793	0
12	92	-0.0215628	0
12	93	0.00107932	0
12	94	-0.0176826	1
12	95	0.00389292	0
12	96	-0.00307646	1
12	97	0.0219756	0
12	98	-0.0130908	0
12	99	0.00828182	0
13	0	-0.0272491	0
13	1	-0.00241876	0
13	2	0.00109102	1
13	3	-0.0122226	1
13	4	-0.0268835	0
13	5	-0.000861705	0
13	6	-0.0129618	0
13	7	0.000104983	1
13	8	-0.0137228	0
13	9	0.00237591	0
13	10	-0.0119881	1
13	11	-0.00585884	1
13	12	0.0124493	0
13	13	0.01702	0
13	14	0.0132797	1
13	15	-0.00133083	0
13	16	0.00911631	1
13	17	-0.0018955	1
13	18	0.00391897	0
13	19	-0.000266844	1
13	20	0.00748407	0
13	21	-0.00804527	1
13	22	0.00247842	0
13	23	-0.0111664	0
13	24	-0.00997522	0
13	25	0.000293283	1
13	26	-0.00013992	1
13	27	0.00808659	1
13	28	-0.00101392	1
13	29	-0.0143507	0
13	30	0.00342514	0
13	31	-0.00567638	1
13	32	0.00975866	1
13	33	-0.0203352	1
13	34	0.0183019	1
13	35	0.00431584	1
13	36	0.0160747	1
13	37	0.0244247	1
13	38	-0.000738894	0
13	39	0.0171686	1
13	40	0.00466634	1
13	41	0.00514396	0
13	42	0.0038935	1
13	43	0.0122557	0
13	44	-0.0128134	0
13	45	0.00233492	1
13	46	0.0144355	1
13	47	0.00243213	1
13	48	0.0207793	1
13	49	0.0166372	1
13	50	0.00597387	1
13	51	-0.0151662	0
13	52	0.00574344	1
13	53	-0.0279348	1
13	54	-0.00336603	1
13	55	0.0134611	1
13	56	0.00974253	0
13	57	0.00884988	1
13	58	0.0203177	1
13	59	-0.00529041	1
13	60	0.0062088	1
13	61	0.00425274	1
13	62	-0.0155989	0
13	63	0.0322037	1
13	64	-0.00998331	0
13	65	0.0262988	0
13	66	0.000296577	1
13	67	-0.00511185	1
13	68	-0.0142825	1
13	69	-0.0275639	0
13	70	-0.00662454	0
13	71	-0.0088323	1
13	72	-0.0233961	1
13	73	0.0164943	0
13	74	-0.00146139	0
13	75	0.00662789	1
13	76	0.00432435	1
13	77	-0.0114502	1
13	78	0.00966269	1
13	79	-0.00850823	0
13	80	-0.0253413	1
13	81	-0.0101219	0
13	82	-0.00701086	0
13	83	0.0124652	1
13	84	-0.00269845	0
13	85	-0.000678191	1
13	86	-0.0151552	1
13	87	-0.00772939	1
13	88	0.0109462	1
13	89	0.00895609	0
13	90	0.0300679	1
13	91	-0.0114415	0
13	92	-0.0276576	1
13	93	-0.0185143	1
13	94	-0.00724125	1
13	95	-0.00405987	1
13	96	0.0242233	1
13	97	0.00957487	1
13	98	0.0139604	0
13	99	-0.0102629	0
14	0	-0.0354723	1
14	1	0.00262537	0
14	2	-0.00687876	1
14	3	-0.00381552	1
14	4	0.00930439	0
14	5	-0.00436849	0
14	6	0.00158158	1
14	7	-0.00113786	1
14	8	0.0119906	0
14	9	-0.00721641	0
14	10	-0.0174584	0
14	11	0.0281501	1
14	12	-0.0175904	0
14	13	-0.00771421	1
14	14	-0.000551037	1
14	15	-0.0112662	0
14	16	0.0338387	0
14	17	-0.000851327	1
14	18	0.000164024	0
14	19	-0.00172483	0
14	20	0.00796684	0
14	21	-0.00453452	0
14	22	-0.00170335	1
14	23	0.00211073	1
14	24	-0.0109697	0
14	25	-0.00899833	1
14	26	-0.00354522	1
14	27	0.0204602	1
14	28	-0.0100285	1
14	29	0.00762824	0
14	30	0.0105142	1
14	31	-0.0201332	0
14	32	0.00669072	1
14	33	-0.0177688	1
14	34	0.00161632	0
14	35	-0.0165919	1
14	36	-0.0198576	0
14	37	0.0108394	0
14	38	0.0102591	0
14	39	0.00358837	1
14	40	0.017318	0
14	41	-0.0129277	1
14	42	0.00424061	1
14	43	0.0048264	1
14	44	-0.00386119	0
14	45	0.00233686	0
14	46	-0.0174919	1
14	47	0.00260115	0
14	48	-0.0201843	1
14	49	0.0150941	0
14	50	-0.00171879	1
14	51	-0.0252676	1
14	52	0.00279526	0
14	53	0.0266803	0
14	54	0.013799	1
14	55	0.00795425	0
14	56	0.00942158	1
14	57	0.0123537	0
14	58	0.00513086	0
14	59	-0.0156524	1
14	60	0.00232923	0
14	61	-0.00508482	1
14	62	-0.0104451	1
14	63	-0.0123723	0
14	64	0.00496465	1
14	65	-0.000636617	0
14	66	-0.0140251	0
14	67	0.00659921	1
14	68	-0.0168336	0
14	69	0.00197829	0
14	70	0.00754613	1
14	71	0.00169855	1
14	72	-0.00841822	0
14	73	0.00138211	0
14	74	0.00315612	0
14	75	0.00397627	1
14	76	0.012343	1
14	77	-0.00317857	1
14	78	0.0136393	1
14	79	-0.0139081	1
14	80	0.00275804	0
14	81	-0.00269082	0
14	82	-0.00191794	1
14	83	0.0133018	1
14	84	0.00327878	1
14	85	-0.00409809	0
14	86	-0.0034369	1
14	87	0.0259769	0
14	88	0.00218443	1
14	89	0.0109309	0
14	90	-0.024461	0
14	91	0.00197792	0
14	92	0.0155268	1
14	93	0.00396916	0
14	94	-0.00267098	0
14	95	-0.0200495	1
14	96	0.00511499	0
14	97	0.00225575	0
14	98	0.0170878	1
14	99	0.0136512	1
15	0	0.0142157	1
15	1	-0.0181793	1
15	2	0.00356035	1
15	3	0.00125529	1
15	4	-0.0100375	0
15	5	-0.00771277	1
15	6	-0.00049331	0
15	7	-0.00439533	0
15	8	-0.0138797	1
15	9	-0.00804084	0
15	10	-0.00405941	1
15	11	-0.00908553	0
15	12	0.000426157	1
15	13	0.0126516	1
15	14	0.0102643	0
15	15	0.00661788	1
15	16	-0.0139004	1
15	17	-0.0184208	0
15	18	-0.00165358	0
15	19	-0.00383676	1
15	20	-0.00637648	1
15	21	0.0265975	1
15	22	0.0160035	0
15	23	-0.0178464	0
15	24	0.0156899	0
15	25	-0.0075783	1
15	26	0.0209867	0
15	27	-0.0111899	0
15	28	0.0217385	0
15	29	0.0139047	0
15	30	0.00422736	0
15	31	-0.0237979	1
15	32	0.0138338	1
15	33	0.0143241	0
15	34	0.00169436	0
15	35	0.0146326	1
15	36	-0.00426833	0
15	37	-0.00971179	1
15	38	0.0123245	1
15	39	-0.00125609	0
15	40	0.00430772	0
15	41	-0.0191051	0
15	42	-0.00127882	0
15	43	0.00243465	0
15	44	0.0249876	1
15	45	-0.0200805	1
15	46	-0.0121546	0
15	47	-0.00274745	0
15	48	-0.00403797	1
15	49	-0.00856026	0
15	50	-0.00131007	1
15	51	0.0259767	1
15	52	0.0102582	1
15	53	0.0190388	0
15	54	0.0251538	0
15	55	0.0137395	0
15	56	0.0237902	0
15	57	-0.0208294	0
15	58	-0.00770334	0
15	59	0.00788433	1
15	60	0.0190159	1
15	61	-0.00824049	0
15	62	0.00159982	0
15	63	-0.00780224	0
15	64	0.035062	0
15	65	0.00239915	0
15	66	-0.00365561	0
15	67	0.0215548	1
15	68	-0.0214271	1
15	69	-0.00756701	0
15	70	0.00830554	1
15	71	0.00917618	1
15	72	-0.00904932	1
15	73	-0.00979661	0
15	74	-0.0211186	0
15	75	-0.00689773	0
15	76	0.0145613	0
15	77	0.0177495	1
15	78	0.00130391	1
15	79	-0.000504355	1
15	80	0.000113646	0
15	81	-0.0205992	0
15	82	-0.00935333	0
15	83	-0.00621065	0
15	84	-0.00879632	0
15	85	-0.0147859	0
15	86	-0.0187642	0
15	87	-0.0196964	1
15	88	0.00976866	1
15	89	-0.00286737	1
15	90	0.00947643	1
15	91	-0.00472256	0
15	92	-0.00115219	0
15	93	-0.00793048	0
15	94	-0.0028835	0
15	95	0.0126802	0
15	96	-0.0105247	0
15	97	-0.017784	0
15	98	-0.0257098	1
15	99	0.0160802	1
16	0	-0.021701	1
16	1	-0.00914999	0
16	2	-0.000918183	1
16	3	-0.00726869	1
16	4	-0.0211368	0
16	5	-0.0183091	0
16	6	0.00595107	0
16	7	0.0252537	1
16	8	-0.017548	1
16	9	0.0121407	1
16	10	-0.00785538	0
16	11	-0.00237767	0
16	12	0.00903337	1
16	13	-0.032028	0
16	14	-0.00961302	1
16	15	0.0191521	0
16	16	-0.0080743	0
16	17	0.00585435	1
16	18	0.0150779	1
16	19	0.0175828	1
16	20	0.00876325	1
16	21	-0.00144887	1
16	22	0.00188452	1
16	23	0.0216875	0
16	24	0.000263817	0
16	25	0.0146773	1
16	26	-0.0106041	1
16	27	-0.0151028	0
16	28	-0.00193422	1
16	29	-0.00758863	0
16	30	-0.0312294	0
16	31	-0.00592809	1
16	32	-0.0148163	0
16	33	0.0174979	1
16	34	-0.00453467	1
16	35	-0.00939292	1
16	36	0.00440066	0
16	37	0.0263727	1
16	38	-0.0204677	1
16	39	-0.0137836	0
16	40	0.000955247	0
16	41	-0.00769801	1
16	42	0.00301647	0
16	43	0.00651495	0
16	44	-0.0095289	1
16	45	0.00765601	0
16	46	0.000118229	0
16	47	-0.0104601	0
16	48	-0.0279436	1
16	49	0.0104469	0
16	50	-0.00301066	0
16	51	-0.011461	1
16	52	-0.0031915	0
16	53	0.0168714	1
16	54	0.00435616	0
16	55	-0.00157146	1
16	56	0.00559861	0
16	57	5.73035e-05	1
16	58	-0.0272582	1
16	59	0.0155773	0
16	60	0.0121996	1
16	61	0.00716809	1
16	62	-0.00174213	1
16	63	-0.00245975	0
16	64	0.0172852	1
16	65	0.00719358	0
16	66	-0.00377384	1
16	67	0.0021223	0
16	68	-0.00279627	0
16	69	0.00194214	0
16	70	0.0215633	0
16	71	-0.00965609	1
16	72	-0.01186	0
16	73	-1.97963e-05	0
16	74	0.0124395	1
16	75	0.00578345	0
16	76	0.00142064	1
16	77	-0.0150383	0
16	78	-0.00833382	0
16	79	0.00432802	1
16	80	-0.0121229	0
16	81	-0.0140776	0
16	82	-0.00192487	0
16	83	0.00833073	0
16	84	-0.0146662	1
16	85	-0.00185867	0
16	86	0.00446743	0
16	87	-0.00205304	1
16	88	0.000455695	0
16	89	0.0074409	1
16	90	-0.00522696	1
16	91	0.0215726	0
16	92	0.0016873	1
16	93	0.0089023	1
16	94	-0.00857597	0
16	95	0.0463795	0
16	96	0.0124683	1
16	97	0.0145525	1
16	98	0.0169144	1
16	99	-0.0022586	0
17	0	-0.00712788	1
17	1	-0.0233105	0
17	2	0.00421972	0
17	3	0.0218755	0
17	4	0.000282456	1
17	5	-0.0041738	1
17	6	0.0274314	0
17	7	0.0350607	1
17	8	0.00330215	1
17	9	0.00503228	1
17	10	0.00924687	1
17	11	-0.0229816	0
17	12	-0.00456857	1
17	13	0.00290249	1
17	14	0.00568053	0
17	15	0.00996971	0
17	16	0.0192365	0
17	17	0.0151773	1
17	18	-0.0028739	0
17	19	-0.0407525	1
17	20	0.0264677	0
17	21	-0.014155	1
17	22	0.00673636	0
17	23	0.012818	1
17	24	-0.00255901	0
17	25	-0.0152618	1
17	26	-0.00497491	1
17	27	0.00689871	1
17	28	0.000116621	1
17	29	-0.0165639	0
17	30	-0.00937977	1
17	31	-0.00705183	0
17	32	-0.000923357	1
17	33	0.0046637	1
17	34	-0.0107228	0
17	35	-0.000579532	1
17	36	0.0144991	0
17	37	0.011551	0
17	38	-0.00355905	1
17	39	-0.00343472	0
17	40	-0.00330373	1
17	41	0.00598018	0
17	42	0.0361026	1
17	43	0.0195884	0
17	44	0.00205272	1
17	45	-0.00156668	0
17	46	0.0220208	0
17	47	0.00627149	1
17	48	0.0178053	0
17	49	0.000100118	1
17	50	-0.0141917	0
17	51	-0.00875306	0
17	52	0.00700277	0
17	53	0.00675473	0
17	54	-0.00535523	1
17	55	-0.00194343	1
17	56	-0.00386505	0
17	57	-0.00529096	0
17	58	-0.0130194	1
17	59	0.00438705	0
17	60	-0.00193831	1
17	61	0.00410075	1
17	62	-0.0103087	1
17	63	-0.00732033	1
17	64	-0.0056359	0
17	65	0.0148684	1
17	66	-0.000917184	0
17	67	0.0061056	1
17	68	0.00938384	0
17	69	0.0199885	0
17	70	-0.00787667	1
17	71	-0.0166291	1
17	72	-0.00476914	0
17	73	-0.0202669	0
17	74	-0.0205703	1
17	75	0.0107854	0
17	76	-0.00882922	0
17	77	0.00149553	0
17	78	0.000756464	1
17	79	0.00456815	1
17	80	-0.0101041	1
17	81	-0.00477921	0
17	82	-0.0217116	1
17	83	-0.0193404	0
17	84	-0.00549846	0
17	85	0.0150295	1
17	86	-0.0242385	0
17	87	0.01077	1
17	88	0.00952946	0
17	89	-0.0150269	1
17	90	-0.0114217	1
17	91	0.00590836	0
17	92	-0.0267152	1
17	93	0.00817573	0
17	94	0.0128258	1
17	95	-0.013806	1
17	96	-0.0192169	1
17	97	-0.00244412	1
17	98	0.0251409	1
17	99	0.000941106	0
18	0	0.00406178	1
18	1	-0.0222721	1
18	2	0.0176797	1
18	3	-0.00346749	0
18	4	0.00316705	0
18	5	0.0125189	0
18	6	-0.01172	1
18	7	0.00339061	1
18	8	-0.00382818	0
18	9	0.0102617	0
18	10	0.00941703	1
18	11	-0.00979139	0
18	12	-0.0146788	1
18	13	0.0163641	0
18	14	0.0185324	1
18	15	0.000406475	0
18	16	0.00350575	1
18	17	0.0127691	1
18	18	-0.00968356	0
18	19	0.0210169	0
18	20	-0.00562279	0
18	21	0.00628149	1
18	22	0.00243754	1
18	23	0.0349284	1
18	24	0.0317748	1
18	25	-0.00533325	0
18	26	-0.00092319	0
18	27	-0.0113335	0
18	28	-0.00144231	0
18	29	-0.00729899	1
18	30	-0.0134896	1
18	31	0.00246618	0
18	32	0.0129411	0
18	33	-0.0216409	0
18	34	0.00631828	0
18	35	0.00722246	0
18	36	-0.0293004	1
18	37	-0.020811	1
18	38	-1.93715e-05	0
18	39	-0.0129507	0
18	40	-0.00625111	1
18	41	-0.015906	1
18	42	-0.0394837	0
18	43	0.0104625	1
18	44	0.010153	1
18	45	-0.0055584	0
18	46	-0.001772	0
18	47	-0.032979	1
18	48	-0.00826744	1
18	49	0.0178251	1
18	50	0.00982988	0
18	51	-0.0224527	1
18	52	0.00466121	0
18	53	-0.00137156	1
18	54	-0.0105639	0
18	55	0.00625892	1
18	56	0.0120624	0
18	57	-0.00658553	0
18	58	0.00557969	0
18	59	-0.00759014	1
18	60	0.0106625	1
18	61	0.000591636	1
18	62	0.00532749	1
18	63	-0.0168288	0
18	64	0.00820451	1
18	65	0.00647497	0
18	66	-0.000895601	0
18	67	0.0141547	1
18	68	0.00522713	0
18	69	-0.0125493	1
18	70	0.00629979	0
18	71	0.00699985	0
18	72	0.00298952	0
18	73	0.0107896	1
18	74	-0.00209483	0
18	75	0.00454374	0
18	76	-0.018383	1
18	77	-0.00889903	0
18	78	-0.014231	1
18	79	0.0118297	1
18	80	-0.0162929	0
18	81	0.0164777	1
18	82	0.00517177	0
18	83	-0.0137729	0
18	84	0.00431331	0
18	85	0.0103953	0
18	86	-0.00512352	1
18	87	0.0180239	0
18	88	-0.0115141	0
18	89	0.00106177	1
18	90	-0.0145011	1
18	91	0.0298062	1
18	92	0.00201251	0
18	93	-0.0298142	0
18	94	0.0175969	0
18	95	0.0259066	0
18	96	-0.00352344	1
18	97	-0.012744	0
18	98	0.0047248	0
18	99	0.0016764	0
19	0	0.00240662	0
19	1	-0.00646873	1
19	2	0.00655065	1
19	3	-0.0154765	1
19	4	0.00301515	0
19	5	-0.0064495	0
19	6	0.0071666	0
19	7	0.00139242	1
19	8	0.00974217	0
19	9	-0.00183974	1
19	10	0.0142755	1
19	11	0.0191917	0
19	12	-0.0133312	0
19	13	0.00759354	1
19	14	-0.0217374	0
19	15	0.0219955	0
19	16	0.00133832	1
19	17	-0.00407999	1
19	18	0.00163445	0
19	19	0.00767945	0
19	20	0.00452324	1
19	21	-0.0157412	0
19	22	-0.0149585	0
19	23	0.0141302	0
19	24	-0.00270495	1
19	25	0.00630964	0
19	26	0.0122914	0
19	27	0.00101683	1
19	28	-0.0164192	1
19	29	-0.006292	1
19	30	-0.00838802	1
19	31	0.0376755	0
19	32	-0.0115521	0
19	33	0.0100946	0
19	34	-0.0152741	0
19	35	-0.0196219	0
19	36	-0.00846033	0
19	37	0.0272303	0
19	38	0.0274334	0
19	39	0.00372401	0
19	40	0.0159994	1
19	41	0.000966954	0
19	42	-0.00184214	0
19	43	0.0066155	0
19	44	0.00496592	0
19	45	-0.00851384	0
19	46	-0.00536905	1
19	47	-0.0132288	1
19	48	-0.00715333	1
19	49	0.0117277	0
19	50	-0.00235168	0
19	51	-0.00264651	1
19	52	0.000915134	1
19	53	-0.0263732	0
19	54	0.000485118	0
19	55	-0.0193243	0
19	56	-0.00189477	0
19	57	0.0022701	1
19	58	-0.00554439	1
19	59	-0.00202139	1
19	60	-0.00495729	0
19	61	0.0158043	0
19	62	0.00919887	0
19	63	0.00352048	0
19	64	-0.0144695	0
19	65	0.00516557	1
19	66	0.0203665	0
19	67	-0.000750707	0
19	68	0.0160286	1
19	69	0.0030802	0
19	70	0.0227181	1
19	71	0.0132286	0
19	72	-0.0158497	0
19	73	-0.0212193	0
19	74	-0.0109448	1
19	75	-0.0016737	1
19	76	0.00300045	1
19	77	0.00941767	0
19	78	-0.0017057	1
19	79	-0.0105929	1
19	80	0.00232889	0
19	81	-0.0267256	1
19	82	0.0124765	1
19	83	-0.0197097	0
19	84	-0.0152825	0
19	85	-0.0148044	1
19	86	-0.0205428	1
19	87	0.0102276	1
19	88	-0.0013908	0
19	89	0.0247439	1
19	90	-0.00121424	1
19	91	-0.0131196	0
19	92	0.0127775	0
19	93	0.0038931	1
19	94	0.0051421	1
19	95	-0.0169098	0
19	96	0.00456875	0
19	97	-0.00703533	0
19	98	0.0212547	0
19	99	-0.00734241	0
20	0	0.0118945	1
20	1	-0.02142	0
20	2	0.011457	1
20	3	0.0127704	0
20	4	-0.00377246	0
20	5	0.00863663	0
20	6	0.00364744	0
20	7	0.0136853	1
20	8	-0.00347789	0
20	9	0.0268689	0
20	10	-0.0222583	1
20	11	-0.00639262	1
20	12	-0.0117976	1
20	13	0.00974696	1
20	14	0.00315075	1
20	15	0.0079555	1
20	16	0.0136802	1
20	17	0.0113659	0
20	18	-0.0010072	0
20	19	0.0517235	1
20	20	0.0204348	1
20	21	0.0213684	0
20	22	-0.000673916	0
20	23	-0.0110402	1
20	24	-0.0149131	0
20	25	0.0128241	0
20	26	0.00901801	0
20	27	-0.00132932	0
20	28	0.00338857	1
20	29	-0.00608382	0
20	30	0.0202612	0
20	31	-0.0265255	0
20	32	0.00223053	0
20	33	0.00991888	0
20	34	0.0218551	0
20	35	0.00518054	1
20	36	0.022406	0
20	37	-0.00187476	1
20	38	0.00031694	0
20	39	-0.0194464	0
20	40	-0.0115711	1
20	41	0.0162067	1
20	42	0.0277647	1
20	43	0.00337035	0
20	44	0.0103793	1
20	45	0.0246788	1
20	46	0.00372306	0
20	47	-1.30141e-05	0
20	48	-0.00723842	0
20	49	0.0212677	0
20	50	-0.0148682	0
20	51	-0.0157654	0
20	52	-0.00460371	0
20	53	-0.0128883	0
20	54	-0.0105853	0
20	55	-0.00339571	1
20	56	-0.0117536	0
20	57	0.00603809	1
20	58	0.032504	0
20	59	-0.0217974	1
20	60	-0.00571733	1
20	61	0.0110522	1
20	62	-0.0218437	0
20	63	0.0161239	1
20	64	-0.00578647	1
20	65	0.00912497	0
20	66	-0.00967677	0
20	67	-0.0117653	1
20	68	-0.00110808	0
20	69	0.00515039	0
20	70	-0.00850394	0
20	71	0.00794311	1
20	72	-0.0171121	0
20	73	-0.0125781	1
20	74	-0.03601	0
20	75	0.00273198	1
20	76	-0.0201683	0
20	77	-0.0342535	0
20	78	-0.0154958	0
20	79	-0.0365109	1
20	80	-0.0206711	1
20	81	-0.0159282	1
20	82	0.019076	0
20	83	0.000867861	0
20	84	6.64515e-05	0
20	85	-0.0153495	1
20	86	0.00529157	1
20	87	-0.00301709	0
20	88	-0.0124374	1
20	89	-0.00280299	0
20	90	0.0277847	0
20	91	-0.00513048	0
20	92	-0.0117122	1
20	93	0.00189503	0
20	94	0.00608753	0
20	95	0.00151333	1
20	96	-0.00114774	1
20	97	0.0132016	0
20	98	-0.00503905	0
20	99	-0.0133701	0
21	0	-0.0152991	0
21	1	-0.00660695	0
21	2	0.0125391	1
21	3	-0.00812603	1
21	4	0.0169999	0
21	5	-0.00224091	0
21	6	0.00923491	0
21	7	0.00492024	0
21	8	-0.00998839	0
21	9	-0.00451814	1
21	10	0.0100589	1
21	11	0.0126659	0
21	12	-0.023486	1
21	13	-0.00544089	1
21	14	0.0152893	1
21	15	-0.0190066	0
21	16	0.00799059	1
21	17	0.0106341	1
21	18	-0.00539305	1
21	19	-0.0022877	0
21	20	-0.0183101	1
21	21	-0.00744019	1
21	22	-0.00240671	1
21	23	-0.0094141	1
21	24	0.0271016	1
21	25	-0.0231512	0
21	26	-0.000398462	0
21	27	0.0193029	1
21	28	0.00221823	0
21	29	-0.00210394	1
21	30	-0.0321988	0
21	31	-0.0175858	0
21	32	0.00169725	0
21	33	0.00144142	0
21	34	-0.0226353	0
21	35	0.00733996	0
21	36	0.00776936	0
21	37	-0.0407122	1
21	38	-0.0148417	1
21	39	-0.0048091	1
21	40	0.0103892	0
21	41	-0.0107886	1
21	42	0.0211209	1
21	43	0.00494724	1
21	44	-0.0341237	0
21	45	0.000437203	0
21	46	0.00257093	0
21	47	-0.0204281	1
21	48	0.00126014	1
21	49	0.00476713	0
21	50	0.00481682	0
21	51	-0.00536902	0
21	52	-0.000457952	1
21	53	0.0182708	1
21	54	0.0264684	0
21	55	0.0131063	1
21	56	0.00889926	1
21	57	-0.00573799	1
21	58	0.0108256	1
21	59	-0.011896	0
21	60	-0.033575	0
21	61	-0.0142136	1
21	62	-0.00634477	0
21	63	0.00707319	0
21	64	0.000385452	1
21	65	-0.021166	0
21	66	0.00474415	0
21	67	-0.00607454	1
21	68	0.000210329	1
21	69	-0.000850374	1
21	70	0.0114843	0
21	71	0.0214688	1
21	72	0.0118198	1
21	73	-0.00242501	0
21	74	0.0225007	0
21	75	0.00206776	0
21	76	0.0160203	0
21	77	-0.00227026	0
21	78	0.013302	1
21	79	0.00359469	1
21	80	0.00294203	1
21	81	-0.000641962	1
21	82	-0.00186106	1
21	83	0.00683735	0
21	84	0.00621529	0
21	85	0.0103038	0
21	86	-5.98866e-05	1
21	87	-0.0035291	0
21	88	-0.00168008	0
21	89	0.00553094	1
21	90	0.0191357	0
21	91	0.0186924	1
21	92	0.0197738	0
21	93	-0.0091582	1
21	94	0.0128926	0
21	95	0.00215484	0
21	96	-0.0193593	1
21	97	0.00890113	1
21	98	0.0111786	0
21	99	-0.0239018	1
22	0	0.0164149	1
22	1	-0.00109037	0
22	2	0.00121578	0
22	3	0.00306211	1
22	4	0.0064364	0
22	5	-0.00815969	1
22	6	-0.00331221	1
22	7	0.00425001	1
22	8	0.000233475	0
22	9	-0.0173341	0
22	10	0.00535583	0
22	11	0.00538478	1
22	12	0.0083231	0
22	13	0.0115824	0
22	14	0.0129135	0
22	15	0.0159471	0
22	16	0.0302662	1
22	17	-0.00891801	0
22	18	-0.0115051	0
22	19	-0.0325915	0
22	20	-0.0239438	0
22	21	-0.0255233	1
22	22	-0.00671394	0
22	23	0.0205288	1
22	24	0.0238186	1
22	25	-0.0401555	0
22	26	-0.0163086	1
22	27	0.0034896	1
22	28	0.0173506	1
22	29	0.00629081	0
22	30	-0.0262891	0
22	31	-0.0204384	1
22	32	0.00840274	1
22	33	-0.0105059	1
22	34	-0.0259076	0
22	35	0.00330803	1
22	36	0.000655471	0
22	37	-0.00734746	0
22	38	-0.00412226	1
22	39	-0.00630532	0
22	40	-0.00378042	0
22	41	0.000916442	1
22	42	0.00171922	0
22	43	-0.015235	1
22	44	0.0067981	0
22	45	0.00966508	1
22	46	-0.0130915	1
22	47	0.00590449	0
22	48	-0.01492	1
22	49	0.000325318	1
22	50	0.00737856	1
22	51	0.0350757	0
22	52	-0.0105178	1
22	53	0.0185909	1
22	54	0.011303	1
22	55	0.00565981	1
22	56	-0.00418487	1
22	57	0.00649423	0
22	58	0.0189084	0
22	59	0.00711507	0
22	60	-0.00999917	0
22	61	-0.00318641	1
22	62	-0.00628471	1
22	63	0.00687813	0
22	64	0.0141058	0
22	65	-0.00860594	1
22	66	-0.00126971	1
22	67	0.0024493	1
22	68	-0.000399676	1
22	69	-0.00253157	0
22	70	0.00104535	1
22	71	-0.00592532	0
22	72	0.00603346	0
22	73	-0.000573553	0
22	74	-0.0165656	1
22	75	-0.00400396	0
22	76	-0.00370784	0
22	77	0.00921197	0
22	78	-0.0185738	1
22	79	-0.000974248	1
22	80	0.00381437	0
22	81	-0.0105332	0
22	82	-0.0221577	0
22	83	0.000721408	0
22	84	-0.00827348	1
22	85	-0.00424109	1
22	86	0.00692131	0
22	87	0.00148409	1
22	88	-0.00268183	1
22	89	0.00694589	0
22	90	-0.00377142	0
22	91	0.0161739	0
22	92	-0.01328	1
22	93	0.045173	1
22	94	0.0164313	0
22	95	-0.0160121	0
22	96	0.0169698	0
22	97	-0.00432105	1
22	98	0.0124582	0
22	99	0.0181732	0
23	0	-0.0211938	1
23	1	-0.0198819	0
23	2	-0.00981593	0
23	3	-0.0103844	1
23	4	0.0156091	1
23	5	0.0193579	0
23	6	-0.0216327	1
23	7	0.0150718	0
23	8	0.0228159	0
23	9	0.000157805	0
23	10	-0.0187165	0
23	11	-0.00663473	0
23	12	0.00644547	1
23	13	-0.0206575	1
23	14	-0.0209278	0
23	15	-0.024185	0
23	16	0.012273	1
23	17	0.00602855	0
23	18	-0.00455073	0
23	19	0.000276922	0
23	20	0.0161508	1
23	21	0.0096247	1
23	22	0.0248593	0
23	23	0.00078125	1
23	24	0.00188477	0
23	25	0.018534	0
23	26	-0.0321637	1
23	27	0.00424916	1
23	28	-0.00918231	0
23	29	0.0014441	0
23	30	0.00538764	1
23	31	0.0048404	1
23	32	0.00954474	0
23	33	0.0281014	0
23	34	0.0089581	0
23	35	0.00766085	0
23	36	-0.0263695	1
23	37	-0.0170507	0
23	38	-0.00595901	1
23	39	0.0267297	1
23	40	0.00540561	0
23	41	0.00402318	0
23	42	0.0190907	0
23	43	-0.00260813	1
23	44	-0.00738516	1
23	45	-0.0215502	1
23	46	0.00847299	1
23	47	0.00289879	0
23	48	-0.0180734	0
23	49	-0.00384155	0
23	50	-0.00315728	1
23	51	-0.0243125	1
23	52	-0.00156606	1
23	53	-0.0135269	0
23	54	0.0147612	0
23	55	-0.0125969	0
23	56	0.0310032	0
23	57	-0.0345587	1
23	58	0.00691508	1
23	59	0.0181299	0
23	60	0.0103843	0
23	61	0.000913495	0
23	62	-0.00749004	1
23	63	-0.00675802	1
23	64	-0.000795434	1
23	65	-0.0200635	0
23	66	0.00368161	1
23	67	-0.0038447	1
23	68	-0.00553948	1
23	69	-0.00477091	0
23	70	0.0126317	0
23	71	0.00972527	1
23	72	0.0198661	1
23	73	-0.0307405	1
23	74	0.00734556	1
23	75	0.0253085	0
23	76	2.12149e-05	1
23	77	0.0217887	1
23	78	0.000892643	1
23	79	0.0322366	0
23	80	0.00919777	0
23	81	-0.00732297	1
23	82	-0.0029456	0
23	83	0.00480679	1
23	84	-0.0276696	1
23	85	0.00667857	0
23	86	0.0149059	1
23	87	-0.00453223	0
23	88	0.0113818	1
23	89	-0.0112576	0
23	90	0.00550333	0
23	91	-0.00222723	1
23	92	-0.000789698	0
23	93	-0.0233809	1
23	94	-0.0253096	0
23	95	0.0180356	0
23	96	0.0192493	1
23	97	0.0062155	0
23	98	-0.0135912	1
23	99	-0.00674592	1
24	0	-0.00466602	1
24	1	-0.0130457	1
24	2	-0.0213742	0
24	3	0.00738088	0
24	4	0.0160094	0
24	5	0.00301124	1
24	6	-0.00396071	0
24	7	-0.0063759	0
24	8	-0.00231477	0
24	9	0.0323266	1
24	10	0.00747747	1
24	11	-0.0107224	1
24	12	0.00632458	1
24	13	-0.0209069	0
24	14	0.00960589	1
24	15	-0.00398326	1
24	16	0.00171318	1
24	17	-0.0149666	1
24	18	-0.00421208	0
24	19	0.00641743	0
24	20	0.00458793	1
24	21	-0.0300938	1
24	22	-0.00344892	0
24	23	0.0256114	0
24	24	0.00131928	1
24	25	-0.0307898	0
24	26	0.00255154	1
24	27	0.00541796	1
24	28	-0.0277396	1
24	29	-0.00951065	0
24	30	-0.00204755	0
24	31	-0.0133775	1
24	32	0.0171398	1
24	33	-0.0146313	1
24	34	0.0104036	1
24	35	0.0110975	1
24	36	0.0228967	1
24	37	-0.00756835	0
24	38	-0.0024826	1
24	39	0.00478073	1
24	40	0.0269815	0
24	41	-0.00447268	1
24	42	-0.00484767	1
24	43	-0.00443272	1
24	44	0.00264889	1
24	45	-0.00330437	0
24	46	-0.000229977	1
24	47	0.00255224	1
24	48	-0.0126117	0
24	49	0.0234872	1
24	50	0.00478482	0
24	51	0.0158492	1
24	52	-0.0381809	0
24	53	0.0138383	0
24	54	-0.0130337	0
24	55	0.00982878	1
24	56	-0.0194327	1
24	57	-0.01247	0
24	58	-0.00964157	1
24	59	-0.00602299	0
24	60	0.00693318	0
24	61	-0.00538777	1
24	62	-0.0174076	1
24	63	-0.00953148	1
24	64	0.0082983	0
24	65	0.0125482	1
24	66	0.0200184	0
24	67	-0.00234026	0
24	68	0.00342881	1
24	69	0.0223463	0
24	70	0.018677	0
24	71	0.0139776	1
24	72	0.00658458	0
24	73	0.00217326	0
24	74	0.0107756	1
24	75	-0.00257571	0
24	76	0.0206112	1
24	77	0.00611915	1
24	78	0.023604	0
24	79	0.00125785	0
24	80	-0.00571423	0
24	81	0.0136218	1
24	82	-0.0020443	1
24	83	-0.0149052	1
24	84	-0.00992319	1
24	85	0.00680126	1
24	86	0.0082191	1
24	87	0.00140137	1
24	88	-0.0192978	0
24	89	-0.00363667	1
24	90	0.0165082	0
24	91	0.00739476	0
24	92	-0.0209438	1
24	93	0.00692261	0
24	94	0.0071997	1
24	95	-0.0261999	1
24	96	-0.0150046	0
24	97	-0.0177377	0
24	98	0.00656493	0
24	99	0.00151867	0
25	0	-0.0345825	1
25	1	0.00406449	1
25	2	0.00140373	0
25	3	0.0159751	0
25	4	-0.010966	1
25	5	0.00204148	0
25	6	-0.0145863	0
25	7	-0.00428104	0
25	8	-0.0113108	1
25	9	0.0113683	1
25	10	0.00574321	1
25	11	0.000178489	1
25	12	-0.012608	1
25	13	-0.0210399	1
25	14	-0.00330933	1
25	15	-0.0154564	1
25	16	0.037415	0
25	17	-0.00411782	1
25	18	0.000402439	1
25	19	0.031283	0
25	20	0.00314645	0
25	21	0.0053078	1
25	22	0.0115883	1
25	23	-0.00373328	1
25	24	-0.00556069	1
25	25	0.00463137	1
25	26	0.0123599	0
25	27	0.00577433	1
25	28	-0.0199876	0
25	29	0.00332218	1
25	30	0.0119202	0
25	31	-0.00301145	0
25	32	-0.0213518	1
25	33	0.00468529	0
25	34	-0.000381975	0
25	35	-0.0279567	1
25	36	0.0089188	0
25	37	0.00465706	0
25	38	-0.0153332	1
25	39	-0.00351864	0
25	40	0.00125299	1
25	41	-0.00053878	1
25	42	-0.0117022	1
25	43	0.000995505	0
25	44	0.00979975	1
25	45	-0.00392168	1
25	46	0.0030476	1
25	47	0.0186716	0
25	48	0.00226819	0
25	49	0.0132705	0
25	50	0.00459423	0
25	51	-0.0049882	1
25	52	-0.00830483	0
25	53	-0.0100039	0
25	54	0.0315149	0
25	55	-0.00989591	1
25	56	-0.0217221	1
25	57	0.00729218	0
25	58	-0.0145124	0
25	59	-0.000388541	1
25	60	0.0142711	0
25	61	0.00518425	1
25	62	0.0195803	1
25	63	-0.00437935	1
25	64	-0.000206234	0
25	65	-0.00395534	0
25	66	-0.00306804	0
25	67	-0.0117102	1
25	68	-0.00575861	1
25	69	0.00479005	0
25	70	-0.00232089	1
25	71	-0.00229057	0
25	72	0.00623364	1
25	73	-0.00666988	0
25	74	0.0142735	1
25	75	0.00156284	0
25	76	0.00215871	1
25	77	0.0018444	1
25	78	-0.0130757	1
25	79	0.00480573	1
25	80	-0.0201036	1
25	81	0.00942181	0
25	82	0.000847148	1
25	83	-0.0187632	1
25	84	0.0230275	1
25	85	-0.0130639	0
25	86	0.00370384	0
25	87	0.02282	1
25	88	-0.0157696	1
25	89	0.00188697	0
25	90	0.0181978	0
25	91	-0.000903345	1
25	92	-0.00427899	0
25	93	-0.00525301	1
25	94	-0.00727717	1
25	95	-0.0123756	0
25	96	0.0142831	0
25	97	0.0206672	0
25	98	-0.0102863	0
25	99	0.0121272	0
26	0	-0.00435882	1
26	1	-0.0133029	0
26	2	-0.00644109	0
26	3	-0.0180347	0
26	4	0.0188952	0
26	5	0.0204364	0
26	6	-0.0129246	0
26	7	-0.0136058	0
26	8	0.0204328	0
26	9	-0.0188639	0
26	10	0.0149938	0
26	11	0.0158673	0
26	12	0.00280722	0
26	13	-0.0164318	1
26	14	-0.0218963	0
26	15	-0.00420913	1
26	16	-0.00985984	0
26	17	0.00907629	0
26	18	0.0201002	0
26	19	0.00227772	0
26	20	0.0143646	0
26	21	-0.0154244	0
26	22	0.0141308	1
26	23	0.00720703	0
26	24	0.00830134	1
26	25	0.011339	1
26	26	-0.0238259	0
26	27	0.0221572	1
26	28	-0.0142692	0
26	29	-0.0293197	0
26	30	0.019567	1
26	31	0.0212485	0
26	32	0.0137227	0
26	33	0.0339102	0
26	34	-0.00811345	0
26	35	-0.00175031	1
26	36	0.0197312	0
26	37	0.00353893	0
26	38	0.00561601	1
26	39	-0.00219167	0
26	40	0.000173309	0
26	41	0.0102236	1
26	42	-0.00546359	1
26	43	-0.0115351	1
26	44	0.021094	1
26	45	-0.0194165	1
26	46	-0.00713045	0
26	47	-0.0228526	1
26	48	0.0206242	0
26	49	0.018322	1
26	50	0.0156303	0
26	51	0.00428879	1
26	52	-0.00469976	1
26	53	-0.0231585	0
26	54	0.00581331	1
26	55	-0.00125223	1
26	56	-0.0178863	0
26	57	0.00905221	1
26	58	0.00890971	0
26	59	0.0200939	1
26	60	0.00629348	1
26	61	-0.002474	0
26	62	-0.0244154	1
26	63	-0.0132805	1
26	64	0.0107802	1
26	65	-0.00866708	1
26	66	-0.00381398	0
26	67	-0.0174529	1
26	68	0.0225119	0
26	69	0.0155301	1
26	70	0.000915106	1
26	71	-0.00317895	1
26	72	-0.0234822	1
26	73	-0.00320916	1
26	74	-0.0259636	0
26	75	-0.00817839	1
26	76	-0.00457587	1
26	77	-0.010813	1
26	78	-0.0140544	0
26	79	0.0151312	0
26	80	-0.024607	0
26	81	-0.0153336	0
26	82	-0.0170792	1
26	83	-0.00423423	1
26	84	-0.00225946	0
26	85	-0.00240461	0
26	86	-0.000269375	0
26	87	0.0206989	0
26	88	0.000697637	0
26	89	0.0413326	1
26	90	0.00277489	0
26	91	0.00217539	1
26	92	0.0445545	0
26	93	-0.00842475	0
26	94	-0.00177629	1
26	95	-0.024974	0
26	96	-0.00893418	0
26	97	-0.016592	0
26	98	0.0125465	1
26	99	-0.0112221	1
27	0	-0.00850721	0
27	1	-0.00438847	1
27	2	0.004188	1
27	3	0.00953097	0
27	4	0.0274598	0
27	5	0.00274776	0
27	6	-0.0202806	0
27	7	0.014815	1
27	8	0.0113013	0
27	9	-0.00252877	1
27	10	0.0147135	0
27	11	0.015646	0
27	12	0.00177035	1
27	13	0.00476088	0
27	14	0.00962172	0
27	15	-0.0011581	0
27	16	0.0106653	0
27	17	0.0187335	0
27	18	-0.00454311	1
27	19	-0.000325556	1
27	20	0.0124238	1
27	21	-0.00505585	1
27	22	-0.00485189	1
27	23	0.0219931	0
27	24	-0.00872889	0
27	25	6.06434e-05	0
27	26	-0.0129575	1
27	27	-0.0052457	1
27	28	0.0157361	1
27	29	-0.00413996	0
27	30	0.0116602	0
27	31	0.0133077	1
27	32	0.00202923	1
27	33	0.0112045	0
27	34	0.0138704	0
27	35	0.0171579	1
27	36	0.00210879	1
27	37	0.00936515	1
27	38	-0.0146392	1
27	39	-0.0350363	1
27	40	0.0146266	0
27	41	-0.0132351	1
27	42	0.00240117	1
27	43	-0.00141232	0
27	44	-0.00967003	0
27	45	-0.0124083	0
27	46	-0.0117136	1
27	47	0.0138906	1
27	48	-0.00552278	0
27	49	0.025527	1
27	50	0.0116111	1
27	51	-0.00243173	1
27	52	0.0328806	1
27	53	0.0201652	0
27	54	0.00354946	0
27	55	-0.0339315	0
27	56	0.00418601	1
27	57	-0.00745332	1
27	58	0.00376205	1
27	59	0.0036606	1
27	60	0.00791403	1
27	61	-0.00185037	1
27	62	-0.0249568	0
27	63	-0.00614264	1
27	64	0.028548	1
27	65	-0.0136062	0
27	66	0.0166954	0
27	67	-0.0158207	0
27	68	-0.00191161	0
27	69	-0.00364312	1
27	70	0.00760129	0
27	71	-0.00210378	1
27	72	-0.0293017	0
27	73	0.00968696	0
27	74	-0.00392292	0
27	75	-0.00703373	1
27	76	-0.00789596	0
27	77	0.031133	1
27	78	-0.031768	0
27	79	0.0105552	1
27	80	-0.00443229	1
27	81	-0.000879717	1
27	82	0.00577349	0
27	83	-0.00707525	0
27	84	-0.00583432	1
27	85	0.000636178	0
27	86	-0.0212204	0
27	87	0.0144344	1
27	88	-0.00525715	1
27	89	-0.023112	0
27	90	-0.0153215	1
27	91	0.00944436	0
27	92	-0.00208018	1
27	93	-0.0107305	1
27	94	-0.0212292	1
27	95	-0.0210064	0
27	96	-0.0299327	0
27	97	0.00300827	1
27	98	-0.000226779	0
27	99	-0.0101009	0
28	0	-0.011102	1
28	1	-0.0195746	0
28	2	0.00167664	0
28	3	-1.52303e-05	0
28	4	0.00526208	1
28	5	-0.00727867	1
28	6	0.00422512	0
28	7	-0.0193584	1
28	8	0.00572039	1
28	9	0.00680583	1
28	10	0.00608418	0
28	11	-0.0239592	0
28	12	0.0218496	1
28	13	0.00287627	1
28	14	0.00164736	1
28	15	-0.016743	1
28	16	-0.0253913	0
28	17	-0.000477821	1
28	18	0.0024994	0
28	19	0.00826327	1
28	20	-0.0246123	1
28	21	-0.0109171	0
28	22	-0.0102237	1
28	23	-0.00125097	1
28	24	0.009395	1
28	25	-0.00695089	1
28	26	-0.012469	1
28	27	0.00963559	1
28	28	0.00495263	0
28	29	-0.00253536	1
28	30	-0.00292537	0
28	31	-0.000349821	1
28	32	-0.00385369	0
28	33	0.0388749	0
28	34	-0.0155651	1
28	35	0.0165822	1
28	36	-0.00875955	1
28	37	0.00919641	1
28	38	0.00144978	0
28	39	-0.00468903	0
28	40	-0.0125561	0
28	41	0.00625063	0
28	42	0.0015756	0
28	43	-0.00406037	0
28	44	-0.0136336	1
28	45	-0.00417638	1
28	46	0.0121581	1
28	47	-0.00993068	0
28	48	-0.00589983	0
28	49	-0.00293209	0
28	50	0.0107445	0
28	51	0.0170852	1
28	52	-0.0106326	1
28	53	0.0225234	1
28	54	-0.0120799	0
28	55	-0.00257606	1
28	56	0.0207524	1
28	57	0.0217192	0
28	58	0.0134133	0
28	59	0.00339657	0
28	60	0.0178213	1
28	61	0.0400637	1
28	62	0.00341791	1
28	63	-0.00116116	1
28	64	0.0116279	1
28	65	0.00786468	1
28	66	-0.00511405	0
28	67	-0.0229908	1
28	68	-0.0209937	1
28	69	-0.00310735	1
28	70	0.00850985	1
28	71	0.0221802	0
28	72	-0.0105209	0
28	73	-0.0163177	0
28	74	-0.00476628	0
28	75	2.55584e-05	0
28	76	-0.0242011	0
28	77	-0.0069962	1
28	78	0.0128106	1
28	79	-0.00825872	1
28	80	0.00852171	0
28	81	0.0107666	0
28	82	-0.00330069	0
28	83	-0.00749636	1
28	84	0.00342736	0
28	85	-0.00907056	1
28	86	-0.00404008	0
28	87	-0.000592846	1
28	88	-0.0134937	0
28	89	0.0230372	0
28	90	0.0117052	0
28	91	0.0128991	1
28	92	0.00718569	0
28	93	0.00839961	1
28	94	0.0136798	0
28	95	0.000473023	0
28	96	-0.0121141	0
28	97	-0.00640975	0
28	98	-0.0137275	0
28	99	-0.0088792	1
29	0	-0.00158564	0
29	1	-0.0197367	1
29	2	0.0010268	0
29	3	0.0113092	0
29	4	-0.0215135	1
29	5	-0.0174374	1
29	6	-0.00632819	1
29	7	-0.0103364	1
29	8	-0.00292569	1
29	9	-0.0154524	1
29	10	-0.00558402	0
29	11	0.00652217	0
29	12	-0.0147792	0
29	13	-0.00640947	0
29	14	0.00282223	1
29	15	-0.00549481	0
29	16	0.00214	0
29	17	-0.0148253	1
29	18	-0.0202679	0
29	19	-0.000798676	1
29	20	0.00701799	0
29	21	-0.0115409	0
29	22	0.0243937	1
29	23	-0.0171824	0
29	24	0.00444072	0
29	25	-0.00222394	1
29	26	0.0245296	1
29	27	-0.0171605	0
29	28	0.0141131	0
29	29	0.00878072	1
29	30	0.0328281	1
29	31	-0.0164081	0
29	32	-0.0157137	0
29	33	-0.000182038	1
29	34	0.00397592	0
29	35	-0.023563	1
29	36	0.00815873	1
29	37	0.00113039	1
29	38	-0.0167957	1
29	39	0.0133326	0
29	40	0.00390623	0
29	41	-0.0175657	0
29	42	0.0190509	0
29	43	0.0101639	0
29	44	-0.00766653	0
29	45	-0.00244124	1
29	46	0.00146972	1
29	47	0.00568937	1
29	48	0.0159475	1
29	49	0.00906971	1
29	50	0.0190437	0
29	51	0.00687672	0
29	52	0.00840399	1
29	53	-0.00229582	0
29	54	0.0168894	1
29	55	-0.0243499	0
29	56	-0.0147457	1
29	57	0.0265706	1
29	58	0.00475484	0
29	59	-0.0229224	1
29	60	-0.00777536	1
29	61	0.00104013	1
29	62	-0.0158809	0
29	63	-0.00746983	1
29	64	-0.0124919	1
29	65	0.0223142	1
29	66	0.00985249	1
29	67	0.00725226	0
29	68	0.0112761	0
29	69	-0.0165207	1
29	70	0.00643132	1
29	71	0.0211257	1
29	72	0.0183958	0
29	73	-0.0150524	0
29	74	0.0010241	0
29	75	0.0024272	0
29	76	0.00578914	0
29	77	-0.0156296	1
29	78	0.00319456	1
29	79	0.0243062	0
29	80	0.00392756	1
29	81	0.00181201	1
29	82	0.000597191	1
29	83	0.0118993	1
29	84	-0.00770353	1
29	85	-0.00184049	1
29	86	0.0189901	0
29	87	-0.00214692	0
29	88	-0.00440465	1
29	89	-0.0319306	1
29	90	0.00411022	0
29	91	-0.0159405	0
29	92	-0.0168746	0
29	93	0.0274816	0
29	94	-0.00208777	1
29	95	0.0130162	1
29	96	-0.0233279	1
29	97	0.0126872	1
29	98	0.0149492	1
29	99	0.0150521	1
30	0	0.00305541	0
30	1	0.0201509	1
30	2	0.0043639	0
30	3	-0.016637	1
30	4	0.0116139	1
30	5	-0.00626483	0
30	6	-0.0399753	0
30	7	-0.0253566	0
30	8	-0.0105537	0
30	9	0.0138119	1
30	10	0.00341784	1
30	11	0.0116791	1
30	12	-0.00483834	0
30	13	0.00573106	0
30	14	0.0349509	1
30	15	-0.010336	1
30	16	0.0169405	0
30	17	0.00869436	0
30	18	-0.00330617	1
30	19	0.0313201	0
30	20	-0.0069095	0
30	21	-0.00151927	0
30	22	0.00733635	1
30	23	-0.015246	1
30	24	-0.00208327	0
30	25	-0.0261169	1
30	26	-0.0112099	0
30	27	-0.0128052	0
30	28	0.0122204	1
30	29	-0.0173862	1
30	30	0.00729469	1
30	31	-0.0131894	1
30	32	0.00141532	1
30	33	0.0163344	1
30	34	-0.00405379	0
30	35	-0.0208213	1
30	36	-0.00402528	1
30	37	-0.00512	1
30	38	-0.00353252	1
30	39	-0.00699093	0
30	40	0.0170494	0
30	41	-0.00785766	0
30	42	0.00331998	1
30	43	-0.00717817	1
30	44	0.0168985	0
30	45	-0.00509687	1
30	46	-0.0080262	0
30	47	0.0121798	1
30	48	-0.0040206	1
30	49	-0.0287362	1
30	50	0.00205185	1
30	51	-0.00159718	0
30	52	0.0421861	1
30	53	-0.0151586	1
30	54	0.0161407	1
30	55	-0.0216025	1
30	56	0.00228428	1
30	57	0.00487576	1
30	58	-0.0241397	1
30	59	0.00215683	1
30	60	-0.00408675	0
30	61	0.011689	0
30	62	-0.00922027	1
30	63	0.0152613	1
30	64	-0.00628657	1
30	65	0.00878719	1
30	66	0.00774283	1
30	67	-0.025888	0
30	68	-0.0451155	0
30	69	0.00665737	1
30	70	-0.00430031	0
30	71	0.00410596	0
30	72	0.016905	0
30	73	0.00183114	1
30	74	0.000444926	1
30	75	-0.000495147	1
30	76	-0.0111887	0
30	77	-0.000484478	1
30	78	0.0346432	1
30	79	0.0102256	0
30	80	-0.00440521	0
30	81	-0.00117477	1
30	82	-0.0276875	1
30	83	0.00793847	0
30	84	-0.00288194	0
30	85	0.0139183	1
30	86	0.00812904	1
30	87	-0.000169619	0
30	88	0.0247958	1
30	89	0.00145517	1
30	90	0.00642465	1
30	91	0.00110328	1
30	92	-0.0139996	1
30	93	0.01652	1
30	94	0.00977081	1
30	95	-0.00508906	1
30	96	-0.00327286	1
30	97	-0.00264929	1
30	98	0.0152492	0
30	99	0.00701431	0
31	0	-0.0157465	0
31	1	-0.00298599	0
31	2	-0.000974113	0
31	3	0.0289354	1
31	4	0.0211222	1
31	5	0.0174126	1
31	6	0.0216299	0
31	7	-0.0127286	0
31	8	-0.00388284	1
31	9	0.0112856	0
31	10	0.00310952	0
31	11	0.00383714	0
31	12	0.00521591	0
31	13	0.0222875	1
31	14	-0.0149711	1
31	15	0.00710892	1
31	16	0.00892667	1
31	17	0.0164506	0
31	18	0.000351603	1
31	19	0.0136565	0
31	20	-0.00808646	1
31	21	0.012648	0
31	22	0.00110433	1
31	23	-0.00344451	0
31	24	0.0129959	0
31	25	-0.0161224	0
31	26	-0.0217662	0
31	27	0.0019319	1
31	28	9.27356e-06	0
31	29	0.0249663	0
31	30	0.00142384	0
31	31	0.00604404	1
31	32	0.027056	1
31	33	0.00956306	0
31	34	-0.026591	0
31	35	0.00654036	0
31	36	-0.0130402	0
31	37	-0.0307019	0
31	38	-0.0205609	0
31	39	-0.0132832	1
31	40	-0.00316082	1
31	41	-0.0133618	0
31	42	-0.0314543	0
31	43	0.01319	0
31	44	-0.0118565	1
31	45	0.00674365	1
31	46	0.00418122	1
31	47	-0.0100531	1
31	48	-0.0224725	0
31	49	-0.000983635	1
31	50	0.00972645	0
31	51	-0.0110663	0
31	52	0.00957648	0
31	53	0.0043108	0
31	54	0.00271607	0
31	55	-0.0215219	0
31	56	-0.00507514	1
31	57	0.00477251	1
31	58	0.0151909	0
31	59	0.00249052	0
31	60	0.0281251	0
31	61	-0.0122607	0
31	62	0.00330382	0
31	63	-0.021696	1
31	64	0.00138119	0
31	65	0.00751574	1
31	66	0.00561011	0
31	67	-0.0145295	1
31	68	-0.0162734	0
31	69	-0.00777322	0
31	70	-0.0122163	0
31	71	0.00614011	0
31	72	-0.00163203	0
31	73	-0.016784	0
31	74	0.00157518	0
31	75	-0.0208924	0
31	76	0.0130388	0
31	77	0.0234109	1
31	78	0.00945065	0
31	79	0.00482047	0
31	80	0.0196305	1
31	81	-0.00909664	1
31	82	-0.0026193	1
31	83	0.000674831	0
31	84	0.00289571	1
31	85	0.00621909	1
31	86	0.000427824	1
31	87	0.0147252	0
31	88	-0.00862462	1
31	89	0.00604206	0
31	90	-0.000594601	0
31	91	0.00697211	1
31	92	-0.0240183	0
31	93	-0.00417015	0
31	94	-0.00427554	0
31	95	0.00858818	1
31	96	-0.00279539	0
31	97	0.000626157	1
31	98	0.00547097	1
31	99	-0.0190126	1
32	0	-0.0146072	1
32	1	-0.000922747	1
32	2	0.00984376	0
32	3	0.0111255	1
32	4	-0.00970356	1
32	5	0.0032873	1
32	6	-0.0172193	1
32	7	-0.00586989	0
32	8	-0.00957713	1
32	9	-0.0164022	0
32	10	-0.0185419	0
32	11	0.00495587	1
32	12	-0.0284227	1
32	13	-0.00835099	0
32	14	-0.0140256	1
32	15	0.00834736	1
32	16	-0.00572427	1
32	17	-0.00210927	1
32	18	0.00980572	1
32	19	0.0181726	1
32	20	0.000414012	0
32	21	-0.0235232	1
32	22	-0.0119972	0
32	23	0.01312	0
32	24	-0.00534868	0
32	25	0.00673533	1
32	26	-0.0105533	0
32	27	-0.00352851	0
32	28	0.00104173	0
32	29	0.0141584	1
32	30	0.0154695	0
32	31	-0.00189685	1
32	32	0.00814799	1
32	33	0.0119748	1
32	34	-0.0115677	1
32	35	-0.0146983	0
32	36	0.0155742	1
32	37	0.0147162	0
32	38	0.00339656	1
32	39	0.0241731	0
32	40	-0.0183217	1
32	41	-0.0137656	1
32	42	-0.0110173	0
32	43	-0.0136558	0
32	44	0.00441966	1
32	45	-0.00358247	0
32	46	-0.0195036	0
32	47	0.0117271	1
32	48	0.00828848	1
32	49	-0.00185215	1
32	50	0.00912059	1
32	51	-0.00647936	1
32	52	-0.00522018	0
32	53	-0.00573395	1
32	54	0.0256839	1
32	55	0.00833165	0
32	56	0.0248746	1
32	57	-0.0179873	0
32	58	0.00178311	0
32	59	0.00724896	1
32	60	0.0306674	1
32	61	-0.0201224	0
32	62	-0.0062641	1
32	63	-0.0300185	0
32	64	-0.00454581	1
32	65	0.00240295	1
32	66	-0.0184385	0
32	67	-0.00246894	1
32	68	-0.0111695	1
32	69	0.0143037	1
32	70	0.00273177	0
32	71	0.00812644	0
32	72	0.00455009	0
32	73	-0.0239693	1
32	74	0.0250677	1
32	75	-0.00368569	0
32	76	0.0223687	0
32	77	-0.00286312	1
32	78	0.021152	0
32	79	0.0051603	0
32	80	0.012917	1
32	81	-0.00304691	1
32	82	0.0056481	0
32	83	0.000301763	1
32	84	-0.0273822	0
32	85	-0.000787816	1
32	86	0.00317409	0
32	87	0.0276808	1
32	88	-0.00189113	0
32	89	-0.0107266	0
32	90	-0.00989231	0
32	91	-0.0176892	1
32	92	0.03022	1
32	93	0.0239115	1
32	94	-0.0161407	1
32	95	0.0144648	1
32	96	0.00230183	1
32	97	0.00462899	0
32	98	0.0158591	0
32	99	-0.0107641	1
33	0	0.0172241	0
33	1	-0.00538315	1
33	2	-0.0224868	1
33	3	-0.00767523	0
33	4	-0.010594	1
33	5	0.0161774	1
33	6	-0.00253614	1
33	7	-0.00115869	1
33	8	0.0244526	1
33	9	-0.00180465	1
33	10	0.00247941	1
33	11	0.000133636	0
33	12	-0.00515376	1
33	13	0.0202019	1
33	14	0.0183817	1
33	15	-0.00380859	0
33	16	0.00306917	0
33	17	0.00417228	1
33	18	-0.00994886	1
33	19	0.0133384	1
33	20	0.0067532	1
33	21	0.0102611	1
33	22	0.0209831	1
33	23	-0.0135776	1
33	24	-0.0305313	0
33	25	-0.00321299	0
33	26	-0.0202755	1
33	27	-0.0137278	1
33	28	-0.00457368	1
33	29	-0.00234051	1
33	30	0.0275044	1
33	31	-0.00705261	0
33	32	-0.0315884	1
33	33	0.00658689	1
33	34	-0.00209534	1
33	35	-0.000870668	1
33	36	-0.0164445	1
33	37	0.0036984	0
33	38	-0.0118597	0
33	39	-0.0162843	0
33	40	0.0020056	0
33	41	-0.00425822	1
33	42	0.0109983	0
33	43	0.0116861	1
33	44	0.0131186	1
33	45	-6.54858e-06	1
33	46	0.00727432	1
33	47	0.0169963	1
33	48	0.0103432	1
33	49	-0.00370159	0
33	50	0.00292203	1
33	51	0.00937634	0
33	52	0.00794587	0
33	53	-0.0124543	1
33	54	-0.0129921	1
33	55	0.0188203	1
33	56	-0.0306991	1
33	57	0.00889815	1
33	58	0.00834593	0
33	59	0.0183347	1
33	60	0.0187522	0
33	61	0.00630348	1
33	62	-0.016647	1
33	63	-0.0117713	0
33	64	-0.0126767	0
33	65	-0.0107098	0
33	66	-0.00548941	1
33	67	0.0181989	0
33	68	0.0020227	0
33	69	-0.00933934	1
33	70	-0.0324005	0
33	71	-0.00964078	0
33	72	-0.0198317	1
33	73	0.0142351	1
33	74	-0.0135195	0
33	75	-0.0213178	1
33	76	0.00780001	0
33	77	0.019476	1
33	78	-0.00724076	1
33	79	0.0185706	1
33	80	0.00904419	1
33	81	0.00384383	0
33	82	0.0212472	1
33	83	0.0171138	1
33	84	-0.0159897	0
33	85	-0.0195088	1
33	86	-0.00919798	1
33	87	0.00619046	0
33	88	0.00435444	1
33	89	0.01384	0
33	90	-0.0043486	1
33	91	-0.00979556	1
33	92	0.000793339	0
33	93	0.0140292	1
33	94	-0.000647921	0
33	95	0.000578247	1
33	96	-0.0123229	1
33	97	0.00906194	0
33	98	-0.00804217	1
33	99	0.0115958	1
34	0	-0.00293982	0
34	1	0.00787018	1
34	2	-0.0117939	1
34	3	0.00301723	1
34	4	0.00532575	1
34	5	-0.0217997	1
34	6	0.0028528	0
34	7	0.00753683	0
34	8	0.00911989	1
34	9	-0.0124562	1
34	10	0.00416419	0
34	11	0.00228275	0
34	12	-0.0093538	0
34	13	-0.0138282	1
34	14	0.00703284	0
34	15	0.0383173	0
34	16	-0.00829939	0
34	17	-0.0163703	1
34	18	0.0178173	0
34	19	-0.016011	0
34	20	0.00960926	0
34	21	0.000735559	1
34	22	0.00444725	0
34	23	-0.00260685	1
34	24	-0.00913019	1
34	25	-0.0109674	0
34	26	0.0094056	1
34	27	-0.024893	0
34	28	0.00993077	1
34	29	0.00777795	1
34	30	-0.0216298	0
34	31	-0.0056746	0
34	32	-0.0232318	1
34	33	-0.00366025	0
34	34	0.0118708	1
34	35	-0.00866818	0
34	36	-0.012919	1
34	37	0.00846837	1
34	38	-0.000909108	1
34	39	0.00434288	1
34	40	0.0140747	1
34	41	0.0164055	1
34	42	0.00336354	1
34	43	-0.00514162	1
34	44	-0.0117853	1
34	45	0.00654374	0
34	46	-0.0236002	1
34	47	-0.00231248	0
34	48	-0.0154465	1
34	49	-0.0302468	0
34	50	0.0180634	0
34	51	0.0106602	1
34	52	0.00837085	0
34	53	0.019135	0
34	54	-0.00931639	0
34	55	0.00598273	0
34	56	0.00152721	0
34	57	0.012003	0
34	58	-0.0162001	1
34	59	0.0106549	1
34	60	0.00430111	1
34	61	0.00429853	0
34	62	-0.00285064	0
34	63	-0.00714512	1
34	64	0.0013355	0
34	65	0.0276415	0
34	66	-0.000186877	0
34	67	0.0232964	0
34	68	-0.00517067	0
34	69	-6.68775e-06	1
34	70	-0.00998725	1
34	71	-0.0147315	0
34	72	-0.0119639	0
34	73	-0.0163789	0
34	74	0.0222258	0
34	75	0.0145592	0
34	76	-0.0246178	0
34	77	-0.0215869	0
34	78	0.00589917	0
34	79	-0.00373873	1
34	80	0.0128898	1
34	81	0.0307163	1
34	82	-0.0122363	1
34	83	0.0125921	0
34	84	-0.0106029	1
34	85	-0.00935298	1
34	86	0.00477209	1
34	87	0.0121462	0
34	88	-0.00799535	0
34	89	-0.0272387	1
34	90	0.0161647	1
34	91	0.0111443	0
34	92	0.0179901	0
34	93	0.0282728	1
34	94	-0.019916	0
34	95	-0.00935271	1
34	96	-0.0120752	0
34	97	-0.00750266	1
34	98	0.0213034	1
34	99	0.01557	1
35	0	0.0149519	0
35	1	0.0281552	1
35	2	0.00268603	1
35	3	-0.0173933	1
35	4	0.020405	0
35	5	0.00636212	0
35	6	0.00547831	1
35	7	0.0120962	0
35	8	0.0137111	0
35	9	-0.0251922	1
35	10	-0.0161804	1
35	11	-0.00429053	1
35	12	0.00745404	0
35	13	-0.00200267	1
35	14	0.0293139	1
35	15	0.0236145	1
35	16	0.00994023	1
35	17	-0.010819	0
35	18	-0.0184747	0
35	19	0.0128915	0
35	20	0.0113233	0
35	21	0.0150131	0
35	22	-0.0151251	0
35	23	0.00220511	0
35	24	-0.00709139	1
35	25	0.00527049	0
35	26	-0.0103508	0
35	27	-0.00417418	0
35	28	0.0115967	0
35	29	-0.0210959	0
35	30	0.00297699	1
35	31	0.017688	1
35	32	0.000732627	1
35	33	-0.00721961	0
35	34	0.0228818	1
35	35	0.0201633	0
35	36	-0.00925382	1
35	37	0.0188235	1
35	38	0.00229859	1
35	39	0.0222812	1
35	40	-0.0199997	0
35	41	-0.0102462	0
35	42	0.0079152	0
35	43	-0.0101318	0
35	44	0.00853013	1
35	45	-0.01006	0
35	46	-0.000749542	1
35	47	-0.01443	1
35	48	-0.00201948	1
35	49	-0.00827825	0
35	50	-0.00066318	0
35	51	0.0037206	1
35	52	0.000746456	1
35	53	0.000144966	0
35	54	0.0207167	1
35	55	-0.0227938	0
35	56	0.0192014	0
35	57	-0.0122737	1
35	58	-0.00965982	1
35	59	0.00469649	0
35	60	-0.00257023	1
35	61	0.0109003	0
35	62	-0.00116743	0
35	63	-0.0143638	1
35	64	-0.00573849	1
35	65	-0.00220677	0
35	66	-0.00659325	0
35	67	-0.000584599	1
35	68	0.00557784	1
35	69	0.0133963	1
35	70	-0.0121371	1
35	71	-0.00842817	0
35	72	-0.0139294	1
35	73	-0.0103496	1
35	74	0.011631	0
35	75	-0.0204356	1
35	76	-0.0323549	1
35	77	-0.0155609	1
35	78	-0.0113296	1
35	79	0.00538596	0
35	80	0.0014946	1
35	81	-0.00356872	1
35	82	-0.0168577	1
35	83	0.00857481	0
35	84	-0.00220281	0
35	85	0.00696446	0
35	86	-0.016637	1
35	87	0.0285844	1
35	88	0.00632387	0
35	89	0.0204876	1
35	90	0.0164736	0
35	91	-0.00626616	1
35	92	-0.00794924	0
35	93	-0.00635647	0
35	94	-0.0136635	0
35	95	-0.00951677	0
35	96	-0.0267234	1
35	97	0.013065	0
35	98	-0.00787285	0
35	99	0.0104869	0
36	0	0.0246445	1
36	1	0.0147862	1
36	2	0.036983	1
36	3	-0.0148817	0
36	4	0.00867688	1
36	5	-0.0139968	0
36	6	-0.000420257	0
36	7	0.0219751	1
36	8	-0.00830046	0
36	9	0.0111391	0
36	10	-0.00112493	1
36	11	-0.018134	0
36	12	-0.0156355	1
36	13	0.0168577	0
36	14	-0.0148917	0
36	15	-0.00300611	0
36	16	0.0232899	0
36	17	0.0126522	1
36	18	-0.0160413	1
36	19	0.00743875	0
36	20	-0.0255133	0
36	21	0.0119501	0
36	22	-0.0323769	0
36	23	-0.00659419	0
36	24	0.00604626	1
36	25	-0.0148528	0
36	26	0.00503796	0
36	27	0.0130756	0
36	28	-0.0179162	1
36	29	0.00753488	0
36	30	0.00110222	1
36	31	0.0314156	1
36	32	-0.00605989	0
36	33	-0.00183514	1
36	34	0.0134078	1
36	35	-0.000529597	1
36	36	-0.00674647	1
36	37	0.0195501	1
36	38	-0.00188773	0
36	39	-0.00755117	1
36	40	-0.0028469	0
36	41	-0.00251178	0
36	42	-0.0130892	1
36	43	-0.00646425	0
36	44	-0.0312309	0
36	45	-0.0144622	1
36	46	0.011991	1
36	47	0.0114077	1
36	48	-0.0113276	1
36	49	0.0434374	0
36	50	-0.0036474	1
36	51	-0.00210577	1
36	52	-0.0159016	1
36	53	-0.0110243	0
36	54	-0.000422144	1
36	55	0.00817707	1
36	56	0.0058392	1
36	57	-0.0243729	0
36	58	0.0181789	0
36	59	0.0102483	1
36	60	0.0189807	0
36	61	-0.0135376	0
36	62	-0.00108125	0
36	63	-0.000646391	0
36	64	-0.00537284	1
36	65	-0.0144106	0
36	66	0.0115434	1
36	67	0.016224	1
36	68	0.000505266	1
36	69	0.0184436	0
36	70	0.00676797	1
36	71	0.0148032	1
36	72	-0.013197	1
36	73	-0.0347248	1
36	74	-0.014105	1
36	75	-0.00900046	0
36	76	-0.0161697	0
36	77	0.00745719	1
36	78	-0.00935907	0
36	79	-0.0258197	0
36	80	-0.000106675	1
36	81	0.0162808	1
36	82	-0.00615806	0
36	83	0.01085	1
36	84	0.013739	1
36	85	-0.00305924	1
36	86	0.00688198	1
36	87	-0.00598328	1
36	88	-0.000680039	0
36	89	-0.000809809	1
36	90	0.0118589	0
36	91	-0.000160402	0
36	92	0.00235277	0
36	93	-0.0208763	1
36	94	-0.0068665	1
36	95	0.0195376	1
36	96	0.00288404	1
36	97	-0.0216007	0
36	98	0.0147921	0
36	99	0.000682853	0
37	0	-0.0135171	1
37	1	-0.0322018	1
37	2	0.0061544	0
37	3	9.81641e-05	0
37	4	0.00101173	0
37	5	0.0143727	1
37	6	0.0114393	1
37	7	-0.00204218	0
37	8	-0.00798873	0
37	9	0.00214282	1
37	10	0.0100779	0
37	11	0.00374733	1
37	12	0.00812382	0
37	13	0.0257562	0
37	14	-0.00396673	1
37	15	-0.0252735	1
37	16	0.00142007	0
37	17	0.00745462	0
37	18	0.0314397	0
37	19	0.0320443	1
37	20	-0.0222328	1
37	21	-0.0142038	0
37	22	0.0344082	0
37	23	-0.0223819	0
37	24	-0.0291019	1
37	25	-0.00913234	0
37	26	-0.00119132	1
37	27	0.0153907	0
37	28	0.0138086	1
37	29	0.00242702	0
37	30	0.00139631	0
37	31	-0.0192203	0
37	32	0.0130806	0
37	33	0.0051292	1
37	34	-0.0209153	0
37	35	0.010613	1
37	36	0.0190235	0
37	37	0.00756052	0
37	38	0.00561293	0
37	39	-0.00664464	1
37	40	-0.0184339	1
37	41	0.000259403	0
37	42	0.0109373	1
37	43	0.0157566	0
37	44	-0.00650312	0
37	45	0.0133861	0
37	46	0.00413721	1
37	47	0.00554472	1
37	48	-0.026166	0
37	49	0.00283154	0
37	50	0.00159048	1
37	51	-0.037148	0
37	52	-0.0118612	0
37	53	0.0179373	0
37	54	-0.0155598	1
37	55	0.00633522	1
37	56	-0.00432361	0
37	57	0.00819031	1
37	58	0.0216234	1
37	59	-0.00206793	1
37	60	-0.0169866	1
37	61	0.00790327	1
37	62	-0.00294192	1
37	63	-0.0150004	1
37	64	-0.021497	1
37	65	0.000931037	0
37	66	-0.00184233	1
37	67	-0.0230657	1
37	68	0.0120411	1
37	69	0.00776674	1
37	70	0.0299417	1
37	71	0.0127822	0
37	72	-0.00239064	1
37	73	0.0194257	1
37	74	-0.00264566	1
37	75	-0.0303832	1
37	76	-0.0214626	1
37	77	0.0112793	0
37	78	-0.00136536	0
37	79	0.00922881	0
37	80	0.00383477	1
37	81	-0.00250281	0
37	82	0.0257066	0
37	83	-0.0177838	1
37	84	0.0164101	1
37	85	0.0125864	0
37	86	0.00676259	1
37	87	0.00368628	1
37	88	-0.0180159	0
37	89	-0.0171512	0
37	90	-0.0266269	0
37	91	-0.0022619	1
37	92	0.0134675	1
37	93	0.000766803	1
37	94	0.00711976	0
37	95	-0.0075026	1
37	96	0.00804375	0
37	97	-0.00150379	0
37	98	0.00100231	0
37	99	-0.0179419	1
38	0	0.021264	0
38	1	0.00845295	0
38	2	-0.00755146	1
38	3	0.0125775	1
38	4	-0.0109169	1
38	5	0.0206833	1
38	6	-0.00877701	1
38	7	0.010018	1
38	8	0.0209487	0
38	9	-0.0023203	0
38	10	-0.00996099	1
38	11	0.0174909	1
38	12	-0.00611799	1
38	13	-0.0205942	0
38	14	0.00310494	0
38	15	0.00707587	0
38	16	0.00766526	1
38	17	-0.0170821	1
38	18	0.00775026	0
38	19	-0.0103943	0
38	20	0.000282033	1
38	21	-0.0123654	0
38	22	-0.0113496	0
38	23	0.0102618	0
38	24	-0.0238528	1
38	25	-0.0144882	1
38	26	-0.00197926	0
38	27	-0.0198513	1
38	28	0.00365076	1
38	29	-0.014988	0
38	30	0.00380155	0
38	31	0.00642422	0
38	32	0.0141139	0
38	33	-0.0113426	0
38	34	-0.0145637	0
38	35	-0.0297627	1
38	36	-0.0309526	1
38	37	0.00441764	1
38	38	0.00880767	1
38	39	-0.0268908	0
38	40	0.0202308	1
38	41	0.0192157	1
38	42	0.00738417	0
38	43	-0.0167882	1
38	44	-0.00963106	0
38	45	-0.000343367	1
38	46	-0.024059	0
38	47	0.00320357	1
38	48	0.0050442	0
38	49	-0.00647829	0
38	50	0.0114392	0
38	51	0.000718656	0
38	52	-0.0065791	1
38	53	-0.00343567	0
38	54	-0.00331782	0
38	55	-0.0194569	1
38	56	-0.00120294	1
38	57	-0.00611909	1
38	58	0.0147705	0
38	59	0.0150418	0
38	60	0.00507758	0
38	61	0.00764227	0
38	62	0.00433163	1
38	63	0.0178434	1
38	64	-0.0135845	1
38	65	-0.00320995	1
38	66	0.0247337	1
38	67	0.032246	0
38	68	-0.0119473	1
38	69	-0.00126399	1
38	70	-0.00852621	0
38	71	-0.00531483	1
38	72	-0.0175585	1
38	73	-0.00291937	1
38	74	-0.0157022	1
38	75	0.000644393	0
38	76	0.0186777	0
38	77	0.0154559	0
38	78	0.00534304	0
38	79	-0.0133449	1
38	80	0.00284296	1
38	81	0.00463333	0
38	82	0.0244587	1
38	83	0.00922903	1
38	84	-0.00127369	1
38	85	0.0240383	0
38	86	-0.0019764	1
38	87	0.0240045	0
38	88	-0.0209283	1
38	89	0.00174905	0
38	90	-0.0109471	0
38	91	-0.000336503	0
38	92	-0.00395699	0
38	93	0.00913181	1
38	94	-0.00309235	0
38	95	-0.00249532	0
38	96	0.00843926	1
38	97	0.0198211	0
38	98	-0.0140477	1
38	99	0.00975622	0
39	0	0.0175095	1
39	1	-0.0123838	1
39	2	-0.0073328	0
39	3	0.0147827	1
39	4	-0.001702	0
39	5	-0.00203936	0
39	6	-0.0191931	1
39	7	-0.00515381	0
39	8	0.00652109	1
39	9	0.00903194	0
39	10	0.016828	0
39	11	0.0132677	0
39	12	-0.0201621	1
39	13	0.00455166	1
39	14	-0.0189602	0
39	15	-0.00717311	1
39	16	-0.0152996	1
39	17	-0.00487669	1
39	18	0.00104765	1
39	19	-0.00342257	1
39	20	-0.00769274	1
39	21	-0.0168663	0
39	22	0.00253178	0
39	23	-0.0220589	1
39	24	0.0101565	1
39	25	-0.0206615	1
39	26	-0.031948	0
39	27	-0.00248428	1
39	28	-0.00696315	0
39	29	0.00938196	1
39	30	0.00531016	0
39	31	-0.00986428	1
39	32	-0.00813947	0
39	33	5.15376e-06	1
39	34	-0.00703332	0
39	35	-0.00319613	0
39	36	-0.00839051	1
39	37	-0.0175227	0
39	38	-0.0101293	0
39	39	-0.00394963	0
39	40	-0.00441205	0
39	41	0.000288898	1
39	42	-0.00986633	0
39	43	-0.00318112	1
39	44	-0.016278	0
39	45	0.00365421	0
39	46	0.00656569	0
39	47	0.00480535	0
39	48	0.0180386	0
39	49	-0.00231436	1
39	50	-0.0189818	1
39	51	0.0113612	0
39	52	0.00205315	1
39	53	0.0254826	0
39	54	0.00169078	1
39	55	-0.00920134	1
39	56	-0.0164655	1
39	57	-0.00281315	1
39	58	0.0105968	1
39	59	0.0118923	0
39	60	0.00778656	0
39	61	-0.00743522	0
39	62	0.0072916	1
39	63	0.0325088	0
39	64	0.00449919	0
39	65	0.0011735	1
39	66	0.00519417	1
39	67	-0.00629273	1
39	68	-0.00301319	0
39	69	-0.00123615	1
39	70	-0.012474	1
39	71	0.015605	0
39	72	0.0382882	1
39	73	-0.00634566	1
39	74	0.0127041	0
39	75	0.0272506	1
39	76	0.0139824	1
39	77	-0.0162705	0
39	78	0.00245375	1
39	79	-0.0106763	0
39	80	0.0109996	0
39	81	-0.00646562	0
39	82	-0.00139469	1
39	83	-0.00670079	1
39	84	0.00510998	1
39	85	0.000959875	0
39	86	0.00108685	0
39	87	-0.0181674	0
39	88	0.0176663	0
39	89	-0.00890918	1
39	90	0.00367274	0
39	91	0.00283294	0
39	92	0.00692211	0
39	93	0.00620086	1
39	94	-0.000110772	1
39	95	0.0101863	0
39	96	-0.0100945	1
39	97	0.00707778	1
39	98	0.0194323	1
39	99	0.0254587	0
40	0	-0.000221028	0
40	1	0.0124572	1
40	2	0.012115	0
40	3	-0.0223824	0
40	4	-0.00449839	1
40	5	-6.53091e-05	0
40	6	0.0217303	1
40	7	0.0170126	0
40	8	-0.015205	1
40	9	-0.0144443	1
40	10	0.0113546	1
40	11	0.00382577	1
40	12	0.0237139	0
40	13	-0.00567125	1
40	14	-0.00363098	0
40	15	-0.000653858	0
40	16	-0.000789544	0
40	17	-0.000602167	1
40	18	-0.0150183	0
40	19	0.00354458	0
40	20	-0.00576041	0
40	21	0.0197726	1
40	22	0.00228111	0
40	23	-0.00835215	1
40	24	0.0280171	1
40	25	-0.00341383	1
40	26	-0.0163266	1
40	27	0.00936602	0
40	28	0.00476923	0
40	29	-0.0109208	0
40	30	-0.00783563	0
40	31	-0.0222293	1
40	32	0.0161734	0
40	33	0.000486143	1
40	34	0.00907562	0
40	35	0.011443	0
40	36	0.000445843	1
40	37	-0.00970432	0
40	38	0.0128004	0
40	39	0.00720393	0
40	40	0.0144379	0
40	41	-0.0115963	0
40	42	0.00406516	1
40	43	0.0125575	1
40	44	-0.0256287	1
40	45	-0.00381541	0
40	46	0.00451015	0
40	47	0.0103337	1
40	48	0.007315	1
40	49	0.00678973	1
40	50	0.0141625	0
40	51	-0.0210932	1
40	52	0.00989256	0
40	53	0.0195958	0
40	54	0.00818051	0
40	55	0.0154114	0
40	56	-0.00495182	1
40	57	-0.0109192	1
40	58	-0.0117248	1
40	59	0.00523888	0
40	60	-0.00477659	0
40	61	-0.000734903	1
40	62	0.00667205	1
40	63	-0.00297696	1
40	64	0.0122403	1
40	65	-0.00909741	1
40	66	-0.00729877	0
40	67	-0.0270978	0
40	68	-0.0128932	1
40	69	-0.0121504	0
40	70	-0.0171398	0
40	71	0.0279503	1
40	72	-0.0296658	1
40	73	-0.00627932	1
40	74	-0.0116117	1
40	75	-0.0403393	1
40	76	-0.0179755	1
40	77	-0.00794458	0
40	78	0.00263373	0
40	79	-0.019138	1
40	80	-0.00227116	1
40	81	0.0208063	0
40	82	0.0244338	1
40	83	-0.0124674	1
40	84	0.0129115	0
40	85	-0.0071507	0
40	86	0.000873226	1
40	87	0.0311818	0
40	88	-0.00168064	0
40	89	0.0128725	0
40	90	-0.00631631	1
40	91	0.00615093	0
40	92	0.0175887	1
40	93	-0.0144815	0
40	94	0.00898822	0
40	95	0.00991907	1
40	96	-0.00127646	1
40	97	-0.0288598	1
40	98	-0.00770847	1
40	99	0.0114857	1
41	0	0.0125638	0
41	1	-0.0244585	0
41	2	0.00944616	0
41	3	0.0164703	1
41	4	-0.0269615	0
41	5	-0.0171008	0
41	6	0.00284885	1
41	7	-0.00435683	0
41	8	0.0173789	1
41	9	-0.00382569	1
41	10	0.0129168	1
41	11	0.0147686	0
41	12	-0.0060797	0
41	13	0.005237	1
41	14	-0.01094	1
41	15	0.00591914	1
41	16	0.00302121	1
41	17	0.0208939	0
41	18	-0.0122952	0
41	19	-0.00298001	1
41	20	0.00738815	0
41	21	-0.00833788	1
41	22	-0.025954	0
41	23	0.0015539	1
41	24	-0.00713423	0
41	25	0.0240272	0
41	26	0.00242713	0
41	27	0.0200686	0
41	28	0.0371092	0
41	29	-0.0294622	0
41	30	0.000209627	1
41	31	-0.00428823	1
41	32	-0.00738031	0
41	33	-0.00143252	1
41	34	-0.0191188	0
41	35	-0.018418	0
41	36	0.00795889	1
41	37	-0.00976612	0
41	38	0.00359288	1
41	39	0.00534108	1
41	40	0.0163619	0
41	41	-0.0244345	0
41	42	-0.0138288	0
41	43	-0.00482137	0
41	44	0.00608206	0
41	45	-0.00201001	1
41	46	-0.00186291	1
41	47	-0.00357214	1
41	48	0.00712577	1
41	49	0.010244	1
41	50	-0.0138316	0
41	51	0.00244461	1
41	52	0.015819	0
41	53	-0.00193345	0
41	54	-0.00175687	0
41	55	0.00796967	1
41	56	-0.0130219	0
41	57	-0.0149248	1
41	58	-0.0144581	0
41	59	0.00763443	1
41	60	0.0123469	0
41	61	0.00807172	0
41	62	-0.0023064	0
41	63	0.00231343	1
41	64	-0.0189473	0
41	65	-0.00552608	1
41	66	-0.00046642	0
41	67	0.00493399	1
41	68	-0.00559975	0
41	69	-0.000364113	1
41	70	7.90107e-05	0
41	71	-0.00514359	1
41	72	0.00338882	1
41	73	0.00929622	1
41	74	-0.0122553	0
41	75	0.0255505	0
41	76	0.0146842	0
41	77	-0.00972646	0
41	78	-0.00252302	0
41	79	0.0205997	0
41	80	0.00479151	1
41	81	-0.0012821	1
41	82	-0.0142529	1
41	83	0.0121293	0
41	84	-0.0221589	0
41	85	-0.00785082	0
41	86	-0.00780699	0
41	87	0.0160371	0
41	88	0.0258496	0
41	89	-0.00304487	1
41	90	0.000865765	1
41	91	0.00309436	1
41	92	-0.00280585	0
41	93	0.000546759	1
41	94	-0.0028056	0
41	95	0.0114798	0
41	96	0.00715676	0
41	97	-0.0169021	1
41	98	0.00884232	1
41	99	-0.00436528	0
42	0	-0.00557856	0
42	1	-0.00711462	0
42	2	-0.00926965	1
42	3	-0.0047904	1
42	4	-0.000376477	1
42	5	-0.00404375	1
42	6	-0.00103567	1
42	7	-0.0101799	0
42	8	-0.00021654	1
42	9	0.0173816	0
42	10	-0.00731932	0
42	11	0.00710431	1
42	12	-0.00888134	1
42	13	0.00826628	0
42	14	-0.0179513	1
42	15	0.0218209	1
42	16	0.0163971	1
42	17	0.0142391	0
42	18	-0.00542251	0
42	19	-0.00745492	0
42	20	0.00550956	0
42	21	0.00681379	0
42	22	-0.000200136	1
42	23	0.0229605	1
42	24	0.0237343	0
42	25	-0.0196647	0
42	26	-0.0251066	1
42	27	-0.0370347	0
42	28	0.0194686	1
42	29	-0.00125416	1
42	30	-0.0071722	1
42	31	0.00256998	1
42	32	-0.00942339	0
42	33	0.00652397	0
42	34	-0.000411856	1
42	35	-0.0397553	0
42	36	0.00675854	0
42	37	-0.000590332	1
42	38	0.00411009	1
42	39	-0.00767802	0
42	40	-0.0228114	0
42	41	0.0138425	0
42	42	0.00191115	0
42	43	-0.000901988	0
42	44	0.0108081	1
42	45	-0.00372019	0
42	46	-0.00854938	1
42	47	0.0016907	1
42	48	-0.00379054	0
42	49	0.00289509	0
42	50	-0.00988577	0
42	51	0.000783301	1
42	52	-0.0279107	1
42	53	0.0081621	1
42	54	0.00410814	0
42	55	-0.00741966	0
42	56	0.0086238	0
42	57	0.0139357	1
42	58	0.0216673	1
42	59	-0.0212513	1
42	60	-0.0144015	0
42	61	0.0152464	1
42	62	-0.0155362	0
42	63	0.00581695	1
42	64	-0.00792757	0
42	65	-0.0064707	0
42	66	0.00128949	0
42	67	0.00339073	0
42	68	0.00391606	0
42	69	-0.00652462	0
42	70	-0.014513	1
42	71	0.00341965	0
42	72	0.0182242	0
42	73	0.00583009	0
42	74	-0.0371142	0
42	75	-0.0116656	0
42	76	0.0236846	0
42	77	0.00649114	1
42	78	0.00116097	1
42	79	-0.00148189	1
42	80	0.00696761	1
42	81	0.00316574	1
42	82	0.0175432	0
42	83	0.00015484	1
42	84	0.0209781	0
42	85	0.0160932	0
42	86	-0.00509814	0
42	87	0.0101632	1
42	88	0.0158242	1
42	89	0.00795502	1
42	90	-0.027664	0
42	91	-0.00431358	1
42	92	-0.0065495	0
42	93	0.0103803	0
42	94	0.00821024	1
42	95	-0.0138501	1
42	96	0.00825408	0
42	97	0.00777789	1
42	98	0.0143334	1
42	99	0.00892	1
43	0	0.0183213	1
43	1	0.0102747	1
43	2	0.0144799	1
43	3	-0.00950173	1
43	4	0.0149411	0
43	5	-0.0028254	1
43	6	-0.0180057	1
43	7	-0.00699638	0
43	8	-0.0259584	1
43	9	-0.00837917	0
43	10	-0.00100794	0
43	11	-0.00920553	1
43	12	-0.0105116	0
43	13	-0.0358083	1
43	14	-0.0184164	0
43	15	0.00742006	1
43	16	0.0189776	0
43	17	-0.00682686	1
43	18	0.0203514	1
43	19	0.0164694	1
43	20	0.00902282	0
43	21	0.0125265	1
43	22	0.0152386	0
43	23	-0.0138811	1
43	24	0.0010563	0
43	25	-0.00365054	0
43	26	0.00453772	1
43	27	-0.00559535	1
43	28	-0.0145265	1
43	29	-0.0082889	0
43	30	-0.0103808	1
43	31	0.00611724	1
43	32	-0.00291672	0
43	33	-0.0196795	0
43	34	0.00113969	1
43	35	0.0291179	1
43	36	-0.0168364	1
43	37	-0.00913635	1
43	38	0.00160406	0
43	39	-0.0016877	0
43	40	-0.0105411	0
43	41	0.0141505	1
43	42	-0.0150538	1
43	43	-0.0316346	0
43	44	0.00481644	0
43	45	0.0237326	0
43	46	-0.0095143	1
43	47	-0.00663115	1
43	48	-0.0122805	0
43	49	0.00741331	1
43	50	0.0039853	1
43	51	-0.00234502	1
43	52	0.000598279	1
43	53	0.00415145	0
43	54	-0.0198374	0
43	55	0.00491593	0
43	56	-0.0367919	0
43	57	0.030454	1
43	58	-0.0319659	0
43	59	-0.00508979	0
43	60	-0.0101759	0
43	61	-0.00189407	0
43	62	-0.00563265	0
43	63	0.00353749	0
43	64	0.0207536	0
43	65	-0.0129017	0
43	66	0.0241982	1
43	67	0.00885527	0
43	68	-0.0317803	1
43	69	-0.014107	0
43	70	0.00363716	0
43	71	-0.0116208	0
43	72	0.0103956	0
43	73	0.0358706	0
43	74	-0.00954328	0
43	75	0.000869745	0
43	76	0.00589481	0
43	77	-0.00482339	0
43	78	-0.00674876	1
43	79	0.0133816	0
43	80	-0.0171521	0
43	81	0.0127965	1
43	82	-0.00971928	1
43	83	0.00484078	0
43	84	0.00593169	1
43	85	0.0300686	1
43	86	-0.00527306	0
43	87	0.0263297	1
43	88	0.0251745	1
43	89	-0.00832242	0
43	90	0.0109332	0
43	91	0.00181849	0
43	92	0.0246467	1
43	93	-0.00094746	1
43	94	-0.00411647	1
43	95	0.00369056	1
43	96	0.00634248	0
43	97	0.0160496	1
43	98	0.000685912	0
43	99	0.00395079	1
44	0	0.0139042	0
44	1	0.00758918	0
44	2	-0.0248338	1
44	3	0.0101819	1
44	4	-0.00744023	1
44	5	0.00455689	0
44	6	0.0283122	0
44	7	-0.00805696	1
44	8	-0.0204173	0
44	9	0.00833049	0
44	10	-0.021249	1
44	11	0.016033	1
44	12	-0.00324828	0
44	13	0.00326276	0
44	14	0.00679907	1
44	15	-0.022428	1
44	16	-0.000771158	0
44	17	0.00865392	0
44	18	0.0246645	1
44	19	0.00224893	0
44	20	-0.00121397	1
44	21	0.00222047	0
44	22	0.00667174	0
44	23	-0.0175764	1
44	24	0.00106313	1
44	25	-0.000121593	1
44	26	0.0070875	1
44	27	0.00164029	0
44	28	0.0180957	0
44	29	-0.00716976	1
44	30	-0.0280222	1
44	31	0.0140909	1
44	32	0.00578662	0
44	33	0.000890743	1
44	34	-0.00559077	0
44	35	-0.00357564	0
44	36	-0.00864682	0
44	37	-0.00210178	0
44	38	0.00158754	1
44	39	-0.0197588	0
44	40	-0.0106121	1
44	41	-0.023715	0
44	42	0.00299658	1
44	43	-0.0105464	0
44	44	-0.0109676	0
44	45	-0.0211122	1
44	46	-0.00720632	0
44	47	0.0288883	0
44	48	0.0158015	1
44	49	0.00848093	0
44	50	0.00895065	0
44	51	0.0104722	1
44	52	0.00245221	1
44	53	0.00390991	1
44	54	-0.00609483	1
44	55	0.0214391	1
44	56	0.000247932	1
44	57	0.0063677	0
44	58	0.00894227	0
44	59	0.0156089	0
44	60	-5.5251e-05	1
44	61	0.033662	1
44	62	0.00108624	1
44	63	-0.0149664	0
44	64	-0.00935036	1
44	65	0.0198774	1
44	66	-0.00790714	0
44	67	-0.00950046	1
44	68	-0.0175699	1
44	69	-0.0159412	0
44	70	-0.00302087	1
44	71	0.0129515	1
44	72	-0.0100352	0
44	73	0.00822617	0
44	74	-0.0200945	1
44	75	-0.0306456	0
44	76	-0.00899988	1
44	77	4.07164e-05	0
44	78	0.00688838	1
44	79	0.00898164	0
44	80	-0.0370011	1
44	81	-0.00216154	0
44	82	0.0128633	0
44	83	-0.00257075	0
44	84	0.0106117	0
44	85	0.00867528	1
44	86	-0.0114702	0
44	87	0.0099684	1
44	88	0.0003769	0
44	89	0.00345308	0
44	90	-0.00440007	1
44	91	0.0241302	0
44	92	-0.0101208	1
44	93	-0.0243061	1
44	94	0.00462929	0
44	95	0.0140893	1
44	96	-0.0113579	1
44	97	0.00604291	1
44	98	0.0102547	0
44	99	0.0189133	1
45	0	-0.00343925	0
45	1	0.0248946	0
45	2	-0.00556993	1
45	3	-0.0129373	0
45	4	-0.0111261	0
45	5	0.000713705	1
45	6	-0.0201794	1
45	7	0.0238836	1
45	8	0.00251572	1
45	9	-0.00523487	0
45	10	0.00574467	1
45	11	-0.0196018	0
45	12	0.0377134	1
45	13	-0.00976202	1
45	14	-0.0145995	1
45	15	-0.0154639	0
45	16	0.000186421	1
45	17	-0.00415426	0
45	18	-0.0056529	1
45	19	0.00207972	1
45	20	0.00987417	0
45	21	0.0132991	1
45	22	-0.0125267	0
45	23	0.0032446	0
45	24	0.0240202	0
45	25	0.0065778	0
45	26	0.0156602	1
45	27	-0.0224955	1
45	28	-0.00413098	0
45	29	0.0152101	1
45	30	-0.00523857	0
45	31	-0.00362902	0
45	32	0.00344355	1
45	33	0.00304571	1
45	34	-0.0108564	0
45	35	0.0137359	0
45	36	0.00636555	0
45	37	0.01875	0
45	38	-0.0102549	1
45	39	0.0123095	1
45	40	0.00931507	1
45	41	-0.00430518	0
45	42	-0.0107555	0
45	43	0.0114531	0
45	44	-0.0105056	1
45	45	-0.00082233	1
45	46	-0.00332217	1
45	47	0.0058118	0
45	48	0.023839	0
45	49	0.0186143	1
45	50	-0.00425566	1
45	51	0.000859177	0
45	52	0.00620308	1
45	53	0.00942613	0
45	54	0.0110674	0
45	55	0.00561696	1
45	56	-0.00308529	1
45	57	-0.0106657	0
45	58	0.00818188	0
45	59	0.0134645	0
45	60	-0.0010923	1
45	61	0.015192	1
45	62	-0.00549654	1
45	63	-0.00204494	1
45	64	-0.0175166	1
45	65	-0.000787763	1
45	66	-0.0157015	0
45	67	0.00164644	1
45	68	0.0100766	1
45	69	0.019366	1
45	70	0.00333171	0
45	71	-0.0118804	1
45	72	-0.0104808	0
45	73	0.0214553	1
45	74	0.0159912	0
45	75	-0.0264244	1
45	76	0.0128309	1
45	77	-0.0022185	1
45	78	-0.00450155	0
45	79	-0.0149435	0
45	80	-0.0100451	1
45	81	0.0131885	1
45	82	0.0338094	1
45	83	-0.00134024	1
45	84	-0.010673	0
45	85	-0.020189	1
45	86	0.00207713	0
45	87	-0.0188569	1
45	88	-0.00456202	1
45	89	-0.00931429	1
45	90	-0.0237132	1
45	91	-0.01875	1
45	92	0.000679322	1
45	93	-0.00392031	0
45	94	-0.00654417	1
45	95	-0.0211552	0
45	96	0.00136747	0
45	97	-0.0122866	0
45	98	-0.0125997	0
45	99	0.0134766	0
46	0	0.00881046	0
46	1	-0.0136149	1
46	2	-0.000667964	1
46	3	0.00249824	1
46	4	-0.0276405	1
46	5	-0.00446698	1
46	6	0.0101411	1
46	7	-0.01486	0
46	8	0.0158507	1
46	9	-0.0102829	0
46	10	-0.0292633	1
46	11	0.0055565	1
46	12	-0.00736782	0
46	13	-0.00049929	0
46	14	-0.00589988	1
46	15	-0.0378794	1
46	16	-0.00943296	1
46	17	-0.0164438	0
46	18	-0.00436856	0
46	19	-0.0201992	1
46	20	0.0133651	1
46	21	-0.00635276	1
46	22	-0.00146184	1
46	23	-0.00788057	0
46	24	0.00684033	0
46	25	-0.0093962	1
46	26	0.0128315	0
46	27	-0.0219303	1
46	28	0.0161625	0
46	29	-0.0069984	0
46	30	0.00790734	1
46	31	-0.00624432	0
46	32	0.00517856	1
46	33	0.00154033	0
46	34	0.0240341	0
46	35	-0.011546	1
46	36	-0.000423135	0
46	37	0.0134478	0
46	38	-0.00474935	1
46	39	-0.0101477	0
46	40	0.0141094	0
46	41	0.00901068	0
46	42	0.00569471	1
46	43	0.00336882	0
46	44	0.0155254	1
46	45	0.0128615	1
46	46	0.01926	1
46	47	0.0185258	1
46	48	0.00257969	1
46	49	-0.000634075	0
46	50	0.0200922	1
46	51	-0.0144276	1
46	52	-0.0111771	1
46	53	-0.0169594	0
46	54	0.0128405	0
46	55	0.00857362	0
46	56	-0.00726023	0
46	57	0.00144477	1
46	58	0.0282615	1
46	59	0.000893246	0
46	60	-0.0353263	1
46	61	-0.00422978	0
46	62	-0.000663447	1
46	63	0.00880178	0
46	64	-0.005811	1
46	65	0.0109515	0
46	66	0.0282931	0
46	67	0.0160227	1
46	68	0.00901897	0
46	69	-0.0105892	0
46	70	0.0377205	1
46	71	-0.0119134	1
46	72	0.00454505	0
46	73	-0.0149536	1
46	74	0.0133221	1
46	75	0.00169961	0
46	76	0.00411948	1
46	77	0.00369277	1
46	78	0.0176758	0
46	79	-0.00641573	0
46	80	-0.0097316	0
46	81	0.0120354	0
46	82	-0.0237037	1
46	83	-0.00966163	1
46	84	0.00639056	1
46	85	-0.0122497	0
46	86	-0.00881855	1
46	87	-0.00605281	1
46	88	0.015592	0
46	89	-0.00938928	1
46	90	0.0223048	0
46	91	0.0117386	0
46	92	-0.010711	1
46	93	-0.00269871	0
46	94	0.0137509	1
46	95	-0.0110694	1
46	96	0.000650902	1
46	97	-0.00457059	1
46	98	-0.000346309	1
46	99	-0.0161508	1
47	0	0.0295144	0
47	1	-0.0178626	1
47	2	0.0096907	1
47	3	0.0259829	1
47	4	0.00953801	0
47	5	-0.0233264	0
47	6	-0.00169076	0
47	7	-0.0181995	1
47	8	0.0292117	0
47	9	0.0230111	1
47	10	0.00200764	0
47	11	0.016158	0
47	12	-0.00949616	1
47	13	-0.0249798	1
47	14	0.00574862	1
47	15	-0.0225719	0
47	16	-0.0163644	0
47	17	-0.0290117	1
47	18	0.0286862	1
47	19	-0.00891286	1
47	20	0.00661651	0
47	21	-0.0164878	0
47	22	-0.00619809	0
47	23	-0.00990206	0
47	24	-0.0073443	1
47	25	-0.00147993	0
47	26	0.00161971	0
47	27	0.00248412	0
47	28	0.00577062	1
47	29	-0.00433528	0
47	30	0.00253378	1
47	31	-0.0139949	1
47	32	-0.0101842	0
47	33	0.0144628	0
47	34	0.0154552	1
47	35	-0.00668123	1
47	36	-0.0178829	1
47	37	0.00398983	0
47	38	-0.038468	1
47	39	0.0127608	0
47	40	-0.0143044	0
47	41	-0.0239674	0
47	42	-0.0165885	0
47	43	0.0144336	1
47	44	0.0155284	0
47	45	-2.60635e-05	1
47	46	-0.0168865	0
47	47	0.0150466	0
47	48	-0.0166337	0
47	49	-0.0101698	1
47	50	0.0261308	0
47	51	0.00563803	1
47	52	-0.000993178	0
47	53	-0.0260219	1
47	54	-0.00959809	1
47	55	0.00579896	1
47	56	0.00660616	1
47	57	-0.010582	1
47	58	0.00178296	1
47	59	0.000839631	1
47	60	0.00240199	0
47	61	-0.00991574	0
47	62	0.0215141	1
47	63	0.0239399	0
47	64	0.00730571	1
47	65	-0.000190138	0
47	66	-0.00328952	0
47	67	0.00359918	1
47	68	-0.0228537	1
47	69	0.00637173	1
47	70	-0.008071	0
47	71	-0.000296982	0
47	72	-0.00331012	0
47	73	0.0121583	1
47	74	-0.00297116	0
47	75	0.00457089	0
47	76	0.016793	1
47	77	0.0151723	0
47	78	0.0109118	1
47	79	0.00447792	0
47	80	0.0152683	0
47	81	0.00303541	1
47	82	0.0355418	0
47	83	-0.00477897	1
47	84	-0.00516424	1
47	85	0.0226254	0
47	86	-0.0134872	1
47	87	0.017948	0
47	88	0.0262859	0
47	89	-0.0022328	0
47	90	-4.23773e-05	0
47	91	0.00990574	0
47	92	-0.006469	1
47	93	-0.00845628	1
47	94	-0.0132943	1
47	95	-0.0382624	0
47	96	-0.0124923	1
47	97	0.00851243	1
47	98	-0.000916313	1
47	99	0.0022529	0
48	0	-0.00120408	1
48	1	-0.00417859	1
48	2	-0.0209488	1
48	3	-0.00344214	0
48	4	-0.00125527	1
48	5	-0.0062046	0
48	6	0.00672828	1
48	7	-0.00239156	0
48	8	0.0321253	1
48	9	0.00146007	0
48	10	0.022292	1
48	11	0.00970413	1
48	12	-0.00555517	1
48	13	-0.00989043	1
48	14	0.00114353	1
48	15	0.00596457	1
48	16	0.0139167	1
48	17	-0.00101788	0
48	18	0.000688513	0
48	19	0.0114435	1
48	20	-0.0188324	1
48	21	-0.00564818	0
48	22	-0.00645705	1
48	23	0.0246616	0
48	24	-0.00275798	0
48	25	-0.024053	0
48	26	-0.000725444	1
48	27	0.00102566	1
48	28	0.00636824	0
48	29	-0.00657827	0
48	30	-0.00956216	0
48	31	-0.0153216	0
48	32	-0.0105291	1
48	33	-0.00460359	1
48	34	0.0120791	1
48	35	-0.0156638	0
48	36	-0.00533454	0
48	37	0.00795236	1
48	38	0.0194577	1
48	39	0.0214041	0
48	40	-0.0129459	1
48	41	0.000821641	0
48	42	-0.00950676	1
48	43	0.0209431	0
48	44	-0.00871205	1
48	45	0.00696219	0
48	46	-0.0054144	0
48	47	0.0237325	0
48	48	-0.00137062	1
48	49	-0.00846796	0
48	50	-0.00749672	1
48	51	-0.00726206	0
48	52	0.00486089	1
48	53	0.0228721	1
48	54	0.00108207	0
48	55	0.0111699	0
48	56	0.0059946	0
48	57	0.0149278	1
48	58	-0.0156237	1
48	59	-0.0132108	1
48	60	0.0107123	0
48	61	0.00156438	0
48	62	0.00943728	1
48	63	-0.0184254	0
48	64	-0.00968147	0
48	65	-0.00666513	0
48	66	0.017531	0
48	67	-0.0038145	0
48	68	-0.0179003	1
48	69	-0.0200341	0
48	70	0.00692889	0
48	71	0.013142	0
48	72	0.0089159	0
48	73	0.0100091	1
48	74	0.0122828	1
48	75	-0.0127754	0
48	76	0.00751817	1
48	77	-0.0268185	0
48	78	0.00636158	0
48	79	-0.0144809	0
48	80	0.00851087	1
48	81	-0.012168	1
48	82	0.00199213	0
48	83	-0.0225097	1
48	84	-0.0167347	0
48	85	-0.00965876	1
48	86	0.0240244	0
48	87	-0.03874	0
48	88	0.00538619	0
48	89	-0.00536956	0
48	90	-0.000233218	0
48	91	0.0102049	0
48	92	0.00153716	0
48	93	-0.0036052	1
48	94	0.0209581	0
48	95	-0.0329938	0
48	96	0.0181816	1
48	97	0.00083376	1
48	98	0.00804293	0
48	99	0.0289176	1
49	0	-0.011165	1
49	1	-0.00965969	1
49	2	-0.000132111	1
49	3	-0.00420548	1
49	4	-0.0132905	1
49	5	-0.0142125	0
49	6	0.006328	1
49	7	-0.0221976	1
49	8	-0.00903329	1
49	9	-0.00351015	1
49	10	-0.00529653	1
49	11	-0.0125468	1
49	12	-0.0301476	1
49	13	0.0148275	0
49	14	0.0169601	0
49	15	-0.00560658	1
49	16	-0.0121083	1
49	17	0.0132577	1
49	18	-0.00698406	1
49	19	0.0119653	0
49	20	-0.0316114	1
49	21	-0.0223873	0
49	22	0.00145059	0
49	23	0.00419545	0
49	24	-0.0214427	0
49	25	-0.0120224	0
49	26	0.00282338	0
49	27	0.0149929	1
49	28	0.00104392	1
49	29	-0.00616455	0
49	30	0.00895798	0
49	31	-0.00556298	0
49	32	-0.0301966	0
49	33	0.00581843	1
49	34	-0.0300389	0
49	35	-0.00704907	1
49	36	0.0127767	1
49	37	-0.00365254	0
49	38	0.000192849	1
49	39	0.0128481	0
49	40	-0.00343106	1
49	41	-0.00123384	0
49	42	0.00471624	0
49	43	0.00857932	1
49	44	0.00593297	0
49	45	-0.00719982	1
49	46	0.00506453	1
49	47	0.00146402	1
49	48	-0.0117623	0
49	49	-0.0111615	1
49	50	0.0280664	0
49	51	-0.00792879	0
49	52	-0.000905976	1
49	53	-0.00708694	1
49	54	-0.00574882	1
49	55	-0.00113995	0
49	56	-0.00102236	1
49	57	0.00572405	0
49	58	0.0158833	1
49	59	-0.0136349	1
49	60	0.00678934	1
49	61	0.0139034	1
49	62	0.0261298	1
49	63	0.0104071	1
49	64	-0.0154213	0
49	65	0.0324949	0
49	66	-0.0130623	0
49	67	0.0161183	0
49	68	-0.0180146	0
49	69	0.026251	1
49	70	-0.00599527	0
49	71	0.00708044	1
49	72	0.00372733	1
49	73	0.0100108	0
49	74	0.00563866	0
49	75	-0.00925009	0
49	76	0.0189238	1
49	77	-0.0103802	1
49	78	-0.00543034	1
49	79	-0.0120318	1
49	80	0.0259321	0
49	81	0.00697296	1
49	82	0.0151546	0
49	83	0.0291241	0
49	84	-0.00529882	0
49	85	0.0202226	1
49	86	0.00404038	1
49	87	0.0249777	1
49	88	-0.020638	0
49	89	-0.0137626	1
49	90	-0.0200887	1
49	91	0.0274773	1
49	92	0.00211381	0
49	93	-0.0212708	0
49	94	0.00100657	0
49	95	-0.00165642	0
49	96	0.013013	0
49	97	0.0132723	1
49	98	2.78964e-05	0
49	99	0.0101022	1
