0	0	-0.0163809	0
0	1	0.0174352	0
0	2	-0.0136121	0
0	3	-0.00330388	1
0	4	0.0329119	1
0	5	-0.00588125	0
0	6	-0.00556551	0
0	7	-0.00923178	0
0	8	-0.0318923	1
0	9	0.0150547	0
0	10	0.0231013	1
0	11	0.000814241	1
0	12	-0.0233079	1
0	13	0.00169775	1
0	14	-0.00221962	1
0	15	-0.00432031	1
0	16	0.00775096	0
0	17	-0.0074871	1
0	18	0.0259354	0
0	19	0.000825212	1
0	20	-0.0196207	1
0	21	-0.020886	0
0	22	0.00941513	0
0	23	0.0214339	0
0	24	0.00415261	0
0	25	0.029172	1
0	26	0.00813235	1
0	27	0.0139747	0
0	28	-0.0196256	1
0	29	-0.00153561	0
0	30	-0.0237576	0
0	31	0.00589153	0
0	32	0.0124941	1
0	33	0.0196568	1
0	34	0.000375114	1
0	35	-0.0128307	1
0	36	0.000152895	1
0	37	-0.00716401	1
0	38	-0.0167034	1
0	39	0.00836584	1
0	40	-0.00770796	0
0	41	-0.0076353	0
0	42	-0.00425727	1
0	43	-0.0108456	1
0	44	0.0238208	1
0	45	0.0218702	0
0	46	0.0162965	1
0	47	-0.0137456	0
0	48	0.0145174	0
0	49	0.0111141	0
0	50	0.00299501	0
0	51	0.00759726	0
0	52	-0.00868523	0
0	53	-0.00187178	1
0	54	-0.00584482	1
0	55	-0.00066269	0
0	56	-0.00715292	0
0	57	-0.00427541	0
0	58	-0.0115003	1
0	59	-0.0082845	0
0	60	0.00836703	1
0	61	0.00677059	1
0	62	0.00380251	0
0	63	0.0131563	0
0	64	-0.0104952	0
0	65	-0.0017601	1
0	66	-0.0195322	0
0	67	0.00770977	0
0	68	0.00621675	1
0	69	-0.00106002	0
0	70	0.000498328	1
0	71	0.0267021	0
0	72	-0.00498762	0
0	73	-0.00453579	0
0	74	-0.0158133	1
0	75	0.0197986	1
0	76	0.0103256	0
0	77	-0.00724221	0
0	78	0.0188975	0
0	79	0.00966623	1
0	80	-0.00111066	0
0	81	0.00261664	0
0	82	0.0153968	1
0	83	0.00661273	0
0	84	-0.0171387	0
0	85	-0.00339636	0
0	86	-0.00116658	0
0	87	0.00503799	1
0	88	0.00903578	0
0	89	0.00392329	0
0	90	-0.0164818	0
0	91	-0.0218352	0
0	92	-0.0148734	0
0	93	-0.00398454	0
0	94	-0.0347049	0
0	95	0.000998599	1
0	96	-0.00940742	0
0	97	-0.00782563	1
0	98	-0.0234771	1
0	99	0.0261365	1
1	0	-0.000612351	0
1	1	0.00231092	1
1	2	-0.00698761	1
1	3	0.0150199	0
1	4	0.00979924	0
1	5	0.0249235	0
1	6	-0.0235185	1
1	7	0.00694559	0
1	8	-0.00591563	0
1	9	0.00718758	0
1	10	-0.00208941	0
1	11	0.0017006	1
1	12	0.0179154	0
1	13	-0.00618567	0
1	14	-0.0345132	0
1	15	0.00219015	0
1	16	0.00439481	0
1	17	0.00580899	0
1	18	0.00379522	1
1	19	0.000871649	1
1	20	-0.00145838	0
1	21	0.00790825	0
1	22	-0.0206805	0
1	23	-0.0247108	0
1	24	-0.00453361	0
1	25	0.00983685	1
1	26	0.000582374	1
1	27	0.0114581	1
1	28	-0.00224674	0
1	29	0.0112734	0
1	30	0.00843881	1
1	31	-0.027079	0
1	32	0.0166401	0
1	33	-0.0120243	1
1	34	0.0240106	1
1	35	0.00132719	1
1	36	-0.000678892	1
1	37	0.0116822	1
1	38	-0.0255306	0
1	39	0.00692497	0
1	40	0.00669162	0
1	41	0.00418573	0
1	42	0.0100312	1
1	43	-0.0129739	0
1	44	-0.0021973	1
1	45	0.00430459	0
1	46	0.000699311	0
1	47	-0.0211451	1
1	48	0.00627137	0
1	49	-0.00374594	1
1	50	0.00624309	0
1	51	-0.00642946	1
1	52	0.00118549	0
1	53	0.000915615	1
1	54	-0.0167059	0
1	55	0.0069435	1
1	56	0.00241077	1
1	57	-0.00878727	0
1	58	-0.000323661	0
1	59	-0.0139191	0
1	60	0.0134217	0
1	61	-0.0029764	1
1	62	0.00199497	1
1	63	0.028831	0
1	64	0.00194763	1
1	65	0.00351984	0
1	66	0.0210471	0
1	67	-0.0137523	1
1	68	-0.0206206	1
1	69	-0.00227554	0
1	70	-0.00809135	0
1	71	0.0206239	1
1	72	-0.00343869	0
1	73	-0.014935	0
1	74	0.0168983	0
1	75	-0.0267144	0
1	76	0.0237014	0
1	77	0.00933286	0
1	78	0.00386352	0
1	79	-0.00103866	0
1	80	-0.00346106	1
1	81	0.0113954	0
1	82	-0.000485867	0
1	83	-0.00806246	1
1	84	0.0179135	0
1	85	0.0071735	1
1	86	-0.0124569	1
1	87	-0.0147615	0
1	88	-0.0185568	0
1	89	0.0166645	1
1	90	-0.0238879	0
1	91	0.00342454	0
1	92	-0.00401239	1
1	93	-0.0108513	0
1	94	0.0119995	0
1	95	0.00285059	1
1	96	0.00820703	1
1	97	0.00319346	0
1	98	-0.0108378	1
1	99	-0.00462327	0
2	0	-0.0223575	0
2	1	-0.00924443	1
2	2	0.02242	1
2	3	0.019335	1
2	4	0.0109284	0
2	5	0.000488887	1
2	6	0.0132343	1
2	7	-0.0251544	1
2	8	0.00906284	1
2	9	0.0190434	1
2	10	0.0145629	0
2	11	0.00651905	0
2	12	0.00240301	1
2	13	0.0216258	0
2	14	-0.00256558	0
2	15	-0.00777112	0
2	16	0.00526168	1
2	17	-0.000504754	1
2	18	-0.0139704	1
2	19	0.00371131	0
2	20	-0.00166875	1
2	21	-0.00453924	1
2	22	0.0039645	1
2	23	-0.013837	1
2	24	0.0174948	0
2	25	-0.00221696	0
2	26	-0.0121611	1
2	27	0.0230445	1
2	28	0.0152677	1
2	29	0.0314265	0
2	30	-0.0121801	1
2	31	-0.00524559	0
2	32	0.000673717	0
2	33	0.012577	1
2	34	-0.0146121	0
2	35	0.0101039	0
2	36	0.00845634	0
2	37	-0.00692069	1
2	38	0.01055	1
2	39	0.0118734	1
2	40	-0.0151593	1
2	41	-0.018075	0
2	42	0.0343362	1
2	43	-0.0301176	1
2	44	-0.00762902	0
2	45	-0.00230034	0
2	46	-0.0266474	0
2	47	-0.0165083	1
2	48	-0.0355896	1
2	49	0.0177438	1
2	50	-0.00573982	0
2	51	0.038894	0
2	52	-0.02494	1
2	53	-0.00446172	1
2	54	-0.0222312	1
2	55	0.00414833	0
2	56	0.0199188	0
2	57	-0.00610611	0
2	58	0.000393869	1
2	59	0.0306233	0
2	60	-0.00137118	1
2	61	0.0282567	1
2	62	-0.00582218	1
2	63	0.00949975	0
2	64	-0.00833508	0
2	65	-0.0269081	1
2	66	-0.020256	1
2	67	-0.00536452	0
2	68	-0.0102123	1
2	69	-0.0185983	0
2	70	-0.0185989	1
2	71	-0.0102281	1
2	72	0.0155695	1
2	73	0.0162771	0
2	74	0.0131017	1
2	75	0.00429092	1
2	76	0.00389471	0
2	77	0.0147693	1
2	78	-0.00787248	1
2	79	-0.00782949	0
2	80	-0.00963214	1
2	81	0.0107097	1
2	82	-0.00183964	1
2	83	0.010212	1
2	84	0.0215212	0
2	85	-0.000785005	1
2	86	0.00675912	0
2	87	-0.0163989	1
2	88	-0.00198097	1
2	89	0.00109691	0
2	90	-0.0157851	0
2	91	0.0192611	1
2	92	-0.00841576	0
2	93	0.00143867	1
2	94	0.0104203	1
2	95	-0.0149582	0
2	96	-0.0133596	1
2	97	-0.0172997	0
2	98	0.00480008	0
2	99	-0.0196591	1
3	0	0.0112762	1
3	1	0.00299153	0
3	2	-0.0263286	1
3	3	-0.0163446	1
3	4	-0.0177682	1
3	5	-0.00264738	0
3	6	0.0396741	0
3	7	0.000411017	1
3	8	0.00252367	0
3	9	-0.00955552	1
3	10	0.0173768	1
3	11	-0.0140523	0
3	12	0.000450624	0
3	13	-0.00389728	0
3	14	0.0246906	1
3	15	-0.00888617	0
3	16	0.0129496	1
3	17	0.00721618	1
3	18	0.000520478	0
3	19	-0.000929646	0
3	20	-0.0201799	0
3	21	0.00399303	1
3	22	-0.00209435	0
3	23	0.0193595	1
3	24	-0.0304929	1
3	25	-0.00843603	1
3	26	0.00212616	0
3	27	-0.00401004	0
3	28	0.0102022	0
3	29	0.0148367	0
3	30	0.00863302	1
3	31	0.00612327	1
3	32	-0.015959	1
3	33	-0.0289499	1
3	34	0.0354373	0
3	35	-0.00503808	1
3	36	0.00366427	1
3	37	-0.00896527	1
3	38	0.0200579	0
3	39	0.0145854	0
3	40	-0.0107331	0
3	41	-0.0113655	0
3	42	-0.0166008	0
3	43	0.000680291	1
3	44	0.0307558	1
3	45	0.000592665	0
3	46	0.00393918	0
3	47	0.0107863	0
3	48	0.00213485	0
3	49	0.00555399	0
3	50	0.0208725	0
3	51	-0.00832258	1
3	52	-0.00766074	0
3	53	-0.00407695	1
3	54	0.0090226	0
3	55	-0.00941427	0
3	56	-0.00199947	0
3	57	-0.029702	0
3	58	0.0199657	1
3	59	0.0096046	1
3	60	-0.00023609	1
3	61	0.0099522	0
3	62	-0.00817279	0
3	63	-0.00641057	1
3	64	0.00121451	0
3	65	0.0160205	1
3	66	0.0150051	0
3	67	0.00347291	1
3	68	-0.00916421	1
3	69	0.0200585	1
3	70	-0.0128274	0
3	71	0.0215533	1
3	72	0.0128497	1
3	73	0.00839651	0
3	74	0.000552461	0
3	75	0.0070838	0
3	76	-0.00217996	1
3	77	0.012471	1
3	78	-0.00896009	1
3	79	0.0068262	0
3	80	-0.0108072	1
3	81	-0.00205273	0
3	82	-0.0144909	0
3	83	0.00494177	1
3	84	-0.00572054	1
3	85	-0.0250735	0
3	86	-0.00408162	1
3	87	-0.0175662	1
3	88	0.00265269	1
3	89	-0.00132899	0
3	90	-0.0254	1
3	91	0.0299865	0
3	92	-0.0176739	1
3	93	-0.00726619	0
3	94	0.00906613	1
3	95	0.00153474	1
3	96	-0.00876841	0
3	97	-0.0368305	1
3	98	-0.0174795	1
3	99	0.0102551	1
4	0	0.000436169	0
4	1	-0.0233746	0
4	2	0.00176457	1
4	3	-0.0129026	1
4	4	0.0109565	0
4	5	-0.0229059	1
4	6	-0.0214746	0
4	7	-0.00659719	0
4	8	0.0126195	0
4	9	0.00332105	0
4	10	-0.0175482	0
4	11	0.0176343	0
4	12	-0.0226244	0
4	13	0.00420078	1
4	14	0.00931422	1
4	15	-0.00141404	0
4	16	0.00264382	0
4	17	-0.0184265	0
4	18	-0.00696021	1
4	19	-0.00225887	1
4	20	0.0132018	1
4	21	0.00250911	1
4	22	0.00482948	0
4	23	0.00937525	1
4	24	0.0156552	0
4	25	-0.00803773	1
4	26	0.0073997	1
4	27	-0.000484639	1
4	28	0.00823171	1
4	29	-0.000397511	0
4	30	0.00670288	1
4	31	-0.00968626	0
4	32	0.0152371	1
4	33	0.0145489	0
4	34	-0.00292502	0
4	35	-0.0223316	1
4	36	-0.00673778	0
4	37	-0.0131106	1
4	38	0.0073407	0
4	39	-0.0114204	1
4	40	-0.00855272	1
4	41	-0.0156446	0
4	42	0.00857961	0
4	43	-0.0118699	0
4	44	-0.00130139	0
4	45	-0.00560717	1
4	46	0.0117894	0
4	47	0.0256655	1
4	48	0.0118968	1
4	49	-0.0252252	1
4	50	0.0177754	1
4	51	-0.010573	0
4	52	0.0218188	0
4	53	-0.00191366	1
4	54	-0.00126046	1
4	55	0.00192181	0
4	56	-0.0177207	0
4	57	-0.00184578	1
4	58	0.0155515	0
4	59	-0.0162588	1
4	60	-0.0171868	0
4	61	0.0067041	1
4	62	0.010118	0
4	63	0.00577272	0
4	64	-0.00108319	0
4	65	-0.00351273	1
4	66	-0.0187458	1
4	67	0.0113783	0
4	68	-0.00064232	1
4	69	0.00689094	0
4	70	0.0138481	1
4	71	0.00952125	0
4	72	-0.0234564	1
4	73	-0.0382895	0
4	74	0.0260835	0
4	75	-0.00320376	0
4	76	0.0158061	1
4	77	0.00117449	0
4	78	0.00668499	1
4	79	-0.00991979	0
4	80	0.0146861	0
4	81	0.0282753	1
4	82	0.0182562	0
4	83	1.90291e-05	0
4	84	-0.00430917	0
4	85	0.0166863	0
4	86	0.00766431	1
4	87	0.000200983	0
4	88	-0.0094642	0
4	89	-0.00945535	0
4	90	-0.00715959	1
4	91	-0.0121592	1
4	92	-0.00685341	1
4	93	-0.0107447	1
4	94	-0.000124997	1
4	95	-0.0104646	0
4	96	0.0109498	0
4	97	0.0169747	1
4	98	0.00148707	0
4	99	0.0240633	1
5	0	-0.0104576	1
5	1	-0.00932423	0
5	2	0.0017808	0
5	3	0.00797896	0
5	4	-0.0131775	0
5	5	-0.00220263	0
5	6	-0.00457785	0
5	7	-0.00784638	0
5	8	-0.00336498	1
5	9	0.00744587	1
5	10	0.0129377	0
5	11	0.00164412	1
5	12	0.0174618	1
5	13	-0.0122309	0
5	14	0.00428689	0
5	15	0.0041718	0
5	16	-0.00425312	1
5	17	0.0016584	1
5	18	0.0186126	1
5	19	0.0014423	1
5	20	-0.00343576	0
5	21	0.010627	1
5	22	0.0179821	0
5	23	0.0291311	0
5	24	-0.0134148	0
5	25	-0.003717	1
5	26	-0.0145198	1
5	27	-0.0188608	0
5	28	-0.0150305	0
5	29	0.00998906	1
5	30	-0.0114076	1
5	31	-0.00306926	1
5	32	0.00426113	0
5	33	-0.0134796	1
5	34	0.0190843	0
5	35	-0.00738971	1
5	36	0.00863989	1
5	37	-0.00817452	0
5	38	0.0206819	0
5	39	-0.00766881	0
5	40	-0.0145163	0
5	41	0.00876466	1
5	42	0.00375431	1
5	43	-0.0011322	1
5	44	-0.0064022	1
5	45	-0.0163459	0
5	46	0.00932445	0
5	47	0.0101489	0
5	48	-0.00382804	0
5	49	-0.0108822	1
5	50	-0.0139474	1
5	51	-0.0134873	0
5	52	-0.0187898	1
5	53	0.0047843	1
5	54	0.0181497	1
5	55	-0.00933635	1
5	56	-0.00471821	0
5	57	0.0173286	0
5	58	0.00902206	0
5	59	-0.00785847	0
5	60	0.00311656	1
5	61	-0.00478572	0
5	62	0.00600638	1
5	63	-0.0227983	0
5	64	-0.0173331	0
5	65	0.0427945	0
5	66	0.00623465	1
5	67	-0.0134824	0
5	68	0.000575351	0
5	69	-0.00773806	1
5	70	0.000554408	0
5	71	0.0113115	0
5	72	-0.0218581	1
5	73	-0.000315776	0
5	74	-0.00360473	1
5	75	-0.00933722	0
5	76	-0.00877339	1
5	77	-0.0143287	1
5	78	-0.0225893	1
5	79	0.0235606	0
5	80	0.00747491	0
5	81	-0.00164365	0
5	82	0.0174979	1
5	83	0.000858854	1
5	84	0.00391701	0
5	85	0.00251138	0
5	86	0.0120843	0
5	87	0.011818	1
5	88	0.0045067	1
5	89	0.0092391	0
5	90	0.0199355	0
5	91	-0.016436	1
5	92	-0.00947807	0
5	93	0.013684	1
5	94	0.00830045	1
5	95	-0.0116656	0
5	96	0.00932106	1
5	97	-0.00973268	1
5	98	0.00966378	1
5	99	-0.001313	0
6	0	-0.00702061	1
6	1	-0.0020993	1
6	2	0.0166756	0
6	3	-0.00963419	1
6	4	0.00370888	0
6	5	0.00256969	1
6	6	0.0130483	0
6	7	0.0170709	1
6	8	-0.0199978	0
6	9	-0.0258819	1
6	10	0.0272358	0
6	11	-0.00255851	1
6	12	-0.00099484	0
6	13	0.00902308	1
6	14	-0.00265868	0
6	15	0.0104082	0
6	16	-0.00754787	0
6	17	-0.0203468	1
6	18	0.00970814	1
6	19	0.00129772	0
6	20	0.00527618	0
6	21	0.00950255	1
6	22	-0.0208903	0
6	23	0.0127239	1
6	24	-0.00159581	1
6	25	-0.00587589	1
6	26	-0.0156288	0
6	27	0.000692019	1
6	28	0.00301659	0
6	29	0.0210137	0
6	30	0.0175548	0
6	31	-0.0141106	0
6	32	-0.00330887	1
6	33	-0.00765455	1
6	34	0.010802	0
6	35	-0.0202642	1
6	36	-0.0120841	1
6	37	0.00638513	0
6	38	0.0100216	1
6	39	-0.0188287	1
6	40	0.0161134	0
6	41	-0.00320575	0
6	42	-0.00373245	0
6	43	-0.0218117	0
6	44	-0.00224789	0
6	45	-0.00664184	1
6	46	-0.00164135	1
6	47	0.00269025	1
6	48	0.00905112	0
6	49	-0.00518619	0
6	50	-0.010398	0
6	51	0.01279	1
6	52	-0.0176399	0
6	53	0.0180388	1
6	54	0.0204177	1
6	55	-0.0322402	0
6	56	0.0143445	1
6	57	-0.010992	1
6	58	-0.0222799	0
6	59	0.0174091	0
6	60	-0.00480409	1
6	61	0.00152617	1
6	62	0.00715714	0
6	63	0.0133573	0
6	64	-0.0122589	0
6	65	-0.000724823	0
6	66	0.0105244	0
6	67	0.00808065	0
6	68	0.000280807	1
6	69	-0.00922145	0
6	70	0.0156545	1
6	71	-0.00989509	0
6	72	0.0105406	1
6	73	0.0148937	1
6	74	0.0233028	1
6	75	0.00908302	0
6	76	0.00394121	1
6	77	0.0177125	1
6	78	0.00673114	1
6	79	0.000360544	0
6	80	-0.0195263	1
6	81	0.0236123	0
6	82	-0.000184137	0
6	83	0.00791375	0
6	84	-0.0116275	0
6	85	0.0121835	1
6	86	-0.0151503	0
6	87	-0.0209575	1
6	88	0.00625562	0
6	89	-0.00176034	1
6	90	-0.0196286	0
6	91	-0.0249152	0
6	92	0.00267301	1
6	93	0.000423931	0
6	94	-0.013511	1
6	95	-0.0117242	1
6	96	-0.000906083	0
6	97	-0.00932659	0
6	98	0.00174524	0
6	99	0.0265781	0
7	0	-0.0153876	0
7	1	0.0110956	1
7	2	-0.00962552	1
7	3	0.0022043	1
7	4	-0.0114181	1
7	5	-0.00837846	1
7	6	0.00977686	1
7	7	-0.0059489	0
7	8	0.00586419	0
7	9	0.00750521	0
7	10	-0.00344057	0
7	11	-0.00821091	1
7	12	0.016898	0
7	13	0.00222767	1
7	14	-0.00105403	1
7	15	-0.0226753	1
7	16	-0.0233905	0
7	17	0.011554	0
7	18	-0.0200426	0
7	19	0.000170317	1
7	20	-0.0343566	1
7	21	-0.0163919	1
7	22	0.00546749	1
7	23	-0.0150664	0
7	24	-0.00227911	1
7	25	-0.02608	1
7	26	0.00558235	1
7	27	-0.00315516	1
7	28	-0.0119612	0
7	29	0.0300688	0
7	30	-0.0103869	0
7	31	0.00044524	0
7	32	0.0206953	0
7	33	-0.0129421	0
7	34	0.000903309	0
7	35	-0.0146491	0
7	36	-0.00353631	1
7	37	-0.00744425	1
7	38	0.00966753	0
7	39	0.00626031	1
7	40	-0.0027481	1
7	41	0.0183046	0
7	42	0.0243855	0
7	43	-0.0335892	1
7	44	0.0145601	0
7	45	-0.00496885	1
7	46	-0.000491554	0
7	47	-0.0128145	1
7	48	-0.00154418	1
7	49	0.000937919	1
7	50	0.0171154	1
7	51	0.0110863	1
7	52	-0.00155734	1
7	53	0.00867229	0
7	54	-0.0301682	0
7	55	-0.00862669	0
7	56	0.0100287	0
7	57	-0.000509373	1
7	58	-0.0279734	1
7	59	-0.00838778	0
7	60	-0.00742866	1
7	61	-0.00112494	0
7	62	0.0236789	0
7	63	-0.0117738	1
7	64	0.0126432	1
7	65	0.0151319	0
7	66	0.00679063	1
7	67	-0.0105962	0
7	68	0.0064302	1
7	69	0.0203758	1
7	70	0.0111046	1
7	71	-0.0101242	1
7	72	-0.00326933	1
7	73	-0.0306389	1
7	74	-0.0294545	0
7	75	0.0397702	1
7	76	-0.0099525	0
7	77	0.000742999	0
7	78	-0.00328997	0
7	79	-0.00859733	0
7	80	-0.028962	1
7	81	0.0193559	0
7	82	0.0204286	1
7	83	0.0294257	0
7	84	0.0147283	0
7	85	-0.0191315	0
7	86	0.00765703	0
7	87	0.00824531	1
7	88	0.0122037	1
7	89	0.0203461	1
7	90	-0.00442394	1
7	91	0.0175721	0
7	92	0.0268971	1
7	93	0.00403391	0
7	94	0.00807055	1
7	95	0.0045008	0
7	96	0.00272862	0
7	97	0.026944	1
7	98	-0.00493391	0
7	99	-0.00638121	1
8	0	0.0182605	1
8	1	-0.0303366	0
8	2	0.0204071	0
8	3	0.0151465	0
8	4	0.0350005	1
8	5	-0.00980301	1
8	6	-0.00257718	1
8	7	-0.0179014	1
8	8	0.0258632	1
8	9	-0.0063887	1
8	10	0.00238956	0
8	11	0.0120804	1
8	12	0.0207983	0
8	13	-0.0141734	1
8	14	-0.0222312	1
8	15	0.00783928	1
8	16	0.0093201	0
8	17	-0.00793313	1
8	18	-0.00228951	0
8	19	0.0302681	1
8	20	-0.0251189	1
8	21	-0.000821012	0
8	22	-0.0166199	0
8	23	0.0239286	0
8	24	-0.00228644	0
8	25	0.0251366	0
8	26	0.0209346	1
8	27	-0.00239986	0
8	28	0.00652248	0
8	29	-0.00700313	0
8	30	0.00855687	1
8	31	-0.0169972	1
8	32	0.0122794	0
8	33	-0.0199071	1
8	34	0.0071952	0
8	35	-0.0108475	1
8	36	-0.0252062	1
8	37	0.0110948	1
8	38	0.0179805	1
8	39	-0.00669906	1
8	40	-0.0141042	1
8	41	-0.0117213	1
8	42	0.00726547	0
8	43	0.00150774	0
8	44	0.00970724	0
8	45	0.00657212	0
8	46	-0.00457801	1
8	47	0.00556902	1
8	48	-0.000622758	1
8	49	0.00696439	0
8	50	-0.0164507	1
8	51	-0.0294864	0
8	52	0.0166341	1
8	53	0.00285605	1
8	54	0.0091823	0
8	55	-0.0186695	1
8	56	-0.00402836	1
8	57	-0.0160568	0
8	58	0.00560472	0
8	59	0.00859266	1
8	60	0.0232259	1
8	61	0.00500062	0
8	62	-0.0177812	0
8	63	0.00051687	1
8	64	0.00225618	1
8	65	0.00108881	1
8	66	0.018836	1
8	67	0.0172856	1
8	68	-0.0220588	0
8	69	-0.00866683	1
8	70	0.0166827	1
8	71	0.00921902	1
8	72	-0.00847041	1
8	73	0.0051175	1
8	74	-0.0181709	0
8	75	0.00157324	1
8	76	0.00481501	0
8	77	0.0149248	1
8	78	-8.46542e-05	0
8	79	-0.0138382	1
8	80	0.00330788	1
8	81	-0.00138183	0
8	82	-0.00708888	0
8	83	-0.00598488	0
8	84	-0.00326934	0
8	85	0.0133588	0
8	86	-0.00721976	0
8	87	0.0217501	0
8	88	-0.00898629	1
8	89	-0.0115106	0
8	90	0.00479921	1
8	91	-0.000203121	0
8	92	0.0308764	0
8	93	-0.017908	1
8	94	0.00515902	1
8	95	-0.0299019	1
8	96	-0.0355187	1
8	97	-0.00152587	0
8	98	-0.01509	0
8	99	-0.0133336	1
9	0	-0.0192777	1
9	1	0.0189003	0
9	2	-0.0246806	0
9	3	0.00828701	1
9	4	-0.0160981	0
9	5	-0.0343731	0
9	6	-0.0207531	0
9	7	0.00493961	1
9	8	-0.0203716	1
9	9	-0.0189154	0
9	10	0.013116	1
9	11	0.00175368	0
9	12	-0.0106219	1
9	13	-0.000492999	1
9	14	0.00107098	0
9	15	0.0042233	1
9	16	-0.000747644	1
9	17	-0.0294046	0
9	18	-3.97986e-05	1
9	19	-0.00270199	0
9	20	-0.00192268	1
9	21	-0.00845766	0
9	22	0.0221074	1
9	23	0.0157107	0
9	24	-0.0285663	1
9	25	-0.00573169	1
9	26	-0.00489503	1
9	27	-0.0223776	0
9	28	-0.00943921	1
9	29	0.0264555	0
9	30	-0.00456665	0
9	31	0.00490357	1
9	32	-0.00444108	1
9	33	-0.00620642	0
9	34	0.0102197	1
9	35	0.00301566	0
9	36	0.0144543	0
9	37	-0.00465054	1
9	38	0.0185869	1
9	39	0.00107699	1
9	40	-0.00314222	0
9	41	0.0191335	1
9	42	0.00424855	1
9	43	0.0214793	0
9	44	0.0191204	0
9	45	-0.00184517	1
9	46	0.00681586	0
9	47	0.0134465	0
9	48	0.00966735	1
9	49	0.00734779	1
9	50	-0.0106431	0
9	51	0.0293814	1
9	52	-0.0194229	0
9	53	0.0156697	0
9	54	-0.0231171	0
9	55	0.00845041	0
9	56	0.00625241	0
9	57	-0.0222498	1
9	58	0.00750608	1
9	59	-0.0282831	1
9	60	-0.00974343	1
9	61	0.00541032	0
9	62	0.0062198	1
9	63	0.010479	1
9	64	-0.00179633	0
9	65	-0.0131678	0
9	66	0.00293837	1
9	67	-0.00567198	0
9	68	0.00706676	0
9	69	-0.0155831	1
9	70	-0.0205568	0
9	71	0.00958692	1
9	72	0.00185465	0
9	73	-0.0109639	1
9	74	0.00980021	1
9	75	0.00761224	0
9	76	0.00702125	1
9	77	0.0119635	1
9	78	0.00884362	0
9	79	0.0083851	0
9	80	0.0155966	1
9	81	0.00843956	0
9	82	0.00254852	1
9	83	0.0156037	1
9	84	0.00463702	0
9	85	0.00257806	1
9	86	0.0015532	1
9	87	-0.0133307	0
9	88	-0.00403731	1
9	89	0.00804896	0
9	90	-0.0108653	1
9	91	0.00963521	0
9	92	-0.0129703	1
9	93	0.0252722	1
9	94	0.0090903	1
9	95	0.00873736	0
9	96	-0.0235313	1
9	97	-0.00542144	1
9	98	0.0231519	0
9	99	-0.0133386	1
10	0	0.0107277	1
10	1	-0.00122812	0
10	2	0.0048919	0
10	3	-0.015277	1
10	4	-0.0295974	0
10	5	-0.025638	1
10	6	-0.0281729	0
10	7	0.00956453	1
10	8	-0.0172686	1
10	9	0.00433842	1
10	10	0.0206507	0
10	11	0.0143665	1
10	12	-0.009945	1
10	13	0.0142052	0
10	14	0.00772673	0
10	15	0.0182689	0
10	16	0.0198328	1
10	17	-0.0117491	0
10	18	0.00116155	0
10	19	-0.00781555	0
10	20	-0.0142035	0
10	21	-0.0301989	1
10	22	0.00673648	1
10	23	-0.00910726	0
10	24	-0.00689593	1
10	25	0.0117495	1
10	26	0.000827709	1
10	27	-0.00391086	0
10	28	-0.0150299	1
10	29	-0.00540607	0
10	30	0.0157787	0
10	31	0.00769164	0
10	32	-0.010674	1
10	33	0.00114364	1
10	34	0.00935852	0
10	35	-0.00723036	0
10	36	-0.00578189	1
10	37	-0.013162	1
10	38	0.0109102	1
10	39	-0.00104559	0
10	40	0.0194981	1
10	41	-0.00790713	0
10	42	-0.00177549	1
10	43	-0.00302365	1
10	44	-0.0143605	0
10	45	-0.0166087	0
10	46	0.00760912	1
10	47	0.0291734	1
10	48	0.0076729	1
10	49	0.00065861	0
10	50	0.000466806	0
10	51	-0.0143254	1
10	52	-0.0380988	1
10	53	0.0144154	0
10	54	0.0131794	1
10	55	-0.0136223	1
10	56	-0.0071277	1
10	57	0.0223756	1
10	58	0.0128811	1
10	59	0.00727496	0
10	60	0.00436786	0
10	61	-0.00912701	1
10	62	-0.0180639	1
10	63	-0.00584422	0
10	64	0.0131035	1
10	65	-8.32953e-05	1
10	66	0.0081754	1
10	67	0.0152456	0
10	68	0.00153233	0
10	69	-0.0249148	0
10	70	-0.00698449	0
10	71	0.0154625	1
10	72	0.00396394	1
10	73	0.0254156	0
10	74	0.00330827	0
10	75	-0.0129824	1
10	76	0.0108087	0
10	77	0.0211496	1
10	78	0.0205243	1
10	79	0.0292911	1
10	80	-0.00541679	0
10	81	0.00170255	1
10	82	0.0138196	1
10	83	-0.011035	0
10	84	-0.0127742	0
10	85	0.00183646	1
10	86	0.0174983	1
10	87	0.0246702	0
10	88	0.00273095	1
10	89	0.0177639	0
10	90	-0.0270559	0
10	91	-0.0198528	1
10	92	-0.0212631	1
10	93	0.0098177	0
10	94	0.00660227	1
10	95	-0.0181497	1
10	96	-0.00668381	1
10	97	0.00235631	0
10	98	0.0126917	0
10	99	-0.0225562	0
11	0	0.00433075	0
11	1	-0.00254739	1
11	2	0.0136038	1
11	3	-0.000355003	1
11	4	0.0170811	0
11	5	-0.00858762	1
11	6	-0.00957446	1
11	7	0.00557669	1
11	8	0.0176347	1
11	9	-0.00810364	1
11	10	0.000260607	1
11	11	-0.021077	1
11	12	0.00468604	1
11	13	-0.0117169	1
11	14	0.017829	0
11	15	0.0167599	0
11	16	0.0218927	1
11	17	0.0304796	1
11	18	-0.0103442	1
11	19	-0.0123693	1
11	20	0.00451683	1
11	21	0.00201502	1
11	22	0.0235015	0
11	23	0.0053357	1
11	24	-0.00885238	0
11	25	0.00576107	1
11	26	0.019636	1
11	27	0.00431401	1
11	28	-0.00811542	1
11	29	-0.00280792	0
11	30	-0.00573452	1
11	31	-0.00748171	0
11	32	0.00218544	1
11	33	-0.0076638	0
11	34	-0.00344792	0
11	35	-0.00113199	1
11	36	-0.0415986	0
11	37	0.0193144	1
11	38	-0.0170693	0
11	39	0.00476603	1
11	40	-0.00151085	1
11	41	-0.00471489	1
11	42	0.0110333	0
11	43	-0.0189506	0
11	44	0.000281548	0
11	45	-0.00758817	1
11	46	0.00613594	0
11	47	-0.00447077	0
11	48	0.00809712	1
11	49	-0.00467074	0
11	50	0.0287946	1
11	51	-0.0271442	1
11	52	0.00321382	0
11	53	-0.000917651	1
11	54	-0.00735834	1
11	55	0.000485444	0
11	56	0.0110352	0
11	57	-0.00719309	0
11	58	-0.00804318	1
11	59	-0.00111806	1
11	60	-0.00257798	0
11	61	-0.0225866	0
11	62	0.0178028	1
11	63	-0.00533593	1
11	64	-0.000170161	1
11	65	-0.014579	1
11	66	0.00946759	0
11	67	-0.0111391	0
11	68	0.0160781	0
11	69	0.00829212	1
11	70	0.011664	0
11	71	0.0019652	1
11	72	-0.0113623	0
11	73	0.0151323	1
11	74	0.00545532	0
11	75	0.0197526	1
11	76	0.00837542	1
11	77	0.0119739	0
11	78	-0.00579234	0
11	79	-0.00920738	0
11	80	-0.00684428	0
11	81	-0.03426	0
11	82	0.00110482	1
11	83	0.00360882	0
11	84	0.00799848	0
11	85	0.00460986	1
11	86	0.00774931	0
11	87	0.00620363	0
11	88	-0.0025234	0
11	89	0.0118043	0
11	90	0.00202033	0
11	91	-0.0150013	1
11	92	-0.00318181	0
11	93	0.0212833	1
11	94	0.0139684	0
11	95	-0.0182862	0
11	96	-0.0139729	0
11	97	-0.0405555	0
11	98	-0.00789701	1
11	99	-0.00933556	1
12	0	-0.00805616	0
12	1	-0.00504225	1
12	2	-0.0051921	1
12	3	0.026654	1
12	4	-0.0272708	0
12	5	0.0235042	1
12	6	-0.00713265	1
12	7	-0.0152604	0
12	8	-0.0238506	1
12	9	-0.0257796	0
12	10	-0.0286919	1
12	11	-0.0048225	1
12	12	0.00877492	1
12	13	0.00865716	1
12	14	-0.00720187	1
12	15	-0.0033724	1
12	16	0.038292	1
12	17	-0.0167891	1
12	18	0.00175235	0
12	19	-0.0197245	1
12	20	0.0268871	1
12	21	0.00487513	1
12	22	-0.0114507	0
12	23	0.0120109	1
12	24	0.00425026	1
12	25	0.00223024	0
12	26	0.0265547	1
12	27	0.00384079	0
12	28	0.0125462	0
12	29	0.000386918	1
12	30	0.0204594	0
12	31	0.0167262	0
12	32	-0.0175487	1
12	33	-0.0262725	1
12	34	-0.00825989	0
12	35	0.0133131	0
12	36	0.00205063	1
12	37	-0.0125078	1
12	38	-0.000717324	1
12	39	-0.00289914	1
12	40	0.0104442	1
12	41	0.0188803	0
12	42	0.00745138	0
12	43	-0.00458753	0
12	44	-0.0102989	0
12	45	-0.0205268	0
12	46	0.00888073	1
12	47	-0.0128136	1
12	48	0.0202033	0
12	49	-0.0148584	0
12	50	0.00717791	0
12	51	-0.021004	1
12	52	-0.0274898	0
12	53	-0.0086915	0
12	54	0.0155992	1
12	55	0.00759386	1
12	56	0.00371971	1
12	57	0.00191852	1
12	58	0.0223867	0
12	59	0.0121423	0
12	60	-0.00273721	0
12	61	-0.00118815	0
12	62	-0.0132452	0
12	63	0.0148841	0
12	64	-0.00370728	1
12	65	-0.00174207	0
12	66	0.00657873	1
12	67	-0.000448905	1
12	68	0.00351056	0
12	69	-0.0198951	0
12	70	-0.0203942	1
12	71	0.0147318	1
12	72	-0.00546805	1
12	73	0.0026758	0
12	74	0.00036259	1
12	75	-0.000395711	0
12	76	-0.0100914	1
12	77	0.013609	0
12	78	0.000132096	1
12	79	-0.0076773	0
12	80	-0.012664	0
12	81	0.00200454	0
12	82	0.00820706	1
12	83	-0.0176636	0
12	84	-0.00239105	1
12	85	0.00127468	1
12	86	0.00980633	0
12	87	0.00100362	0
12	88	0.0268101	0
12	89	0.000178357	1
12	90	-0.00898075	1
12	91	0.029435	1
12	92	0.00191598	0
12	93	0.0077534	1
12	94	-0.0166504	0
12	95	-0.00909341	0
12	96	-0.00249084	1
12	97	0.00678239	1
12	98	0.0177756	0
12	99	-0.00455801	0
13	0	-0.0107288	1
13	1	-0.00616243	0
13	2	-0.0346575	0
13	3	0.0047813	1
13	4	0.0118929	0
13	5	-0.000241322	1
13	6	-0.0169318	0
13	7	0.000891083	0
13	8	-0.00660146	1
13	9	-0.0189836	0
13	10	-0.00214448	1
13	11	0.00929501	1
13	12	0.0101018	0
13	13	0.00937514	0
13	14	-0.0101345	1
13	15	-0.0101959	0
13	16	0.00404831	0
13	17	0.0129644	0
13	18	0.00426162	1
13	19	0.0173764	0
13	20	-0.0185398	1
13	21	0.00570646	1
13	22	-0.0075357	0
13	23	0.00673345	0
13	24	-0.00452524	0
13	25	0.00264966	0
13	26	-0.00831443	0
13	27	0.00437401	0
13	28	0.00113803	0
13	29	-0.00195472	0
13	30	0.00637266	0
13	31	0.00786357	0
13	32	-0.008265	1
13	33	0.00210618	0
13	34	0.0288199	1
13	35	-0.00963558	1
13	36	0.000591233	1
13	37	0.0117774	0
13	38	0.0054713	1
13	39	-0.0181679	0
13	40	-0.0182004	0
13	41	-0.033761	1
13	42	0.00487914	1
13	43	0.00666374	1
13	44	0.0143807	1
13	45	0.0198415	1
13	46	-0.00575331	1
13	47	0.00576531	1
13	48	0.00289801	1
13	49	-0.00104643	1
13	50	-0.00499089	0
13	51	0.0164016	0
13	52	-0.0151632	1
13	53	-0.00886639	0
13	54	0.0288169	1
13	55	0.0220536	0
13	56	0.0073862	1
13	57	0.0219568	1
13	58	-0.026035	0
13	59	0.00258398	0
13	60	0.00426902	1
13	61	-0.00159454	0
13	62	0.0144078	1
13	63	-0.0287607	0
13	64	-0.00368607	1
13	65	-0.0215169	1
13	66	-0.0262794	0
13	67	-0.0187456	0
13	68	-0.00207268	0
13	69	0.00263549	1
13	70	0.00588253	1
13	71	-0.00451203	1
13	72	0.0163566	1
13	73	-0.0045004	1
13	74	-0.00349449	0
13	75	-0.00183576	1
13	76	0.00057407	1
13	77	-0.0203228	1
13	78	0.000695372	1
13	79	0.0152422	0
13	80	0.00374754	1
13	81	0.00830099	1
13	82	0.000278841	0
13	83	0.0150872	0
13	84	0.0184981	0
13	85	-0.0258243	1
13	86	-0.00656379	0
13	87	0.0108921	0
13	88	-0.0103837	0
13	89	0.00737291	1
13	90	-0.00838478	0
13	91	0.00777753	1
13	92	0.00982052	0
13	93	0.0137406	1
13	94	-0.0204888	1
13	95	0.0184946	0
13	96	-0.00902944	0
13	97	0.00665	1
13	98	0.0117704	0
13	99	0.0108193	1
14	0	0.0130533	0
14	1	-0.0348436	0
14	2	-0.0104375	1
14	3	-0.0226417	1
14	4	-0.00161548	1
14	5	-0.000364003	0
14	6	0.010407	0
14	7	-0.00684138	1
14	8	-0.00206194	1
14	9	0.00551057	1
14	10	-0.0253587	1
14	11	-0.000381249	1
14	12	0.00472801	1
14	13	-0.000730398	0
14	14	-0.0032461	0
14	15	-0.00574459	1
14	16	0.00473001	1
14	17	0.0270927	1
14	18	-0.0162212	1
14	19	-0.00630459	0
14	20	0.0286183	0
14	21	-0.00250272	1
14	22	0.00195499	0
14	23	0.00405851	0
14	24	0.0227055	1
14	25	0.00107199	0
14	26	-0.00467081	1
14	27	0.0219335	1
14	28	-0.00398465	1
14	29	-0.0119737	1
14	30	0.0155587	1
14	31	-0.0239726	1
14	32	0.0161058	0
14	33	-0.00446136	0
14	34	-0.0070127	1
14	35	-0.00979858	0
14	36	-0.0141431	1
14	37	-0.00396874	1
14	38	0.0096649	0
14	39	-0.00873598	0
14	40	-0.00884839	0
14	41	-0.00718456	1
14	42	0.0188285	0
14	43	-0.0086355	1
14	44	0.00593505	0
14	45	0.0262716	0
14	46	0.0165236	1
14	47	0.00472024	1
14	48	-0.0249747	0
14	49	-0.0126912	0
14	50	0.0059461	1
14	51	-0.0296142	1
14	52	0.00366678	1
14	53	0.0221695	1
14	54	-0.0190687	1
14	55	-0.0166404	0
14	56	0.00315246	1
14	57	-0.0127316	0
14	58	-0.00932992	0
14	59	-0.000279628	1
14	60	0.0213391	1
14	61	0.0127815	1
14	62	0.00835128	0
14	63	-0.0256459	1
14	64	0.0042394	1
14	65	0.0213283	0
14	66	0.0318444	1
14	67	0.00502682	0
14	68	-0.00246598	1
14	69	0.0103799	1
14	70	-0.00767241	0
14	71	-0.00243054	0
14	72	-0.0193849	0
14	73	-0.0176133	1
14	74	0.0288181	1
14	75	0.0103503	0
14	76	-0.00216651	0
14	77	0.00670852	0
14	78	-0.000347693	1
14	79	-0.00263271	0
14	80	0.0163312	1
14	81	-0.00986695	0
14	82	0.00313882	0
14	83	0.00501517	1
14	84	-0.0105474	1
14	85	-0.0093615	0
14	86	-0.0108752	0
14	87	-0.00568094	0
14	88	0.00846871	1
14	89	-0.023518	1
14	90	0.0128586	1
14	91	0.00193673	0
14	92	-0.0113333	1
14	93	0.0149602	0
14	94	0.00206144	0
14	95	0.00410553	1
14	96	0.00674706	1
14	97	0.0222901	0
14	98	-0.00251394	1
14	99	-0.00741547	0
15	0	0.00381198	1
15	1	0.00614828	0
15	2	0.00543388	1
15	3	0.009496	0
15	4	0.00372629	0
15	5	-0.00177824	0
15	6	0.0292169	1
15	7	-0.00729836	1
15	8	-0.015296	1
15	9	-0.0167892	1
15	10	0.0086741	0
15	11	0.00905337	1
15	12	0.00500552	1
15	13	-0.0126385	1
15	14	0.00992474	1
15	15	0.0347999	1
15	16	0.00461102	1
15	17	-0.00568647	0
15	18	-0.0112926	1
15	19	-0.0106916	1
15	20	-0.00807326	0
15	21	0.00456473	0
15	22	-0.012998	0
15	23	-0.0202996	0
15	24	0.000743113	0
15	25	0.00568172	0
15	26	-0.0136643	1
15	27	-0.0246583	0
15	28	-0.00107134	0
15	29	0.00540466	0
15	30	0.0151376	0
15	31	0.00827289	1
15	32	-0.00139068	1
15	33	-0.0124673	1
15	34	0.000403212	1
15	35	0.000487526	1
15	36	-0.00539452	1
15	37	0.0101662	1
15	38	0.00954596	0
15	39	-0.00861389	1
15	40	0.00550294	1
15	41	0.0046975	0
15	42	-0.0137183	1
15	43	-0.00555222	0
15	44	-0.0123428	0
15	45	-0.00658855	0
15	46	-0.0208217	0
15	47	-0.00186482	0
15	48	0.00437325	1
15	49	0.0139244	0
15	50	0.0201955	1
15	51	-0.00305218	0
15	52	-0.000535863	1
15	53	0.0101517	1
15	54	-0.00245038	0
15	55	-0.00304181	1
15	56	-0.000660699	1
15	57	0.00145028	1
15	58	-0.00732198	1
15	59	-0.00931039	1
15	60	0.0108781	0
15	61	0.0114903	1
15	62	-0.0299963	0
15	63	-0.00171496	1
15	64	-0.0199515	0
15	65	0.0107726	1
15	66	-0.0167807	0
15	67	0.010479	0
15	68	0.00100567	1
15	69	0.0136244	0
15	70	0.0171418	0
15	71	-0.00434344	1
15	72	0.0057147	1
15	73	0.00712606	1
15	74	0.00381128	1
15	75	0.00720997	1
15	76	-0.0114279	1
15	77	0.000450268	0
15	78	-0.0180286	1
15	79	0.00777208	1
15	80	0.00747496	1
15	81	-0.0172043	1
15	82	0.0257291	1
15	83	-0.0131325	1
15	84	0.0066907	1
15	85	-0.00521382	0
15	86	-0.0100087	1
15	87	-0.00171143	1
15	88	-0.00400742	0
15	89	0.0279728	1
15	90	-0.000897507	1
15	91	-0.00420158	1
15	92	-0.00696383	1
15	93	0.0149108	0
15	94	0.00848035	1
15	95	0.00483044	0
15	96	0.0132066	0
15	97	0.00933447	1
15	98	-0.0170088	0
15	99	-0.0167547	0
16	0	-0.00189393	0
16	1	0.0316286	1
16	2	-0.0101277	1
16	3	0.00317892	0
16	4	-0.0121653	1
16	5	0.0055083	1
16	6	-0.00323243	1
16	7	-0.0143756	0
16	8	0.00482301	0
16	9	0.00860947	0
16	10	-0.0043017	0
16	11	-0.0387612	0
16	12	-0.00906795	1
16	13	-0.00395689	0
16	14	-0.0127421	1
16	15	-0.0266177	0
16	16	0.0200734	0
16	17	-0.0248683	0
16	18	0.000419554	0
16	19	-0.000271147	0
16	20	0.0141489	0
16	21	0.0214735	0
16	22	-0.00663778	1
16	23	0.00926863	1
16	24	-0.0114358	0
16	25	-0.0156638	0
16	26	0.0116263	0
16	27	0.00505826	0
16	28	0.0109882	1
16	29	-0.0213729	1
16	30	-0.011944	1
16	31	-0.00165783	1
16	32	-0.0364377	1
16	33	-0.000272793	1
16	34	0.0102733	0
16	35	0.0112124	0
16	36	0.00140343	0
16	37	-0.0127095	1
16	38	0.0099878	0
16	39	0.0201067	1
16	40	0.0218062	1
16	41	0.0260893	1
16	42	-0.00831205	0
16	43	-0.00966187	0
16	44	-0.00265939	0
16	45	0.016184	0
16	46	0.00928222	1
16	47	0.0162676	1
16	48	-0.0171897	0
16	49	-0.00121691	0
16	50	-0.00821248	1
16	51	0.0235348	1
16	52	-0.0251041	0
16	53	0.0100364	1
16	54	-0.00443186	0
16	55	0.0162535	1
16	56	-0.0120639	0
16	57	-0.0191487	0
16	58	-0.00731517	0
16	59	0.0071736	1
16	60	0.00946548	1
16	61	-0.00806833	1
16	62	0.00152805	0
16	63	0.0282844	1
16	64	-0.0229554	1
16	65	-0.000487979	1
16	66	-0.00251989	0
16	67	0.00995296	0
16	68	-0.00713892	1
16	69	-0.00821578	0
16	70	0.00398494	1
16	71	0.0123224	1
16	72	-0.0177185	0
16	73	0.00184175	1
16	74	0.00594018	1
16	75	-0.0123497	0
16	76	0.0323874	0
16	77	0.0292215	1
16	78	-0.0243577	0
16	79	-0.00628081	1
16	80	-0.00274619	1
16	81	0.00976283	0
16	82	0.00414554	1
16	83	-0.0102581	1
16	84	0.00693462	0
16	85	0.00734294	0
16	86	-0.00870862	0
16	87	0.00985013	1
16	88	0.00420577	1
16	89	0.00819294	0
16	90	0.004594	0
16	91	-0.00187709	0
16	92	0.00191172	0
16	93	-0.0167886	0
16	94	0.0200479	1
16	95	-0.00949258	1
16	96	-0.0120297	1
16	97	0.00311674	0
16	98	0.0205322	0
16	99	-0.0141584	0
17	0	0.013918	0
17	1	0.0120014	1
17	2	0.0061012	1
17	3	-0.00871705	1
17	4	-0.0056461	0
17	5	0.0228108	1
17	6	-0.0184083	1
17	7	0.00299092	0
17	8	-0.0171059	1
17	9	-0.00757637	1
17	10	-0.00514154	0
17	11	0.00624246	0
17	12	-0.00116578	1
17	13	-0.00198107	0
17	14	-0.0283503	1
17	15	0.0142303	1
17	16	-0.00251236	0
17	17	-0.00966521	1
17	18	0.0162801	1
17	19	0.00584137	1
17	20	-0.0168172	1
17	21	0.00326362	0
17	22	-0.0170251	0
17	23	-0.0343497	0
17	24	0.00154345	1
17	25	0.0210291	0
17	26	-0.00911567	1
17	27	-0.00849494	1
17	28	0.0144508	0
17	29	-0.00832965	1
17	30	-0.0234042	0
17	31	-0.0194617	0
17	32	0.00293571	1
17	33	-0.00135136	1
17	34	0.00294947	0
17	35	0.0273577	1
17	36	0.00896967	0
17	37	-0.0224171	0
17	38	-0.00840697	1
17	39	0.0103554	1
17	40	-0.00319538	1
17	41	-0.00730983	1
17	42	-0.0066657	0
17	43	-0.00567122	1
17	44	-0.00427845	1
17	45	0.0120833	0
17	46	0.0135386	0
17	47	0.00951631	1
17	48	0.0194759	1
17	49	-0.0135009	1
17	50	0.0242007	1
17	51	-0.00215602	0
17	52	0.0127382	1
17	53	0.00316653	0
17	54	-0.000743364	1
17	55	0.0137336	0
17	56	0.0105854	0
17	57	-0.007154	1
17	58	0.00128781	1
17	59	0.0166808	1
17	60	0.022157	0
17	61	0.00105289	0
17	62	-0.0264038	1
17	63	0.00600521	0
17	64	0.00284692	1
17	65	0.0227446	0
17	66	-0.0131769	0
17	67	-0.00509417	1
17	68	-0.00854286	0
17	69	-0.0156916	1
17	70	0.00598025	0
17	71	-0.00472228	0
17	72	0.00813002	0
17	73	0.00413479	0
17	74	0.0132163	1
17	75	-0.0119876	1
17	76	-0.00794921	0
17	77	-0.00474756	0
17	78	0.00431277	1
17	79	-0.00846733	1
17	80	0.0273264	0
17	81	0.0128457	0
17	82	0.00124929	0
17	83	0.00140815	1
17	84	-0.0116899	0
17	85	0.0035646	1
17	86	-0.010191	1
17	87	-0.00513387	0
17	88	0.00299065	0
17	89	-0.00307644	1
17	90	0.0226102	1
17	91	0.000777422	1
17	92	0.00976412	0
17	93	-0.0190026	0
17	94	0.00174762	0
17	95	-0.021866	1
17	96	0.0146328	0
17	97	0.00806113	1
17	98	-0.0108975	0
17	99	-0.0130782	1
18	0	-0.00614494	1
18	1	0.0121166	0
18	2	-0.0124969	0
18	3	-0.0111309	0
18	4	0.00558986	1
18	5	-0.00798472	0
18	6	0.00318465	0
18	7	-0.00187177	0
18	8	0.00480378	0
18	9	0.00483617	1
18	10	0.0164002	1
18	11	0.0141017	1
18	12	-0.00176451	1
18	13	-0.00740752	1
18	14	-0.00814753	0
18	15	0.0176818	0
18	16	0.0248006	1
18	17	0.0121304	1
18	18	0.00107863	0
18	19	0.00392117	0
18	20	-0.00515767	0
18	21	-0.0106449	1
18	22	0.00439861	1
18	23	-0.00639181	0
18	24	-0.00113667	0
18	25	0.00931436	0
18	26	-0.0102667	1
18	27	-0.00406542	1
18	28	0.00727943	0
18	29	0.00341274	0
18	30	-0.00784948	0
18	31	0.0102063	0
18	32	-0.00787964	1
18	33	-0.0137571	1
18	34	-0.0186655	1
18	35	0.0075935	0
18	36	-0.00447992	1
18	37	0.0104735	0
18	38	-0.0170933	1
18	39	-0.00265828	1
18	40	0.0330799	1
18	41	0.0171861	0
18	42	0.00601946	0
18	43	-0.0112797	1
18	44	-0.0236661	0
18	45	-0.0111107	0
18	46	0.00567189	1
18	47	-0.00267715	1
18	48	-0.0151752	1
18	49	0.00310596	1
18	50	-0.00429172	0
18	51	-0.0351543	0
18	52	0.000857068	0
18	53	0.0130719	0
18	54	-0.0050201	1
18	55	-0.0159903	0
18	56	0.0158711	0
18	57	-0.00647453	1
18	58	0.00420021	0
18	59	-0.000395869	0
18	60	-0.00109521	0
18	61	-0.0144904	0
18	62	0.00956317	0
18	63	0.0183908	1
18	64	0.00337988	0
18	65	-0.00875293	1
18	66	-0.0129696	1
18	67	0.0168946	0
18	68	0.00850933	0
18	69	0.000852808	0
18	70	0.00224713	0
18	71	0.0066254	1
18	72	0.000611767	0
18	73	-0.00904734	1
18	74	-0.0314564	0
18	75	0.0170426	0
18	76	-4.03545e-05	0
18	77	0.0046284	1
18	78	0.00245744	1
18	79	-0.0024484	1
18	80	0.00157027	1
18	81	0.0118703	1
18	82	-0.0237565	1
18	83	-0.00178347	0
18	84	0.00130417	0
18	85	-0.00589061	1
18	86	0.00438959	0
18	87	0.0220446	1
18	88	0.00132983	0
18	89	0.0169111	0
18	90	-0.000841659	0
18	91	-0.0045362	0
18	92	0.00275007	1
18	93	0.0130082	0
18	94	-0.0131446	0
18	95	-0.0164954	0
18	96	-0.000532774	0
18	97	0.00709125	0
18	98	-0.00178773	1
18	99	0.0014401	1
19	0	-0.00808242	1
19	1	-0.0293058	0
19	2	0.023123	0
19	3	0.0152379	0
19	4	-0.0191321	0
19	5	0.020069	0
19	6	-0.0283411	1
19	7	0.0176387	0
19	8	0.00872499	0
19	9	-0.0192469	0
19	10	-0.00177463	1
19	11	-0.00245199	1
19	12	0.0142506	1
19	13	-0.0256613	0
19	14	-0.0286905	1
19	15	-0.0115747	0
19	16	-0.00358052	0
19	17	-0.0290848	1
19	18	-0.0170842	0
19	19	-0.0122964	1
19	20	-0.010817	1
19	21	-0.00930044	1
19	22	0.00637814	0
19	23	-0.00999098	1
19	24	-0.00602997	1
19	25	-0.000627348	1
19	26	0.0030959	1
19	27	-0.0398802	0
19	28	0.00901238	1
19	29	0.0230324	1
19	30	0.000618134	0
19	31	-0.00776454	1
19	32	-0.0428115	0
19	33	0.0375758	1
19	34	-0.00712435	0
19	35	0.00221896	1
19	36	0.0126901	0
19	37	0.00407397	1
19	38	-0.0121694	1
19	39	0.0121055	1
19	40	-0.000547852	1
19	41	0.022921	1
19	42	0.0184933	1
19	43	0.00277604	0
19	44	0.000580285	1
19	45	0.00331628	0
19	46	-0.00356029	1
19	47	0.00154058	1
19	48	0.00216159	1
19	49	0.0144486	1
19	50	-0.00502891	1
19	51	0.0245431	1
19	52	0.00173968	0
19	53	0.0249312	0
19	54	-0.000176255	1
19	55	-0.0042732	0
19	56	0.00423797	0
19	57	-0.00412715	0
19	58	0.00648732	0
19	59	-0.00472194	1
19	60	-0.00700368	1
19	61	-0.00551897	0
19	62	-0.0168915	0
19	63	0.00337799	0
19	64	0.0346746	1
19	65	0.00472725	0
19	66	-0.0158379	1
19	67	0.0324531	1
19	68	-0.0156149	0
19	69	0.0158604	0
19	70	-0.0013045	0
19	71	-0.00401771	1
19	72	-0.000633229	0
19	73	-0.00163596	0
19	74	0.00270767	0
19	75	0.00266379	0
19	76	0.0109251	0
19	77	-0.00127513	1
19	78	0.0145998	1
19	79	-0.028271	0
19	80	-0.00596837	0
19	81	0.0275498	0
19	82	0.00411496	1
19	83	0.00760403	0
19	84	-0.00499326	1
19	85	-0.0144484	1
19	86	0.0126765	1
19	87	0.00397762	1
19	88	-0.0146193	0
19	89	0.00295969	1
19	90	0.0139013	1
19	91	-0.00536504	1
19	92	-0.0173213	1
19	93	0.00143577	1
19	94	-0.00925378	1
19	95	0.0207137	0
19	96	0.00981155	1
19	97	0.0111988	0
19	98	0.00427124	0
19	99	-0.00499466	1
20	0	-0.0147247	1
20	1	-0.0155638	1
20	2	0.00489618	0
20	3	0.000682975	0
20	4	-0.00869962	1
20	5	-0.00475503	1
20	6	0.0167385	1
20	7	-0.0162087	0
20	8	0.00223875	0
20	9	-0.00260205	0
20	10	-0.00779618	1
20	11	0.00390146	0
20	12	0.00134948	0
20	13	-0.00612085	0
20	14	-0.00475661	0
20	15	-0.0170617	0
20	16	-0.0222125	1
20	17	-0.0294923	0
20	18	0.0267862	1
20	19	-0.00729362	0
20	20	0.0145915	0
20	21	0.0087049	0
20	22	-0.0208698	0
20	23	-0.0103336	0
20	24	0.0100192	0
20	25	-0.0187485	0
20	26	-0.0154647	0
20	27	-0.00348589	1
20	28	-0.00690601	1
20	29	-0.00901908	1
20	30	0.0110242	1
20	31	-0.00120633	0
20	32	0.0138346	0
20	33	-0.0133176	0
20	34	0.0127394	1
20	35	0.0174366	0
20	36	-0.00102899	0
20	37	0.0197672	1
20	38	-0.00179648	0
20	39	-0.0192027	1
20	40	-0.0142496	1
20	41	0.0146225	0
20	42	0.00140227	0
20	43	0.00510684	1
20	44	0.0295955	0
20	45	0.00221274	0
20	46	-0.0100157	1
20	47	-0.00275514	0
20	48	0.00943451	1
20	49	0.00748537	0
20	50	0.00758523	0
20	51	0.00383724	0
20	52	-0.000189778	0
20	53	-0.00479492	1
20	54	0.00238737	1
20	55	0.00718876	0
20	56	0.00684842	1
20	57	0.0387093	0
20	58	0.0184793	1
20	59	-0.0196778	1
20	60	0.000660366	1
20	61	0.00935897	0
20	62	-0.00237409	1
20	63	0.0263289	0
20	64	0.00519978	1
20	65	-0.0153926	0
20	66	-0.0279776	0
20	67	0.0100798	1
20	68	-0.00739518	0
20	69	0.00467058	0
20	70	0.00795834	1
20	71	-0.012101	1
20	72	-0.0140354	1
20	73	0.0103078	1
20	74	-0.00932383	0
20	75	0.0294675	1
20	76	0.0234749	1
20	77	-0.000243526	1
20	78	-0.00387074	0
20	79	-0.00379188	0
20	80	0.00148082	0
20	81	-0.00114955	0
20	82	0.0112631	0
20	83	0.00303446	0
20	84	0.00700599	1
20	85	0.00958138	1
20	86	-0.0153565	0
20	87	-0.00333604	0
20	88	-0.0195832	1
20	89	-0.00829084	0
20	90	-0.00329434	1
20	91	0.0197656	1
20	92	-0.000479308	1
20	93	-0.0262849	0
20	94	0.00996137	0
20	95	-0.0092949	1
20	96	0.0142646	1
20	97	0.0145607	0
20	98	-0.00635294	1
20	99	-0.0177528	1
21	0	0.00612177	1
21	1	0.0173694	0
21	2	0.0135065	1
21	3	0.00143465	0
21	4	-0.00699237	1
21	5	0.0112402	0
21	6	0.00696616	0
21	7	0.0285763	0
21	8	-0.0197207	0
21	9	-0.00865121	1
21	10	0.000676982	1
21	11	0.00453431	1
21	12	-0.00285837	1
21	13	-0.00242822	0
21	14	-0.0149453	1
21	15	-0.0158237	0
21	16	-0.00298671	0
21	17	0.00477986	0
21	18	-0.0256278	0
21	19	-0.0161513	0
21	20	-0.0165724	1
21	21	-0.00865484	0
21	22	0.00351034	0
21	23	0.0102686	1
21	24	-0.00534279	1
21	25	0.00820203	1
21	26	-0.00267431	1
21	27	0.0106368	0
21	28	0.00108908	1
21	29	0.0168212	0
21	30	0.00807404	1
21	31	-0.00223883	0
21	32	-0.000195121	0
21	33	0.00817283	1
21	34	0.01216	1
21	35	0.00850967	0
21	36	-0.0199921	1
21	37	-0.0127414	0
21	38	0.011249	0
21	39	0.0180927	1
21	40	0.0130628	0
21	41	0.000614315	0
21	42	0.0238153	0
21	43	-0.00157794	0
21	44	-0.0302354	1
21	45	-0.0285723	1
21	46	-0.0108872	0
21	47	0.0270215	0
21	48	0.00155491	0
21	49	0.00983548	1
21	50	0.00762524	0
21	51	0.00554556	1
21	52	0.0112066	0
21	53	-0.0241779	1
21	54	-0.000126131	1
21	55	0.00485329	1
21	56	-0.00937904	0
21	57	0.00849658	1
21	58	-0.0124136	1
21	59	-0.00666648	1
21	60	-0.0186184	1
21	61	0.00574916	0
21	62	0.000306606	0
21	63	-0.00156062	0
21	64	-0.00843688	1
21	65	0.00987628	1
21	66	0.0160969	1
21	67	0.0120528	0
21	68	-0.00875301	1
21	69	-0.0111311	1
21	70	0.0181143	1
21	71	-0.00484986	0
21	72	0.00309852	0
21	73	-0.0110823	0
21	74	-0.0113006	1
21	75	0.021718	0
21	76	0.00154426	0
21	77	-0.00339134	1
21	78	-0.0112972	1
21	79	0.0172676	1
21	80	-0.0123317	0
21	81	0.00536929	0
21	82	-0.00104466	0
21	83	-0.00355723	0
21	84	-0.0226241	0
21	85	-0.000585595	0
21	86	-0.00942411	1
21	87	-0.0202088	0
21	88	0.0110453	1
21	89	-0.00902287	0
21	90	0.00417018	1
21	91	0.00915085	0
21	92	-0.0120058	0
21	93	-0.00131988	0
21	94	0.00606472	0
21	95	0.00950145	0
21	96	0.000564788	1
21	97	0.00546993	1
21	98	0.00294876	0
21	99	0.00544546	0
22	0	0.0267921	0
22	1	-0.00481354	0
22	2	-0.0251406	1
22	3	-0.00124166	0
22	4	-0.00967626	0
22	5	0.0346179	1
22	6	-0.00420575	0
22	7	-0.0179101	1
22	8	0.0163024	1
22	9	0.0013601	1
22	10	-0.00824558	1
22	11	0.0103164	1
22	12	0.00632302	0
22	13	-0.0095204	0
22	14	-0.00862647	1
22	15	0.000675923	0
22	16	-0.024239	1
22	17	-0.00279562	1
22	18	-0.0100615	0
22	19	0.000536288	0
22	20	0.00517224	1
22	21	0.0153491	1
22	22	0.00900687	1
22	23	-0.00347031	1
22	24	0.00578602	0
22	25	-0.0238269	0
22	26	-0.00943578	0
22	27	0.0244466	1
22	28	-0.0209351	1
22	29	-0.0324317	1
22	30	-0.00911115	0
22	31	0.0137551	0
22	32	-0.00585411	0
22	33	-0.0105847	1
22	34	-0.0125179	0
22	35	0.0123497	1
22	36	-0.00414805	0
22	37	0.0132958	1
22	38	-0.0275309	0
22	39	0.0206572	0
22	40	0.00113255	0
22	41	0.00256647	1
22	42	0.0113045	0
22	43	-0.00886907	0
22	44	0.019621	1
22	45	0.0127931	0
22	46	-0.00960504	1
22	47	-0.00852726	1
22	48	0.00315312	0
22	49	-0.0171757	1
22	50	-0.0122684	0
22	51	-0.00548214	1
22	52	-0.00238963	0
22	53	-0.0067341	0
22	54	-0.00976725	0
22	55	0.0308992	1
22	56	-0.000631926	0
22	57	0.0148795	1
22	58	-0.00163013	0
22	59	-0.0228212	0
22	60	-0.0204959	0
22	61	0.00888173	0
22	62	0.0135167	0
22	63	-0.00473788	0
22	64	0.0117976	1
22	65	-0.0246599	0
22	66	-0.0162128	0
22	67	0.00467946	1
22	68	0.001593	0
22	69	-0.0176939	0
22	70	0.0188989	1
22	71	0.00896206	1
22	72	-0.00793666	0
22	73	0.005892	1
22	74	-0.0111149	0
22	75	0.0176629	0
22	76	0.00194831	0
22	77	-0.0221536	1
22	78	0.0162645	0
22	79	0.000925616	1
22	80	-0.0138731	0
22	81	-0.0300307	0
22	82	0.0262988	1
22	83	0.00210865	0
22	84	0.0234503	1
22	85	-0.00819539	0
22	86	0.0141584	1
22	87	0.0264599	0
22	88	-0.00456793	1
22	89	-0.0204716	1
22	90	0.00558033	0
22	91	0.0149825	0
22	92	0.0190415	0
22	93	-0.0176921	1
22	94	-0.00960538	0
22	95	0.00411127	1
22	96	0.0184059	1
22	97	0.0195428	1
22	98	0.00971138	0
22	99	0.0137001	1
23	0	0.0238993	1
23	1	0.00391226	1
23	2	-0.0143558	1
23	3	0.00583792	1
23	4	-0.0309781	0
23	5	-0.00583076	0
23	6	0.00780417	0
23	7	-0.0334822	1
23	8	0.00277968	0
23	9	0.00734508	1
23	10	0.0109313	1
23	11	-0.0115296	0
23	12	0.00664161	1
23	13	-0.0147399	1
23	14	-0.00269499	1
23	15	-0.0302792	1
23	16	0.0132572	1
23	17	0.00454854	0
23	18	0.00990724	1
23	19	0.0195425	0
23	20	0.00209246	0
23	21	-0.022918	0
23	22	0.0110579	1
23	23	0.00873062	0
23	24	-0.0101958	0
23	25	-0.00930373	0
23	26	0.00165984	0
23	27	0.000207732	1
23	28	0.000197506	0
23	29	0.0109198	1
23	30	-0.00564689	0
23	31	-0.00771628	1
23	32	0.0188332	0
23	33	0.00331069	1
23	34	0.0188698	0
23	35	0.014759	1
23	36	0.00361385	0
23	37	-0.0160621	1
23	38	-0.0122299	1
23	39	-0.0226499	0
23	40	0.00229494	1
23	41	0.0101643	0
23	42	-0.00696157	0
23	43	0.00631521	0
23	44	0.00194293	1
23	45	0.00620974	0
23	46	-0.0148603	0
23	47	0.00810679	1
23	48	-0.0163906	1
23	49	-0.00793357	0
23	50	0.00529491	0
23	51	0.00407326	0
23	52	0.0101328	0
23	53	-0.000674028	1
23	54	0.00541529	1
23	55	0.0078425	1
23	56	-0.0170938	0
23	57	0.00260596	1
23	58	-0.0142736	1
23	59	0.0127529	1
23	60	-0.0074004	1
23	61	0.00869495	1
23	62	-0.00814244	1
23	63	0.0107344	0
23	64	-0.00296374	1
23	65	-0.0034224	1
23	66	-0.0127139	0
23	67	-0.00264464	0
23	68	0.00544443	1
23	69	0.0182807	0
23	70	-0.00691768	1
23	71	0.00207927	0
23	72	-0.00170715	0
23	73	0.00240138	1
23	74	0.0096982	1
23	75	-0.0326148	1
23	76	-0.0069962	0
23	77	-7.07881e-05	1
23	78	-0.0223182	0
23	79	0.0252701	1
23	80	-0.0106534	1
23	81	0.0219482	1
23	82	0.0126089	1
23	83	0.000721536	0
23	84	0.0076462	0
23	85	-0.00327851	0
23	86	0.0112666	1
23	87	0.00246943	0
23	88	0.0237506	0
23	89	0.00147229	0
23	90	-0.0230917	0
23	91	-0.0162398	0
23	92	-0.00508427	0
23	93	0.00470722	0
23	94	0.0320049	1
23	95	-0.0159081	1
23	96	0.0277889	0
23	97	-0.00944872	1
23	98	0.00590445	1
23	99	-0.00828555	0
24	0	-0.0187047	0
24	1	0.0126786	1
24	2	0.000154235	0
24	3	-0.0149456	0
24	4	-0.00561969	0
24	5	-0.0232527	1
24	6	-0.00614513	1
24	7	-0.01299	0
24	8	0.00168329	1
24	9	0.00155521	0
24	10	0.0309795	0
24	11	0.0450079	1
24	12	-0.0105572	0
24	13	0.000123907	1
24	14	0.0323328	1
24	15	0.01108	1
24	16	0.0150472	1
24	17	0.00350153	1
24	18	0.0152772	0
24	19	-0.0167518	1
24	20	0.00269219	0
24	21	0.0102042	0
24	22	-0.0152542	0
24	23	0.0104698	0
24	24	-0.0186378	0
24	25	-0.00934653	1
24	26	-0.00775121	1
24	27	-0.00994582	1
24	28	-0.0365083	0
24	29	0.00286002	0
24	30	0.00432673	1
24	31	0.0178124	0
24	32	-0.0085402	0
24	33	-0.00502201	1
24	34	0.0158376	0
24	35	0.00227335	1
24	36	0.00167524	0
24	37	0.040984	1
24	38	0.00952223	1
24	39	-0.0104412	1
24	40	-0.00633355	0
24	41	0.00230519	1
24	42	-0.00877889	0
24	43	0.00348782	1
24	44	-0.00797528	1
24	45	0.0122256	0
24	46	-0.00308351	1
24	47	0.00443825	0
24	48	-0.00827509	0
24	49	-0.01164	1
24	50	0.00717897	0
24	51	0.00507204	1
24	52	-0.0115273	1
24	53	-0.00738501	0
24	54	-0.00368661	1
24	55	0.0182546	1
24	56	-0.00733967	1
24	57	-0.00254287	1
24	58	0.0188756	1
24	59	-0.00861588	0
24	60	-0.007289	1
24	61	0.00135578	0
24	62	0.00401864	1
24	63	-0.00270142	1
24	64	0.0097415	0
24	65	0.00342552	1
24	66	-0.00593624	0
24	67	0.00902866	0
24	68	-0.0238899	0
24	69	-0.0209557	1
24	70	-0.00799493	1
24	71	-0.00209986	0
24	72	-0.0192628	1
24	73	-0.00713157	0
24	74	0.003852	0
24	75	-0.018814	1
24	76	0.00955131	0
24	77	-0.0166703	0
24	78	-0.0169189	0
24	79	-0.0031711	0
24	80	0.0152544	0
24	81	0.0109039	0
24	82	0.00696203	1
24	83	0.0033397	0
24	84	0.0156082	0
24	85	-0.0285565	1
24	86	-0.0118646	1
24	87	0.000193386	0
24	88	0.0110031	1
24	89	0.00973341	1
24	90	0.00729843	0
24	91	-0.0212538	0
24	92	0.0016641	1
24	93	0.0268174	0
24	94	-0.0167293	1
24	95	-0.00212226	1
24	96	0.0168462	1
24	97	0.0108146	1
24	98	0.00469463	1
24	99	0.00893556	0
25	0	0.00574246	1
25	1	-0.0151294	0
25	2	0.014041	1
25	3	-0.020531	0
25	4	-0.0118464	0
25	5	0.0149569	1
25	6	-0.0172068	1
25	7	-0.0214412	0
25	8	0.00150451	1
25	9	0.0223589	1
25	10	0.00572539	1
25	11	0.0309896	1
25	12	-0.00709954	1
25	13	-0.0188414	0
25	14	-0.0114779	0
25	15	0.0129076	0
25	16	-0.00834297	1
25	17	0.00949074	0
25	18	-0.00283088	1
25	19	-0.00479284	0
25	20	-0.00526351	0
25	21	0.0139392	1
25	22	-0.00847802	0
25	23	0.0307131	1
25	24	0.0439462	1
25	25	0.014547	1
25	26	0.00812265	1
25	27	-0.0240816	0
25	28	-0.0077451	1
25	29	-0.00149917	0
25	30	-0.015553	0
25	31	-0.0105696	0
25	32	-0.0136401	1
25	33	-0.0371438	0
25	34	0.0139776	1
25	35	0.0125136	1
25	36	-0.0122098	1
25	37	0.00724593	1
25	38	0.00758394	1
25	39	-0.00842477	1
25	40	0.0168452	0
25	41	0.0173753	0
25	42	-0.0216681	1
25	43	0.0122721	1
25	44	-0.00118926	1
25	45	0.0189477	1
25	46	0.00408368	1
25	47	0.0072042	1
25	48	-0.00685321	1
25	49	0.00766575	1
25	50	0.0177275	0
25	51	0.00653617	0
25	52	0.0279921	0
25	53	0.00636528	1
25	54	0.0158492	0
25	55	-0.0198784	0
25	56	-0.0314873	0
25	57	-0.000735594	0
25	58	0.0247429	1
25	59	0.00508338	0
25	60	0.0232486	1
25	61	0.0166171	0
25	62	-0.00192802	0
25	63	-0.00415141	1
25	64	-0.00604098	1
25	65	-0.0236033	1
25	66	0.0121698	1
25	67	-0.00952834	0
25	68	0.0124861	0
25	69	-0.00999182	1
25	70	0.00313473	0
25	71	-0.027373	1
25	72	-0.00552321	0
25	73	-0.0251514	1
25	74	0.0104167	1
25	75	0.0266274	0
25	76	-0.0071583	1
25	77	0.000571102	0
25	78	-0.0150363	0
25	79	-0.0218827	1
25	80	-0.00455999	0
25	81	-0.00602216	0
25	82	0.00908109	1
25	83	0.0120934	0
25	84	-0.00759575	1
25	85	-0.00137947	1
25	86	-0.00163219	1
25	87	-0.00959362	0
25	88	0.00686012	1
25	89	0.00626818	1
25	90	-0.0223092	0
25	91	-0.0060989	1
25	92	-0.0269792	1
25	93	0.0139699	1
25	94	0.0027289	1
25	95	-0.00335382	1
25	96	0.00688713	0
25	97	-0.0109801	0
25	98	0.0153946	0
25	99	-0.0137178	1
26	0	-0.00340696	1
26	1	0.0178884	0
26	2	0.0239945	0
26	3	-0.00125362	1
26	4	0.00688839	1
26	5	-0.0210082	1
26	6	0.0277093	1
26	7	-0.0209839	1
26	8	-0.019824	1
26	9	-0.0184492	1
26	10	-0.0128341	0
26	11	0.020547	0
26	12	0.0040829	0
26	13	0.00432942	0
26	14	-0.0127258	1
26	15	0.000727957	1
26	16	0.000162365	1
26	17	0.00453936	0
26	18	0.00752819	0
26	19	-0.0123873	1
26	20	-0.013334	1
26	21	-0.000492588	1
26	22	-0.000193877	1
26	23	-0.0101296	1
26	24	-0.017734	0
26	25	0.0127898	1
26	26	-0.00457785	0
26	27	-0.0263902	1
26	28	-0.00137386	0
26	29	0.012118	1
26	30	-0.0158446	0
26	31	-0.0228906	1
26	32	0.0094938	0
26	33	0.0220178	1
26	34	0.0021498	0
26	35	0.00751909	1
26	36	0.0142167	0
26	37	0.0185483	1
26	38	-0.00181074	1
26	39	-0.00233976	1
26	40	0.0119845	1
26	41	-0.0136647	1
26	42	-0.021434	1
26	43	-0.00541431	0
26	44	0.0117574	1
26	45	0.0172555	1
26	46	-0.00812363	0
26	47	-0.000804204	1
26	48	0.00988652	0
26	49	-0.00450348	1
26	50	0.0146104	1
26	51	-0.0186466	0
26	52	-0.021843	1
26	53	-0.0145307	0
26	54	0.0132176	1
26	55	-0.00473015	0
26	56	-0.00860373	0
26	57	-0.00497328	1
26	58	0.0208914	0
26	59	-0.00279011	1
26	60	-0.000855396	0
26	61	0.0185841	0
26	62	-0.010698	1
26	63	0.0163323	1
26	64	-0.00858539	0
26	65	0.0204908	1
26	66	0.00507575	0
26	67	-0.0272682	0
26	68	0.0106362	1
26	69	0.00403977	0
26	70	-0.00782061	1
26	71	-0.0055768	0
26	72	-0.00811117	1
26	73	0.015726	0
26	74	0.0219976	1
26	75	0.0157488	1
26	76	0.0143537	1
26	77	0.00249048	1
26	78	-0.0100801	1
26	79	-0.00574238	1
26	80	0.0229693	1
26	81	-0.00173766	1
26	82	0.00350675	0
26	83	0.00600369	0
26	84	-0.0108294	0
26	85	0.0221507	1
26	86	0.000136964	1
26	87	-0.0125947	1
26	88	-0.00876015	1
26	89	-0.00613436	0
26	90	-0.0134923	1
26	91	0.00994194	1
26	92	0.0199553	1
26	93	-0.00170462	0
26	94	-0.0150047	0
26	95	0.0166829	1
26	96	-0.0204408	0
26	97	-0.0251164	0
26	98	0.00522793	1
26	99	0.00169391	1
27	0	-0.00374112	0
27	1	-0.00987917	1
27	2	0.013154	1
27	3	-0.0048133	1
27	4	-0.00951581	1
27	5	-0.00606255	0
27	6	-0.0175656	1
27	7	-0.0128987	0
27	8	0.016393	1
27	9	-0.00530172	0
27	10	-0.00796247	0
27	11	-0.00296439	0
27	12	-0.00160395	1
27	13	0.00106163	1
27	14	-0.0123774	0
27	15	0.0166711	0
27	16	-0.00502397	0
27	17	0.00577868	0
27	18	-0.00359667	0
27	19	-0.00448074	0
27	20	0.00541814	1
27	21	0.00330554	1
27	22	0.000781015	0
27	23	-0.00169255	0
27	24	0.0194895	1
27	25	-0.00449855	0
27	26	-0.0106795	1
27	27	-0.00305279	1
27	28	0.00534723	0
27	29	0.000733854	1
27	30	0.00702979	1
27	31	0.0145231	1
27	32	-0.014879	0
27	33	-0.0138754	0
27	34	0.00536238	1
27	35	0.0204713	1
27	36	0.037627	1
27	37	-0.0174188	0
27	38	-0.0115586	0
27	39	0.012966	1
27	40	-0.00517462	1
27	41	-0.0184828	0
27	42	-0.00505765	0
27	43	0.0104828	1
27	44	0.00742812	1
27	45	0.0169189	0
27	46	-0.00233841	0
27	47	-0.0160961	0
27	48	-0.0148339	0
27	49	0.0114847	1
27	50	-0.00978798	0
27	51	0.0085127	1
27	52	0.0192921	0
27	53	-0.00446218	1
27	54	0.00218665	1
27	55	0.00857157	0
27	56	-0.00347018	0
27	57	-0.013484	0
27	58	-0.00401392	0
27	59	-0.0151575	0
27	60	0.031539	0
27	61	0.00737904	0
27	62	0.00151764	1
27	63	0.0119203	0
27	64	0.0220602	0
27	65	0.000806759	1
27	66	0.00312928	1
27	67	-0.0195363	1
27	68	-0.0125013	1
27	69	-0.00603034	0
27	70	-0.00343262	0
27	71	0.0174423	0
27	72	-0.0250917	0
27	73	-0.00628239	1
27	74	0.0246491	1
27	75	-0.0162529	0
27	76	-0.00288881	1
27	77	0.0185306	0
27	78	0.00166584	1
27	79	0.00288206	0
27	80	-0.0393056	0
27	81	0.013661	0
27	82	-0.0262618	0
27	83	0.000226348	0
27	84	0.00790155	0
27	85	-0.0435608	0
27	86	0.0137161	0
27	87	0.00899142	1
27	88	0.00740106	0
27	89	-0.000171771	0
27	90	0.0165441	0
27	91	-0.0126453	0
27	92	-8.31436e-05	1
27	93	0.0144391	0
27	94	0.00430525	1
27	95	0.0201939	1
27	96	0.00634708	0
27	97	-0.00586016	0
27	98	-0.00314409	0
27	99	-0.00738903	0
28	0	-0.000765526	1
28	1	0.00991362	0
28	2	0.00709397	0
28	3	0.0154732	0
28	4	0.00834181	1
28	5	0.00480251	1
28	6	0.0165396	0
28	7	0.00269819	1
28	8	0.0296365	1
28	9	0.000781354	0
28	10	0.00591588	1
28	11	-0.014468	1
28	12	-0.0042075	1
28	13	-0.0259268	0
28	14	-0.0163557	1
28	15	0.000230228	1
28	16	0.00946501	0
28	17	-0.0117487	1
28	18	-0.0157113	0
28	19	0.0140175	1
28	20	-0.00964568	0
28	21	4.60223e-05	1
28	22	-0.00611696	1
28	23	0.00759151	0
28	24	-0.0136874	0
28	25	-0.0114562	1
28	26	0.000845529	0
28	27	0.0268242	1
28	28	0.0263634	0
28	29	-0.0115647	1
28	30	-0.016951	1
28	31	-0.0216462	1
28	32	-0.0295853	0
28	33	-0.0120498	0
28	34	0.0022373	0
28	35	0.00869966	1
28	36	0.0144985	0
28	37	-0.00654065	1
28	38	0.0133286	0
28	39	-0.00234115	0
28	40	0.00192063	0
28	41	-0.0149562	0
28	42	0.000275536	0
28	43	-0.0119636	0
28	44	0.0207636	1
28	45	-0.0107741	1
28	46	-0.0292225	0
28	47	-0.00683762	1
28	48	-0.00705214	1
28	49	-0.0132798	1
28	50	0.0165437	1
28	51	0.0244153	0
28	52	-0.0248547	1
28	53	-0.010434	0
28	54	0.0200514	0
28	55	0.00921726	1
28	56	0.0151522	1
28	57	0.0125381	1
28	58	-0.00060271	1
28	59	0.012735	0
28	60	-0.00278163	1
28	61	-0.0286736	0
28	62	0.0183093	0
28	63	0.00735385	1
28	64	0.00121823	1
28	65	0.00615328	1
28	66	-0.00445795	0
28	67	0.0123462	1
28	68	0.0110134	0
28	69	-0.00518098	1
28	70	-0.0284309	0
28	71	-0.00788631	1
28	72	-0.0221495	1
28	73	0.00129842	1
28	74	-0.0127296	0
28	75	-0.000857219	1
28	76	-0.000733983	1
28	77	-0.00900615	1
28	78	0.0333335	1
28	79	0.00386192	0
28	80	0.027213	0
28	81	0.0015979	0
28	82	0.00165058	1
28	83	-0.0062949	0
28	84	0.00425245	1
28	85	-0.00556696	0
28	86	0.0185145	1
28	87	-0.0162268	0
28	88	0.00494037	1
28	89	0.00364031	1
28	90	-0.0154989	1
28	91	0.0115002	1
28	92	0.013196	1
28	93	0.0193268	0
28	94	-0.0201311	0
28	95	0.00687994	1
28	96	0.00164119	1
28	97	-0.0117114	0
28	98	-0.015117	1
28	99	0.00598272	1
29	0	-0.0142147	0
29	1	0.00680685	1
29	2	-0.00023599	1
29	3	0.00501976	1
29	4	-0.00464727	1
29	5	0.0218771	0
29	6	0.0158272	1
29	7	-0.00120544	1
29	8	-0.00306275	1
29	9	-0.00353343	0
29	10	0.00381916	1
29	11	-0.00826064	0
29	12	-0.00236501	1
29	13	-0.0277247	0
29	14	0.00986437	1
29	15	0.00510568	0
29	16	-0.00494616	1
29	17	-0.0101638	0
29	18	0.00696094	0
29	19	-0.0100594	0
29	20	-0.0172873	0
29	21	-0.0157511	1
29	22	0.0127559	0
29	23	0.00353466	0
29	24	-0.0125638	0
29	25	0.00495635	0
29	26	0.00159898	0
29	27	0.00698321	1
29	28	0.0145124	1
29	29	-0.0285527	0
29	30	-0.00710737	0
29	31	0.018843	0
29	32	-0.00419271	1
29	33	0.0143133	0
29	34	0.00509069	0
29	35	-0.00225547	0
29	36	-0.0155685	0
29	37	0.0182769	0
29	38	0.0078116	1
29	39	-0.00558597	0
29	40	0.00884001	0
29	41	0.0103252	1
29	42	0.0116594	0
29	43	0.00276432	0
29	44	-0.0194951	0
29	45	0.0100251	1
29	46	-0.00648936	1
29	47	0.00483675	1
29	48	-0.0156576	1
29	49	0.0206159	1
29	50	0.016041	1
29	51	-0.00277192	1
29	52	-0.00937126	0
29	53	-0.00152327	1
29	54	0.0125336	1
29	55	-0.00470166	0
29	56	0.00502881	1
29	57	-0.0130012	0
29	58	0.00251707	1
29	59	0.00903601	0
29	60	0.0210525	0
29	61	-0.0321359	0
29	62	0.0182714	0
29	63	0.00973371	0
29	64	-0.000629284	1
29	65	0.00222207	0
29	66	0.00545845	0
29	67	0.0202616	0
29	68	-0.00577691	0
29	69	-0.00682722	1
29	70	-0.00924843	0
29	71	0.00647846	1
29	72	-0.000662608	1
29	73	-0.00297496	1
29	74	-0.0015107	0
29	75	-0.00552275	0
29	76	-0.00353698	1
29	77	-0.0147077	1
29	78	-0.00597062	1
29	79	-0.00665897	0
29	80	-0.00449495	1
29	81	-0.0241742	1
29	82	0.00406507	1
29	83	0.009803	0
29	84	-0.011151	1
29	85	0.00557605	0
29	86	-0.00786805	1
29	87	0.0156243	1
29	88	0.0111839	0
29	89	0.00816356	1
29	90	-0.00180599	1
29	91	-0.00500949	0
29	92	-0.0354885	1
29	93	-0.026057	1
29	94	-0.010287	0
29	95	0.017593	0
29	96	0.0177272	1
29	97	0.0148362	0
29	98	0.0139	1
29	99	-0.00533687	0
30	0	0.034194	1
30	1	0.00772893	0
30	2	0.0164925	1
30	3	0.00392267	0
30	4	-0.00626624	0
30	5	-0.00766198	0
30	6	0.0078152	0
30	7	0.000891565	1
30	8	0.00501158	0
30	9	-0.00488122	0
30	10	-0.0123068	0
30	11	-0.0318042	0
30	12	-0.0083827	1
30	13	-0.0103158	1
30	14	-0.00385492	0
30	15	0.0147714	1
30	16	-0.00680134	1
30	17	0.00747983	0
30	18	-0.00354583	1
30	19	-0.0159152	1
30	20	0.00350793	0
30	21	-0.00877901	1
30	22	0.00860977	0
30	23	0.000377965	1
30	24	-0.0056853	0
30	25	-0.00318157	0
30	26	0.00376748	0
30	27	0.0117023	0
30	28	0.000986332	0
30	29	0.00270319	0
30	30	0.0139906	1
30	31	-5.51414e-05	0
30	32	-0.00422938	1
30	33	0.00202831	1
30	34	-0.0153464	0
30	35	-0.0170066	0
30	36	-0.00624369	0
30	37	0.00148537	0
30	38	-0.00410176	0
30	39	0.0129463	0
30	40	0.0288394	0
30	41	-0.00114447	1
30	42	0.000392068	1
30	43	-0.011196	0
30	44	0.00416321	0
30	45	0.00196012	0
30	46	0.00698322	0
30	47	0.00708201	1
30	48	-0.00636329	0
30	49	0.00554822	1
30	50	-0.0023851	1
30	51	-0.00994162	0
30	52	0.010138	1
30	53	-0.0222426	1
30	54	-0.00550373	0
30	55	0.0184465	1
30	56	0.0188617	0
30	57	0.0197008	1
30	58	-0.0303157	0
30	59	-0.00538462	1
30	60	0.0100822	0
30	61	-0.000690832	1
30	62	0.00629821	0
30	63	0.00607983	1
30	64	-0.00575648	0
30	65	-0.00398587	0
30	66	0.00193153	0
30	67	-0.0177171	0
30	68	-0.0141412	0
30	69	0.00231657	0
30	70	0.00953027	1
30	71	0.0137645	1
30	72	0.00115063	0
30	73	-0.00294942	1
30	74	-0.0166305	1
30	75	-0.00210431	0
30	76	0.0196252	0
30	77	0.00195808	1
30	78	-0.0278112	0
30	79	0.0223243	1
30	80	-0.0117257	1
30	81	0.0118894	1
30	82	0.00331498	0
30	83	0.0124407	1
30	84	-0.0119316	0
30	85	-0.00205209	0
30	86	0.00572907	1
30	87	-0.0150383	1
30	88	-0.00362947	1
30	89	-0.00897559	0
30	90	-0.00221177	1
30	91	-0.0167043	0
30	92	-0.00364205	0
30	93	0.0178609	1
30	94	0.0206659	0
30	95	0.00819614	0
30	96	-0.0132417	1
30	97	0.00655953	1
30	98	-0.014087	1
30	99	0.0016222	1
31	0	0.00458462	1
31	1	0.00565107	1
31	2	0.0016373	1
31	3	0.00884033	0
31	4	-0.00386231	1
31	5	-0.00519121	0
31	6	0.0176939	1
31	7	0.0162327	0
31	8	-0.0080838	1
31	9	0.00889816	0
31	10	0.0145939	1
31	11	-0.000188168	1
31	12	0.0260416	0
31	13	-0.0254806	1
31	14	-0.0134321	0
31	15	0.0100339	1
31	16	-0.0182666	0
31	17	0.0253842	0
31	18	-0.00055112	0
31	19	-0.00846905	1
31	20	-0.0067934	1
31	21	-0.0116703	0
31	22	0.00976453	0
31	23	0.006878	1
31	24	-0.0125267	0
31	25	0.0108184	1
31	26	-0.0276336	0
31	27	-0.0137947	0
31	28	0.0140382	1
31	29	0.00256183	1
31	30	0.0187343	1
31	31	0.0146114	1
31	32	0.0186865	0
31	33	0.00837579	1
31	34	-0.0426871	1
31	35	-0.01135	0
31	36	0.00351224	1
31	37	-0.024181	0
31	38	0.00176647	0
31	39	0.00973313	0
31	40	0.0175086	0
31	41	0.00347044	0
31	42	-0.0054976	1
31	43	-0.0165604	0
31	44	0.0055578	0
31	45	-0.0137461	1
31	46	-0.0107933	0
31	47	-0.00775991	0
31	48	0.0359373	0
31	49	-0.0137086	1
31	50	-0.0100571	0
31	51	-0.013578	0
31	52	-0.00972306	0
31	53	0.0126817	0
31	54	0.00191434	1
31	55	-0.000817105	1
31	56	-0.0106215	0
31	57	0.0111746	1
31	58	-0.0099986	0
31	59	0.00198706	0
31	60	-0.0234722	0
31	61	0.000224089	0
31	62	-0.00461695	0
31	63	-0.0247436	1
31	64	-0.00553327	1
31	65	-0.0315016	1
31	66	0.000676199	1
31	67	4.65299e-08	0
31	68	0.00627276	0
31	69	0.028411	0
31	70	0.0135436	1
31	71	0.00127434	0
31	72	0.0034918	0
31	73	-0.00752041	0
31	74	0.00343833	0
31	75	0.0134304	0
31	76	0.018316	1
31	77	0.0137632	1
31	78	-0.00573694	0
31	79	0.00240942	0
31	80	0.00814991	0
31	81	0.0038912	0
31	82	-0.0186473	0
31	83	0.0116576	1
31	84	0.00356725	0
31	85	-0.000469668	1
31	86	-0.0170787	1
31	87	0.00984072	0
31	88	-0.00245364	1
31	89	-2.3025e-05	1
31	90	-0.0125178	1
31	91	0.0152321	0
31	92	-0.00869182	0
31	93	-0.000565206	1
31	94	0.0175452	1
31	95	-0.0040065	1
31	96	-0.000972638	0
31	97	-0.00336136	0
31	98	0.00668466	1
31	99	-0.0021885	1
32	0	0.00585072	0
32	1	-0.0137449	0
32	2	0.0129791	0
32	3	-0.0189051	1
32	4	-0.0167705	1
32	5	0.00657335	1
32	6	-0.0196539	1
32	7	0.00692577	0
32	8	-0.00246354	1
32	9	0.00858476	0
32	10	-0.000262934	1
32	11	-0.0121675	0
32	12	-0.0153854	1
32	13	0.0160361	0
32	14	-0.00569807	0
32	15	0.00103468	0
32	16	0.0427626	0
32	17	-0.0332978	1
32	18	-0.0243922	1
32	19	0.0123089	1
32	20	0.0157892	0
32	21	0.0194637	1
32	22	-0.02133	1
32	23	-0.0114238	0
32	24	-0.011885	0
32	25	-0.0205606	1
32	26	0.00485061	0
32	27	0.00162647	0
32	28	-0.00566347	1
32	29	0.00912717	1
32	30	0.0147233	0
32	31	-0.0223065	1
32	32	-0.00437549	0
32	33	-0.00169164	0
32	34	0.00450179	1
32	35	0.0258716	1
32	36	0.0228888	0
32	37	-0.00720454	1
32	38	-0.0189202	0
32	39	-0.0148917	0
32	40	0.0128535	1
32	41	-0.0236908	0
32	42	-0.00601565	0
32	43	0.0100211	0
32	44	-0.00783417	0
32	45	0.0236477	1
32	46	0.0333123	0
32	47	0.00715244	1
32	48	-0.00380797	1
32	49	0.00577838	0
32	50	0.0108081	1
32	51	-0.0119628	0
32	52	-0.0190164	1
32	53	-0.0149666	1
32	54	-0.0120538	0
32	55	0.0203705	1
32	56	0.00678899	1
32	57	0.00823667	1
32	58	0.0105139	0
32	59	-0.0195019	1
32	60	-0.00337649	1
32	61	-0.00187252	0
32	62	-0.00129275	1
32	63	-0.00137995	0
32	64	-0.00120512	0
32	65	-0.0142106	0
32	66	-0.00641154	1
32	67	0.00168446	1
32	68	-0.00155804	1
32	69	0.00558899	1
32	70	0.0049918	0
32	71	-0.00299325	0
32	72	-0.00377334	0
32	73	0.00662312	0
32	74	-0.00164488	0
32	75	0.00406053	0
32	76	-0.0131821	0
32	77	0.0223485	1
32	78	0.00696479	1
32	79	-0.00590321	1
32	80	-0.0078391	1
32	81	-0.0112129	1
32	82	-0.00573308	0
32	83	0.0235613	1
32	84	0.00698878	0
32	85	-0.00269924	0
32	86	-0.0166383	1
32	87	0.0179222	0
32	88	0.0210015	0
32	89	-0.00282152	1
32	90	-0.0236643	0
32	91	-0.00424235	1
32	92	0.0145602	0
32	93	0.0112878	0
32	94	0.00861174	1
32	95	-0.000970239	0
32	96	0.00210042	1
32	97	0.020421	0
32	98	-0.000575167	0
32	99	-0.00305457	1
33	0	-0.0307846	1
33	1	0.00351709	1
33	2	-0.0122887	0
33	3	0.0146786	1
33	4	0.0133252	1
33	5	-0.0205609	1
33	6	0.00610233	0
33	7	0.00224244	1
33	8	0.00519886	0
33	9	-0.0142147	0
33	10	0.0281036	1
33	11	0.0392761	0
33	12	0.00869762	1
33	13	-0.00901191	1
33	14	0.00114308	1
33	15	0.0263058	0
33	16	0.00331774	1
33	17	-0.0206408	0
33	18	0.00869877	1
33	19	-0.00248619	0
33	20	-0.0128308	1
33	21	0.0168251	0
33	22	-0.0158284	1
33	23	-0.00805902	1
33	24	-0.00721701	1
33	25	-0.0112672	1
33	26	-0.0112396	1
33	27	-0.00475093	1
33	28	0.0156424	1
33	29	-0.00679337	0
33	30	0.0275836	0
33	31	0.00924193	1
33	32	0.0268447	1
33	33	0.00455456	1
33	34	0.00837962	1
33	35	0.00436258	0
33	36	0.0045089	1
33	37	-0.000778641	0
33	38	-0.0163952	0
33	39	-0.042008	0
33	40	0.011202	1
33	41	0.00206165	0
33	42	-0.00188404	0
33	43	0.0115035	0
33	44	-0.0268933	1
33	45	-0.00330622	1
33	46	0.00449748	0
33	47	-0.0196759	1
33	48	0.0215506	1
33	49	-0.0174372	1
33	50	0.00487079	0
33	51	-0.0136323	1
33	52	0.00588578	1
33	53	-0.0277801	1
33	54	-0.00128919	1
33	55	-0.0147219	1
33	56	-0.0137165	1
33	57	0.00107889	0
33	58	-0.0257675	0
33	59	0.00114074	1
33	60	0.029742	1
33	61	0.00577193	1
33	62	-0.0130096	0
33	63	0.00764206	0
33	64	0.000480842	1
33	65	-0.00470732	1
33	66	-0.000839818	0
33	67	0.0154183	1
33	68	-0.00696969	1
33	69	-0.0139079	1
33	70	-0.0142373	1
33	71	-0.00104798	1
33	72	0.00563283	0
33	73	-0.0154894	1
33	74	0.00534928	0
33	75	-0.0106075	0
33	76	0.0149536	0
33	77	0.00181099	0
33	78	0.00230396	0
33	79	0.0176682	0
33	80	0.0215445	0
33	81	-0.00165547	0
33	82	-0.00769363	0
33	83	0.0033502	1
33	84	0.0399834	0
33	85	0.00402401	1
33	86	0.0103157	1
33	87	-0.00376202	0
33	88	-0.00546508	1
33	89	0.00343784	0
33	90	-0.00949053	1
33	91	0.00876549	0
33	92	0.0116526	1
33	93	-0.00671476	0
33	94	0.00754368	1
33	95	-0.00749381	0
33	96	0.00690475	0
33	97	0.01353	0
33	98	-0.0340295	0
33	99	-0.00978648	1
34	0	-0.0168472	1
34	1	-0.0312621	0
34	2	0.0106447	0
34	3	0.00888822	1
34	4	-6.39229e-05	1
34	5	0.0359211	1
34	6	-0.00876715	1
34	7	0.0347231	0
34	8	-0.0127494	0
34	9	0.00802719	1
34	10	0.00216809	0
34	11	-0.0225685	0
34	12	-0.00716156	0
34	13	-0.00293186	0
34	14	0.0197877	1
34	15	0.00379397	1
34	16	0.0208662	1
34	17	-0.00771068	1
34	18	-0.0247205	0
34	19	-0.00437088	1
34	20	-0.0172031	1
34	21	0.00825948	0
34	22	-0.00769685	0
34	23	0.02045	0
34	24	0.0391787	0
34	25	0.00778752	1
34	26	0.0120038	1
34	27	0.0118899	1
34	28	0.0244905	1
34	29	0.00775558	1
34	30	-0.0134659	0
34	31	0.01398	0
34	32	-0.00120042	0
34	33	0.00604063	1
34	34	-0.0204305	0
34	35	0.0106382	0
34	36	-0.0067766	0
34	37	-0.00422472	0
34	38	-0.0073472	1
34	39	0.0180345	0
34	40	-0.0166099	0
34	41	0.00182105	0
34	42	-0.0166067	1
34	43	0.00107017	1
34	44	-0.00137829	1
34	45	-0.021986	1
34	46	0.00278672	1
34	47	-0.0223326	1
34	48	0.0229026	1
34	49	-0.0140962	1
34	50	0.00845971	1
34	51	0.0300272	0
34	52	0.00604847	1
34	53	-0.0093317	0
34	54	0.00594612	1
34	55	-0.00892151	1
34	56	0.00260625	1
34	57	-0.00327467	0
34	58	-0.0093435	1
34	59	-0.00389392	1
34	60	-0.0174906	1
34	61	-0.0174066	0
34	62	0.00546156	0
34	63	-0.000561611	1
34	64	-0.00477439	1
34	65	0.0189358	0
34	66	-0.0323611	1
34	67	-0.0157102	1
34	68	0.0112183	0
34	69	-0.0044762	1
34	70	-0.00333978	1
34	71	0.0186785	1
34	72	-0.000792131	1
34	73	0.0144053	0
34	74	-0.00446639	1
34	75	-0.00404355	1
34	76	-0.0131992	0
34	77	0.00620961	1
34	78	-0.00264571	0
34	79	-0.0044927	0
34	80	-0.00831329	0
34	81	-0.00617623	0
34	82	-0.00580434	1
34	83	0.0192421	1
34	84	-0.00833661	0
34	85	-0.00450916	0
34	86	-0.000304222	0
34	87	-0.00832076	1
34	88	-0.010422	0
34	89	0.0165534	0
34	90	0.00479377	0
34	91	-0.00530395	0
34	92	-0.00188093	0
34	93	-0.0146039	1
34	94	0.0191864	0
34	95	-0.0172945	0
34	96	0.0210923	0
34	97	-0.00486492	0
34	98	0.0186931	0
34	99	-0.0142986	0
35	0	-0.00687446	1
35	1	0.000575585	1
35	2	-0.00330092	1
35	3	0.0394035	0
35	4	-0.00984755	0
35	5	0.00270303	1
35	6	-0.0136056	0
35	7	-0.0291311	0
35	8	0.00996002	0
35	9	0.00609492	0
35	10	-0.024192	1
35	11	-0.00775518	1
35	12	-0.000241293	0
35	13	0.00554218	1
35	14	0.0213555	1
35	15	-0.00504758	1
35	16	0.00750566	1
35	17	0.00774102	0
35	18	0.00889105	1
35	19	0.00171935	1
35	20	0.00801498	1
35	21	-0.00799704	0
35	22	0.00826908	1
35	23	0.00344072	1
35	24	-0.014145	0
35	25	-0.019583	0
35	26	-0.0127671	1
35	27	0.0156999	0
35	28	-0.00359237	0
35	29	-0.0190088	0
35	30	-0.029123	1
35	31	-0.0254116	0
35	32	-0.00236666	0
35	33	0.00285003	1
35	34	-0.00434774	1
35	35	-0.00539591	1
35	36	0.00583181	1
35	37	-0.0089229	0
35	38	-0.00578343	1
35	39	0.0166299	1
35	40	0.0169452	1
35	41	-0.00812294	0
35	42	0.0142884	0
35	43	-0.0147435	0
35	44	0.00766992	0
35	45	-0.00711664	1
35	46	0.00186813	1
35	47	0.00745012	1
35	48	-0.00748738	0
35	49	-0.0150002	1
35	50	0.0366973	1
35	51	0.00719306	1
35	52	-0.029545	1
35	53	0.0109985	0
35	54	0.000991678	0
35	55	0.0119363	1
35	56	0.00377954	1
35	57	0.0168599	1
35	58	-0.0334635	1
35	59	0.00839813	1
35	60	0.0101781	1
35	61	0.0249845	0
35	62	-0.00185354	0
35	63	-0.0163739	0
35	64	-0.00873029	1
35	65	0.0184755	0
35	66	-0.0233271	0
35	67	-0.0139891	1
35	68	-0.0134863	0
35	69	-0.0164674	0
35	70	0.000670144	1
35	71	0.00405375	1
35	72	-0.000701218	0
35	73	0.00264547	1
35	74	-3.80163e-05	0
35	75	0.00585963	1
35	76	0.0149758	1
35	77	0.0115896	1
35	78	-0.00539651	1
35	79	0.0226064	1
35	80	-0.00093705	1
35	81	0.0128061	1
35	82	-0.00425809	0
35	83	0.00977592	1
35	84	0.0101407	0
35	85	0.00741322	0
35	86	-0.000363522	1
35	87	-0.0218129	0
35	88	-0.000439542	1
35	89	-0.0118718	0
35	90	0.0145006	1
35	91	0.0260623	0
35	92	0.0151956	0
35	93	-0.01027	0
35	94	0.00202886	0
35	95	-0.0159657	0
35	96	-0.00673994	1
35	97	0.00267637	0
35	98	-0.00222375	0
35	99	0.0152224	1
36	0	-0.00754132	1
36	1	0.00901184	0
36	2	0.0229585	0
36	3	-0.0151695	0
36	4	0.00763496	1
36	5	0.0016862	1
36	6	0.00127898	0
36	7	0.00445712	1
36	8	-0.00996614	0
36	9	0.000375599	1
36	10	0.0300927	0
36	11	-0.0118329	1
36	12	0.0352774	0
36	13	0.00454297	1
36	14	-0.000174836	1
36	15	0.00307124	0
36	16	-0.00180017	1
36	17	0.0164684	0
36	18	-0.00924767	1
36	19	0.00276689	1
36	20	-0.00426995	0
36	21	-0.0124154	1
36	22	-0.00836753	0
36	23	0.0187207	0
36	24	0.00759878	0
36	25	-0.00937507	1
36	26	0.0061325	0
36	27	-0.000290775	1
36	28	-0.00353674	0
36	29	0.0116919	0
36	30	0.0226063	1
36	31	-0.00779642	0
36	32	-0.00415816	1
36	33	0.027279	0
36	34	-0.0111535	0
36	35	0.020859	1
36	36	-0.0146953	0
36	37	0.00868304	0
36	38	-0.0116348	1
36	39	0.00978634	1
36	40	-0.00589259	1
36	41	-0.0117368	1
36	42	-0.0159396	1
36	43	0.00491897	0
36	44	0.0050347	1
36	45	-0.0146815	0
36	46	0.00220452	0
36	47	0.0162404	1
36	48	-0.0057261	0
36	49	-0.0177842	1
36	50	-0.00627137	1
36	51	-0.00330396	0
36	52	-0.00588827	1
36	53	-0.0267071	0
36	54	0.0285938	1
36	55	-0.00137612	1
36	56	-0.0269124	1
36	57	-0.00573084	1
36	58	0.0114919	1
36	59	-0.019177	0
36	60	-0.0259936	0
36	61	0.00462429	1
36	62	-0.0198093	0
36	63	-0.0122514	1
36	64	-0.0188446	0
36	65	-0.0149675	0
36	66	-0.00407312	0
36	67	0.0127507	1
36	68	0.00367309	0
36	69	-0.000815207	0
36	70	0.0201657	1
36	71	-0.0211121	1
36	72	-0.00193154	0
36	73	-0.0115818	0
36	74	-3.35823e-05	0
36	75	0.0143801	0
36	76	0.0138877	1
36	77	-0.0165796	1
36	78	0.00365889	1
36	79	-0.00213783	0
36	80	-0.0179709	1
36	81	-0.0292849	0
36	82	0.0090815	1
36	83	0.0130729	1
36	84	0.0298801	1
36	85	-0.00915183	0
36	86	-0.0143835	0
36	87	-0.000362341	1
36	88	-0.00170841	0
36	89	-0.0115064	1
36	90	0.0159228	0
36	91	0.0177064	0
36	92	-0.0140423	0
36	93	0.0229722	1
36	94	0.00788991	1
36	95	-0.00499291	1
36	96	0.00892156	0
36	97	0.0167205	0
36	98	0.00480031	1
36	99	0.00251562	1
37	0	0.00229809	0
37	1	-0.0188696	1
37	2	-0.0010271	0
37	3	0.0189133	0
37	4	-0.0103886	0
37	5	-0.00776274	0
37	6	0.00609839	1
37	7	-0.000642196	0
37	8	0.0187766	1
37	9	0.015017	1
37	10	0.00925626	1
37	11	-0.00366584	0
37	12	9.83593e-06	0
37	13	0.00836311	1
37	14	0.00440336	1
37	15	0.0152696	1
37	16	-0.0148548	0
37	17	0.0314644	1
37	18	0.0160448	1
37	19	0.0231601	0
37	20	0.00702615	1
37	21	0.0130655	1
37	22	0.0238876	0
37	23	-0.0174322	1
37	24	-0.00180779	0
37	25	0.0189277	1
37	26	0.0157499	0
37	27	-0.00646801	1
37	28	-0.0170162	1
37	29	-0.00787859	0
37	30	0.00779555	0
37	31	-0.0194773	0
37	32	-0.0181292	0
37	33	-0.00451214	1
37	34	0.00180892	0
37	35	0.00775719	1
37	36	-0.00356119	0
37	37	-0.000797058	0
37	38	0.00112037	1
37	39	0.00618005	1
37	40	0.00502328	0
37	41	-0.00988879	0
37	42	-0.00458812	0
37	43	-0.0244674	1
37	44	0.00213038	1
37	45	-0.00340295	1
37	46	-0.0132904	1
37	47	0.00482649	1
37	48	-0.00252122	1
37	49	-0.0268788	0
37	50	0.0109851	0
37	51	0.000466973	0
37	52	0.0165509	1
37	53	0.016964	0
37	54	-0.0186438	0
37	55	-0.0102243	0
37	56	-0.0136044	0
37	57	-0.0193457	0
37	58	-0.00766355	1
37	59	-0.0174272	0
37	60	0.00466223	1
37	61	0.00478265	0
37	62	0.0132523	0
37	63	-0.00583443	1
37	64	0.0136178	0
37	65	-0.00440065	1
37	66	-0.000613046	1
37	67	0.00262539	0
37	68	0.0236172	1
37	69	0.00988983	0
37	70	-0.0068054	0
37	71	-0.0267814	0
37	72	0.000385406	0
37	73	0.00409762	1
37	74	0.0100867	0
37	75	0.0258426	1
37	76	0.00119778	1
37	77	-0.00933446	1
37	78	0.00648307	1
37	79	-0.0206032	1
37	80	-0.0267117	1
37	81	-0.0119527	0
37	82	0.0283981	0
37	83	-0.00386534	0
37	84	0.00132831	0
37	85	-0.00216683	0
37	86	0.0160704	1
37	87	0.00989185	1
37	88	0.00545838	1
37	89	-0.00250731	1
37	90	-0.00130157	1
37	91	0.0098571	0
37	92	0.00439269	0
37	93	-0.0321819	0
37	94	-0.00547945	1
37	95	-0.0270325	1
37	96	-0.0255212	0
37	97	0.00701787	1
37	98	0.0157212	1
37	99	-0.00868725	1
38	0	0.008902	0
38	1	0.00554617	1
38	2	0.00400853	0
38	3	-0.00314106	0
38	4	-0.0104586	0
38	5	0.0242425	1
38	6	0.00735109	0
38	7	-0.0210962	1
38	8	-0.0104582	1
38	9	0.00807573	0
38	10	0.051402	0
38	11	0.00393378	0
38	12	-0.00165407	1
38	13	-0.0033214	0
38	14	-0.0117541	0
38	15	-0.000392362	0
38	16	0.00682954	1
38	17	0.00195952	1
38	18	-0.00299491	0
38	19	-0.0159362	0
38	20	0.0191664	1
38	21	-0.00685156	1
38	22	-0.0230787	1
38	23	-0.00323608	1
38	24	0.00752522	1
38	25	-0.00750267	1
38	26	-0.00161285	1
38	27	-0.00962396	1
38	28	-0.00771293	1
38	29	-0.0121239	0
38	30	0.0207882	0
38	31	-0.010819	0
38	32	-0.0097228	0
38	33	-0.003741	1
38	34	0.0170402	0
38	35	-0.0168453	1
38	36	-0.00115219	0
38	37	0.00249425	1
38	38	0.0131115	1
38	39	-0.0150562	0
38	40	0.000563418	0
38	41	0.00848921	0
38	42	-0.00372756	0
38	43	0.0103168	1
38	44	0.00461236	0
38	45	0.0140648	1
38	46	-0.033267	1
38	47	-0.01019	0
38	48	0.0234573	0
38	49	-0.000730185	0
38	50	-0.0176885	1
38	51	0.000706147	1
38	52	-0.00253118	1
38	53	0.0150377	0
38	54	-0.00396634	0
38	55	0.000927231	1
38	56	-0.0181412	1
38	57	0.00193954	0
38	58	0.00747061	0
38	59	-0.00167661	0
38	60	-0.00342997	0
38	61	0.0013176	1
38	62	-0.0152375	0
38	63	0.000812156	0
38	64	-0.0201356	0
38	65	-0.00419832	0
38	66	0.00753681	0
38	67	0.00956962	0
38	68	-0.00657834	1
38	69	0.00722233	1
38	70	0.00842496	1
38	71	0.010786	0
38	72	-0.00422404	0
38	73	0.0112424	1
38	74	-0.0235638	0
38	75	0.0282549	1
38	76	-0.00470678	0
38	77	0.0219476	0
38	78	-0.00488977	0
38	79	-0.000585787	1
38	80	0.00257198	1
38	81	-0.0202347	1
38	82	-0.00910588	0
38	83	0.00989582	1
38	84	0.00740188	1
38	85	-0.00146303	0
38	86	-0.00523355	0
38	87	0.0135056	0
38	88	-0.0218297	1
38	89	-0.0156311	0
38	90	0.0162691	1
38	91	-0.00384615	1
38	92	0.0232438	1
38	93	-0.00573028	0
38	94	0.000209505	0
38	95	-0.0145807	0
38	96	-0.00407618	0
38	97	0.0237203	1
38	98	0.00259533	1
38	99	-0.00500349	0
39	0	0.0010101	1
39	1	-0.0054285	0
39	2	0.0245455	1
39	3	-0.00689943	0
39	4	0.00590243	0
39	5	0.00947615	0
39	6	0.0130722	0
39	7	0.00274277	1
39	8	0.0155176	1
39	9	-0.0163643	0
39	10	0.00160232	0
39	11	-0.0106145	0
39	12	-0.000584865	1
39	13	-0.00556716	1
39	14	-0.000411888	0
39	15	-0.00700469	1
39	16	-0.0235798	1
39	17	0.0118763	0
39	18	0.00744055	0
39	19	0.0122182	1
39	20	-0.0138761	1
39	21	-0.0206209	1
39	22	0.00487407	0
39	23	-0.0180333	0
39	24	0.00896535	0
39	25	-0.00377186	1
39	26	0.0200751	0
39	27	-0.00890335	1
39	28	0.000351069	0
39	29	-0.000463384	1
39	30	-0.010737	0
39	31	-0.0151492	1
39	32	-0.0247888	0
39	33	-0.0192246	1
39	34	-0.00917133	1
39	35	0.0201176	1
39	36	0.0276933	1
39	37	-0.00689095	0
39	38	-0.00326689	1
39	39	-0.00590334	1
39	40	-0.00214824	1
39	41	0.00110267	1
39	42	0.00628076	1
39	43	0.0264622	1
39	44	0.00275849	0
39	45	-0.00164208	0
39	46	-0.00627574	0
39	47	-0.0178895	0
39	48	-0.012972	1
39	49	-0.00916568	1
39	50	0.00279015	0
39	51	-0.0138819	0
39	52	-0.0187208	1
39	53	0.0117955	0
39	54	0.0228523	1
39	55	0.0228342	0
39	56	0.000730217	1
39	57	-0.0153875	0
39	58	0.000352883	0
39	59	0.00505349	1
39	60	0.00282192	0
39	61	0.00894634	1
39	62	-0.0285698	0
39	63	0.00422268	1
39	64	-0.000606229	0
39	65	0.00639106	0
39	66	-0.0222023	0
39	67	0.000208988	0
39	68	-0.00593968	1
39	69	0.00697842	0
39	70	-0.00597784	0
39	71	0.0112187	1
39	72	-0.00964532	0
39	73	-0.0205363	0
39	74	-0.0311445	0
39	75	0.0124648	1
39	76	-0.00664361	0
39	77	-0.016181	1
39	78	0.0118575	1
39	79	0.00844862	1
39	80	0.0150554	0
39	81	0.0103597	1
39	82	0.0257037	0
39	83	-0.0102512	1
39	84	0.0184746	1
39	85	-0.0240354	1
39	86	0.00987714	1
39	87	0.0127353	0
39	88	-0.000843905	0
39	89	0.0114018	0
39	90	0.0234832	1
39	91	0.00736986	1
39	92	0.00719694	0
39	93	-0.0114483	1
39	94	0.00437741	1
39	95	0.00339684	1
39	96	0.0102788	1
39	97	0.0200144	1
39	98	-0.0228927	0
39	99	0.00848007	0
40	0	-0.00726989	0
40	1	-0.000868788	0
40	2	-0.0157356	0
40	3	-0.0104183	0
40	4	-0.00925089	0
40	5	-0.0329218	1
40	6	0.0260054	1
40	7	-0.00737954	1
40	8	-0.0058558	0
40	9	0.0138134	0
40	10	0.00296343	0
40	11	-0.00353197	1
40	12	0.00863604	0
40	13	0.0235429	0
40	14	-0.00360372	0
40	15	0.0216164	0
40	16	0.00816917	1
40	17	-0.00313582	0
40	18	-0.00513223	1
40	19	0.0217473	0
40	20	-0.00702588	0
40	21	0.00797126	1
40	22	-0.005869	0
40	23	0.00373017	1
40	24	0.00786933	0
40	25	0.00341519	1
40	26	-0.00864121	1
40	27	-0.00294266	0
40	28	-0.00163234	1
40	29	0.00438193	0
40	30	-0.0175297	0
40	31	0.00241655	0
40	32	-0.0110709	1
40	33	-0.0143406	1
40	34	7.26905e-05	0
40	35	0.00224828	1
40	36	-0.00839178	0
40	37	0.0110444	0
40	38	-0.00225222	1
40	39	0.0229063	0
40	40	0.00119284	1
40	41	0.00464773	1
40	42	0.00815909	1
40	43	-3.32186e-05	1
40	44	-0.0127493	0
40	45	-0.00680656	0
40	46	-0.00171547	1
40	47	0.011909	0
40	48	0.00965705	1
40	49	0.0318623	1
40	50	0.00856532	1
40	51	0.0240314	0
40	52	0.0119268	0
40	53	0.0169909	0
40	54	-0.0189365	1
40	55	0.000383093	1
40	56	-0.0123965	0
40	57	0.00407341	1
40	58	-0.0151692	1
40	59	-0.0144531	0
40	60	-0.0130678	0
40	61	0.0194967	1
40	62	0.0188673	1
40	63	-0.00533939	0
40	64	-0.0106484	1
40	65	0.0106576	0
40	66	0.000574476	0
40	67	0.00149204	0
40	68	0.0144513	0
40	69	-0.016298	1
40	70	-0.00389491	1
40	71	-0.022497	0
40	72	0.00375783	0
40	73	-0.0261506	1
40	74	-0.00404566	0
40	75	0.00222241	0
40	76	-0.0127257	0
40	77	-0.00161719	0
40	78	0.00314145	1
40	79	-0.00114403	0
40	80	0.0106876	1
40	81	-0.000139229	0
40	82	-0.0176973	0
40	83	0.00374924	0
40	84	-0.0161802	0
40	85	0.0230081	0
40	86	-0.00159762	1
40	87	-0.00946861	0
40	88	-0.0254741	0
40	89	-0.00573779	0
40	90	0.0119586	0
40	91	0.00782621	0
40	92	-0.0172047	0
40	93	-0.00689108	1
40	94	0.0225627	1
40	95	0.00167053	0
40	96	0.01613	0
40	97	0.015474	1
40	98	-0.00705747	0
40	99	-0.0217399	0
41	0	0.00521106	0
41	1	-0.0115043	0
41	2	0.0086879	0
41	3	0.0333762	1
41	4	0.0521618	0
41	5	-0.0301845	0
41	6	-0.0110175	0
41	7	0.0131325	1
41	8	-0.0101472	0
41	9	-0.0200711	1
41	10	-0.00518852	0
41	11	-0.0149492	1
41	12	0.0189137	1
41	13	-0.0226345	1
41	14	-0.0102332	0
41	15	-0.0184597	0
41	16	-0.00363172	1
41	17	0.0112204	1
41	18	0.0179999	1
41	19	-0.000919776	0
41	20	-0.0239755	1
41	21	0.023066	0
41	22	0.0286582	1
41	23	0.00431928	0
41	24	0.00798354	0
41	25	-0.00460583	0
41	26	-0.0104661	1
41	27	-0.00506012	1
41	28	0.0157743	0
41	29	-0.00192945	1
41	30	0.00653688	0
41	31	0.0127689	1
41	32	-0.016225	0
41	33	-0.0109155	0
41	34	-0.0265701	1
41	35	0.00345904	0
41	36	-0.00258023	1
41	37	0.0186864	0
41	38	0.00471378	0
41	39	0.000889093	0
41	40	-0.00319328	1
41	41	-0.00840231	1
41	42	0.00921575	0
41	43	0.00475298	1
41	44	-0.01266	0
41	45	-0.0185006	1
41	46	0.0150551	0
41	47	-0.0260068	1
41	48	-0.00850163	0
41	49	-0.0150906	1
41	50	0.0116166	1
41	51	-0.00668587	1
41	52	0.00378487	1
41	53	-0.0308971	0
41	54	0.00610803	1
41	55	0.0138927	1
41	56	-0.00541391	0
41	57	0.00554116	1
41	58	-0.0168008	0
41	59	0.0174627	1
41	60	0.0115796	0
41	61	0.00658132	0
41	62	-0.0191308	1
41	63	-0.0348226	1
41	64	0.000530143	0
41	65	-0.00118845	1
41	66	-0.00856998	1
41	67	0.00131219	1
41	68	0.0110181	0
41	69	-0.0150183	1
41	70	0.0119776	1
41	71	-0.0111174	1
41	72	-0.0194761	1
41	73	0.0170248	0
41	74	-0.0278402	0
41	75	0.013476	0
41	76	-0.00975031	0
41	77	0.00930216	0
41	78	-0.00203909	1
41	79	0.0197569	0
41	80	-0.0086056	1
41	81	-0.00727287	1
41	82	0.00898302	1
41	83	0.00341257	0
41	84	-0.0179977	0
41	85	-0.00300711	1
41	86	9.41589e-05	1
41	87	-0.0111689	1
41	88	0.0177228	1
41	89	0.00184375	1
41	90	0.0290246	1
41	91	0.0251009	0
41	92	0.0346244	0
41	93	-0.0184222	1
41	94	-0.0191685	1
41	95	0.0305153	1
41	96	-0.00559372	0
41	97	0.010314	0
41	98	0.00758951	0
41	99	0.00683906	0
42	0	0.00500529	1
42	1	-0.0172378	0
42	2	-0.00881167	1
42	3	-0.0184504	1
42	4	0.00453469	1
42	5	-0.00983475	0
42	6	-0.00644624	0
42	7	0.0100377	1
42	8	0.0295623	0
42	9	-0.0109559	1
42	10	0.00187645	0
42	11	-0.00507274	1
42	12	0.0053292	0
42	13	-0.00908078	0
42	14	0.0190532	1
42	15	0.0149387	1
42	16	-0.0127839	1
42	17	0.00279683	1
42	18	0.00136716	1
42	19	-0.00101654	1
42	20	0.0259063	0
42	21	-0.0289909	1
42	22	-0.000411406	1
42	23	0.00369205	0
42	24	0.00128345	1
42	25	0.0172869	0
42	26	-0.00179984	0
42	27	-0.00590226	1
42	28	0.0033796	1
42	29	-0.00825407	0
42	30	0.0120772	1
42	31	0.00440014	1
42	32	0.0115893	1
42	33	-0.00135479	1
42	34	0.00532718	1
42	35	0.00184727	1
42	36	0.0029532	0
42	37	0.00110404	1
42	38	-0.0216236	1
42	39	0.00377838	1
42	40	-0.0162081	1
42	41	0.00747055	0
42	42	0.00919554	1
42	43	-0.0103933	0
42	44	0.00504674	0
42	45	-0.0143412	0
42	46	-0.00914371	1
42	47	-0.0206944	1
42	48	0.00519163	1
42	49	-0.00180453	0
42	50	0.0152387	1
42	51	0.0318472	1
42	52	-0.00405577	1
42	53	0.0173045	0
42	54	-0.0155972	0
42	55	0.0132558	0
42	56	-0.00514124	1
42	57	0.0148446	0
42	58	0.011609	1
42	59	0.0059084	1
42	60	0.00761336	1
42	61	-0.00580351	1
42	62	0.00963263	0
42	63	-0.016689	1
42	64	-0.0108554	0
42	65	0.00400095	0
42	66	-0.00185398	1
42	67	-0.036648	1
42	68	0.0223426	1
42	69	-0.028796	1
42	70	-0.0022465	1
42	71	0.000823989	0
42	72	0.00597932	0
42	73	-0.0221121	0
42	74	-0.0106844	0
42	75	-0.0155561	0
42	76	-0.00350751	0
42	77	-0.0105629	0
42	78	-0.0113581	1
42	79	-0.00358358	1
42	80	-0.0201067	1
42	81	-0.010006	0
42	82	-0.0273134	0
42	83	0.0171047	0
42	84	0.0187785	1
42	85	0.00274918	1
42	86	0.0128434	0
42	87	0.00763805	0
42	88	0.00803435	0
42	89	-0.00458248	1
42	90	0.00071853	0
42	91	-0.00914307	1
42	92	0.00771145	1
42	93	0.00223736	0
42	94	0.00316566	0
42	95	-0.0127809	0
42	96	-0.00883791	0
42	97	0.0434783	1
42	98	0.0312321	1
42	99	0.00631079	0
43	0	0.0168583	0
43	1	-0.00804965	0
43	2	0.00570763	0
43	3	-0.0171204	0
43	4	0.00310741	0
43	5	0.0202625	0
43	6	-0.0242125	1
43	7	0.00944456	1
43	8	0.000857526	0
43	9	0.0187324	1
43	10	0.00720314	1
43	11	0.00791681	0
43	12	-0.0247606	0
43	13	-0.012444	1
43	14	-0.0116828	0
43	15	-0.0199716	1
43	16	-0.0113766	0
43	17	0.0296894	0
43	18	0.0201352	0
43	19	0.00314228	1
43	20	-0.00395433	0
43	21	0.0112533	0
43	22	0.00037124	0
43	23	0.0244679	1
43	24	0.024542	1
43	25	-0.0188057	1
43	26	0.0142156	0
43	27	0.0102914	1
43	28	-0.0501427	1
43	29	-0.0123548	0
43	30	-0.00824867	1
43	31	0.0418705	0
43	32	-0.0114662	0
43	33	0.015759	0
43	34	0.0250464	0
43	35	-0.00982967	0
43	36	0.016279	1
43	37	0.00903216	1
43	38	0.0132116	1
43	39	0.0219079	1
43	40	0.0141126	0
43	41	0.000824657	0
43	42	-0.0215968	0
43	43	0.0161399	1
43	44	0.0161983	1
43	45	-0.00762663	0
43	46	0.00744125	0
43	47	-1.62878e-05	1
43	48	-0.00668541	0
43	49	-0.00866305	1
43	50	0.0173335	0
43	51	-0.0121152	0
43	52	0.0180669	1
43	53	0.000974402	0
43	54	-0.0256724	0
43	55	-0.00909328	1
43	56	-0.00662586	0
43	57	-0.00872689	0
43	58	0.014703	1
43	59	-0.00804275	0
43	60	-0.0259011	1
43	61	-0.00159311	1
43	62	-0.00272904	1
43	63	0.0054832	0
43	64	-0.00943115	0
43	65	0.00711488	0
43	66	0.0161667	0
43	67	-0.0163107	1
43	68	0.000330832	0
43	69	-0.00695811	1
43	70	0.0126601	0
43	71	-0.0289521	0
43	72	0.0110171	1
43	73	0.00317519	0
43	74	-0.00335248	1
43	75	0.00598097	1
43	76	-0.00554036	1
43	77	-0.0175155	0
43	78	-0.0277881	0
43	79	-0.000868175	1
43	80	-0.00769281	1
43	81	0.00455413	0
43	82	-0.0113191	1
43	83	-0.0203501	1
43	84	0.00190859	0
43	85	-0.0116886	0
43	86	-0.021466	1
43	87	0.00966835	0
43	88	2.92507e-05	0
43	89	0.0156843	0
43	90	0.00997486	1
43	91	0.0105378	0
43	92	-0.00241551	0
43	93	-0.0147425	1
43	94	0.0130647	1
43	95	0.00138508	0
43	96	-0.030803	0
43	97	0.0216033	0
43	98	0.000711166	0
43	99	-0.00144785	0
44	0	-0.000443155	1
44	1	0.0158259	1
44	2	-0.00669782	1
44	3	0.00914245	0
44	4	0.0289559	1
44	5	0.0322258	0
44	6	-0.00123059	0
44	7	-0.00678505	1
44	8	-0.00721165	1
44	9	-0.016439	1
44	10	-0.00273892	0
44	11	0.00377276	1
44	12	0.000500425	1
44	13	-0.0143173	0
44	14	0.00748859	0
44	15	0.00936573	0
44	16	0.00112375	0
44	17	0.0016314	1
44	18	0.00137879	0
44	19	-0.0357518	1
44	20	-0.0102989	1
44	21	-0.0142187	1
44	22	0.0216591	1
44	23	-0.00843119	1
44	24	-0.00336207	0
44	25	-0.00907301	0
44	26	0.0188621	0
44	27	-0.0122084	0
44	28	-0.0128795	1
44	29	-0.00441149	1
44	30	-0.00438461	0
44	31	-0.000783738	0
44	32	0.0241091	1
44	33	-0.0251659	1
44	34	-0.000164102	0
44	35	-0.00556105	0
44	36	0.0269548	1
44	37	-0.0181695	0
44	38	0.00849606	0
44	39	0.0128566	1
44	40	0.00555841	1
44	41	0.0138798	0
44	42	-9.02507e-05	1
44	43	0.0133127	0
44	44	0.0310959	0
44	45	-0.0067342	0
44	46	-0.00200017	1
44	47	0.00737322	1
44	48	-0.0244992	0
44	49	-0.00209393	1
44	50	-0.00412417	1
44	51	0.0200322	1
44	52	0.0326203	0
44	53	-0.00659472	1
44	54	0.00667882	0
44	55	0.0100245	1
44	56	-0.0102102	0
44	57	0.00351916	1
44	58	0.00910926	1
44	59	0.00522956	1
44	60	-0.00561143	0
44	61	0.00293761	0
44	62	0.00823208	0
44	63	0.0121222	1
44	64	0.0228675	1
44	65	0.0163978	0
44	66	-0.0584355	1
44	67	-0.00413192	0
44	68	0.015524	1
44	69	0.000242622	1
44	70	-0.0273804	0
44	71	0.0203464	1
44	72	-0.017632	1
44	73	-0.00187645	0
44	74	0.0142907	1
44	75	0.0148063	0
44	76	-0.00959953	0
44	77	-0.0185815	0
44	78	-0.00448467	1
44	79	0.00225648	1
44	80	-0.011729	1
44	81	0.0210453	0
44	82	-0.018368	1
44	83	-0.0172798	0
44	84	-0.0224731	0
44	85	0.00070331	0
44	86	0.00878971	0
44	87	0.00880749	1
44	88	0.0133446	0
44	89	0.000936495	1
44	90	-0.0122597	0
44	91	-0.0221218	1
44	92	0.00714779	0
44	93	-0.0116438	0
44	94	0.00436763	0
44	95	-0.0047269	0
44	96	-0.00468546	1
44	97	-0.00482477	0
44	98	-0.00543593	1
44	99	-0.0175932	0
45	0	-0.00609233	1
45	1	-0.0190497	0
45	2	-0.00331567	1
45	3	-0.00529413	1
45	4	0.020558	1
45	5	-0.00710662	1
45	6	-0.0228985	1
45	7	-0.00104418	0
45	8	0.0146105	1
45	9	-0.00756336	1
45	10	0.0307229	1
45	11	0.00029465	1
45	12	0.020777	1
45	13	-0.0174725	0
45	14	0.0131378	1
45	15	0.00974697	1
45	16	0.00472399	0
45	17	-0.0074612	1
45	18	0.0132072	1
45	19	-0.00204294	1
45	20	0.0274961	0
45	21	0.0191225	0
45	22	0.0017235	1
45	23	0.0268602	1
45	24	0.017473	0
45	25	-0.00760993	0
45	26	-0.00495224	1
45	27	-0.00856205	1
45	28	0.00102942	1
45	29	0.00262027	1
45	30	-0.019651	1
45	31	0.00631895	1
45	32	-0.000936874	1
45	33	0.000781131	0
45	34	-0.00377124	0
45	35	0.0266971	0
45	36	0.0159837	1
45	37	-0.00963992	1
45	38	0.00334678	0
45	39	-0.00382776	0
45	40	-0.00554131	1
45	41	0.0111246	1
45	42	-0.004489	0
45	43	-0.00985934	0
45	44	-9.50734e-05	1
45	45	-0.00561483	0
45	46	0.00590327	1
45	47	0.00779446	1
45	48	0.0197926	0
45	49	-0.0122537	0
45	50	0.00158448	0
45	51	-0.00462962	1
45	52	-0.0103477	1
45	53	-0.00629628	0
45	54	-0.0014602	1
45	55	0.00384662	0
45	56	-0.0056579	0
45	57	0.00842189	1
45	58	-0.0286493	0
45	59	-0.00241995	0
45	60	0.00264552	0
45	61	-0.00450256	0
45	62	-0.0174407	0
45	63	-0.0156529	1
45	64	-0.00699429	0
45	65	-0.0046414	1
45	66	-0.0125634	0
45	67	0.0114945	1
45	68	-0.0139991	0
45	69	-0.00053918	0
45	70	0.00478701	0
45	71	-0.00649441	1
45	72	-0.00227018	1
45	73	0.00766245	0
45	74	-0.0245415	0
45	75	0.0066167	1
45	76	0.0244415	1
45	77	-0.0020129	0
45	78	-0.000831347	1
45	79	0.00687207	1
45	80	0.01229	1
45	81	-0.00744771	0
45	82	-0.00614372	0
45	83	-0.00329581	0
45	84	0.00539422	0
45	85	-0.00720866	0
45	86	0.00135012	0
45	87	-0.0131163	1
45	88	0.00662454	1
45	89	0.00157979	0
45	90	-0.0153616	0
45	91	0.00444205	1
45	92	-0.00214358	1
45	93	-0.00868046	1
45	94	-0.0178916	0
45	95	0.0117118	1
45	96	-0.020477	1
45	97	0.0356073	1
45	98	-0.0185786	1
45	99	0.00921595	0
46	0	0.0248231	1
46	1	0.0202696	1
46	2	0.00736789	0
46	3	0.00207921	0
46	4	-0.00581017	1
46	5	-0.00578903	1
46	6	0.00164215	1
46	7	0.00418961	1
46	8	0.0338943	1
46	9	0.00690541	0
46	10	0.0206846	0
46	11	-0.00997159	1
46	12	0.00100858	0
46	13	-0.0136728	0
46	14	-0.018517	1
46	15	0.00316041	1
46	16	0.00241752	1
46	17	-0.00923654	1
46	18	-0.00839441	1
46	19	-0.00563434	0
46	20	-0.00903181	0
46	21	-0.033679	1
46	22	0.00502147	1
46	23	0.00259467	1
46	24	0.00542935	0
46	25	0.00628519	1
46	26	-0.00779518	1
46	27	0.00983707	0
46	28	-0.0225953	1
46	29	-0.00948044	0
46	30	-0.0111385	1
46	31	0.0363427	0
46	32	-0.00772852	1
46	33	0.01332	1
46	34	-0.0380965	1
46	35	0.0213088	0
46	36	0.0212321	0
46	37	-0.00438355	1
46	38	0.0096323	0
46	39	0.0247725	1
46	40	-0.0188755	1
46	41	0.00623822	0
46	42	-0.00102141	0
46	43	-0.00238993	1
46	44	0.0267737	0
46	45	0.015475	1
46	46	-0.00714517	0
46	47	-0.00542878	1
46	48	-0.00398125	0
46	49	0.000286195	1
46	50	0.016701	1
46	51	0.0117708	1
46	52	0.00624698	1
46	53	-0.00108824	1
46	54	0.00827243	1
46	55	-0.0189167	0
46	56	-0.0169463	1
46	57	0.0332712	0
46	58	-0.0305029	1
46	59	8.78879e-05	0
46	60	0.024515	1
46	61	0.00803021	1
46	62	-0.000458698	0
46	63	-0.0159406	0
46	64	0.00587362	1
46	65	-0.0176809	0
46	66	-0.0194937	1
46	67	0.00258898	1
46	68	-0.0240065	1
46	69	0.0213453	0
46	70	-0.00810181	0
46	71	0.00320796	0
46	72	-0.00153989	1
46	73	-0.000400966	0
46	74	-1.9001e-06	1
46	75	-0.0214469	1
46	76	0.00110353	1
46	77	0.00403515	1
46	78	-0.0186349	0
46	79	-0.0235445	1
46	80	-0.0179503	0
46	81	-0.000824686	1
46	82	0.0141252	0
46	83	0.0143254	0
46	84	-0.0157853	1
46	85	-0.0105242	0
46	86	0.00613622	0
46	87	0.0175794	1
46	88	-0.0444193	0
46	89	-0.010939	1
46	90	0.000172516	1
46	91	0.0166964	0
46	92	0.0173471	0
46	93	0.00170296	1
46	94	0.00654525	0
46	95	-0.015814	1
46	96	-0.00913525	0
46	97	0.00495356	1
46	98	0.0241552	0
46	99	0.000113208	0
47	0	0.00239776	1
47	1	0.00320496	1
47	2	-0.00401456	0
47	3	0.00484962	0
47	4	0.0318718	1
47	5	-0.00233198	1
47	6	-0.00223424	0
47	7	0.0303624	0
47	8	-0.000606398	1
47	9	-0.00481817	1
47	10	-0.000837885	0
47	11	-0.0212465	1
47	12	-0.0413572	1
47	13	0.000518141	1
47	14	-0.00365886	1
47	15	0.013388	1
47	16	-0.0104164	0
47	17	-0.00519947	1
47	18	-0.0135568	0
47	19	-0.00216335	1
47	20	-0.000397091	0
47	21	-0.0109075	0
47	22	0.00177758	1
47	23	0.0216693	1
47	24	0.0213038	1
47	25	-0.00375289	0
47	26	2.79162e-05	1
47	27	-0.0175223	0
47	28	0.00235335	0
47	29	-0.00681647	1
47	30	0.0121381	0
47	31	0.00699972	1
47	32	-0.0155422	1
47	33	-0.00571706	1
47	34	0.00976609	1
47	35	-0.0083535	0
47	36	-0.0205137	0
47	37	0.0124258	0
47	38	-0.00822934	1
47	39	0.00304563	0
47	40	0.0233476	0
47	41	0.0237916	1
47	42	0.0197487	1
47	43	-0.00803145	1
47	44	0.00451084	1
47	45	-0.0170449	1
47	46	0.00115421	0
47	47	0.0185352	0
47	48	-0.00316913	0
47	49	-0.0113999	1
47	50	-0.00479217	0
47	51	-0.0166975	0
47	52	0.00795718	0
47	53	0.0296457	0
47	54	-0.0108355	0
47	55	0.00217986	0
47	56	-0.0159768	1
47	57	-0.00212787	1
47	58	0.00628493	0
47	59	-0.00895316	1
47	60	0.0129551	1
47	61	0.00287257	0
47	62	0.0150989	0
47	63	-0.0208839	1
47	64	-0.0111644	0
47	65	-0.00516314	0
47	66	-0.0136456	1
47	67	0.0153664	0
47	68	-0.00342871	1
47	69	0.0128971	0
47	70	0.0216558	1
47	71	0.00610711	0
47	72	0.00348327	1
47	73	-0.00837881	0
47	74	-0.0188864	1
47	75	0.0288224	0
47	76	-0.00958866	0
47	77	0.0171179	0
47	78	0.00700546	1
47	79	-0.0252875	0
47	80	-0.00395727	0
47	81	-0.00617547	1
47	82	-0.014283	1
47	83	-0.00334003	1
47	84	0.0229748	0
47	85	-0.000355848	1
47	86	-0.013268	0
47	87	-0.0093597	1
47	88	0.0300592	1
47	89	-0.0158515	1
47	90	-0.00304013	1
47	91	-0.00545792	1
47	92	0.00210591	0
47	93	-0.0471666	1
47	94	0.0219893	0
47	95	-0.0156569	1
47	96	0.00590079	1
47	97	0.0289649	1
47	98	-0.00754668	0
47	99	0.000475587	1
48	0	-0.000443616	0
48	1	0.0130805	0
48	2	0.0180171	0
48	3	0.00114526	1
48	4	0.00123544	0
48	5	8.15432e-05	1
48	6	-0.0051499	1
48	7	0.000239893	0
48	8	-0.00856249	1
48	9	-0.00163452	0
48	10	0.00262962	1
48	11	0.00163747	1
48	12	-0.027744	1
48	13	0.00911737	1
48	14	-0.0302615	0
48	15	-0.0174606	0
48	16	-0.00294276	1
48	17	0.0185578	0
48	18	-0.0161512	0
48	19	0.0108321	1
48	20	-0.0338618	0
48	21	0.00358731	1
48	22	-0.00899234	0
48	23	0.00553925	0
48	24	0.00650856	1
48	25	-0.0191168	1
48	26	0.0125248	0
48	27	-0.00934715	1
48	28	0.00238284	0
48	29	-0.00530486	0
48	30	-0.000513541	0
48	31	0.0128753	0
48	32	0.0073905	1
48	33	-0.0142001	0
48	34	-0.00784907	0
48	35	0.00891774	0
48	36	0.0182849	1
48	37	-0.00888201	1
48	38	0.00288292	1
48	39	0.00123948	1
48	40	0.00793273	1
48	41	-0.00399079	1
48	42	-0.0032548	1
48	43	-0.00782107	1
48	44	0.00328683	1
48	45	0.00256418	1
48	46	-0.0086752	0
48	47	0.007488	1
48	48	-0.0093744	0
48	49	0.00488111	1
48	50	-0.0115721	1
48	51	0.0184493	0
48	52	0.00431955	0
48	53	-0.00561112	0
48	54	0.00528661	0
48	55	0.00643501	1
48	56	0.0327876	1
48	57	-0.00933539	1
48	58	-0.0123926	1
48	59	0.016883	1
48	60	0.00852725	0
48	61	0.0129831	0
48	62	-0.00563034	1
48	63	0.0116452	0
48	64	0.00155813	1
48	65	-0.0046013	0
48	66	0.0173218	0
48	67	0.00578918	0
48	68	-0.0201563	1
48	69	0.00596859	0
48	70	0.0101578	1
48	71	0.0120176	1
48	72	-0.0149336	1
48	73	-0.0183007	0
48	74	-0.018047	1
48	75	-0.00385316	1
48	76	0.00319327	0
48	77	0.00486629	0
48	78	0.0139908	1
48	79	-0.0115389	1
48	80	-0.00683753	1
48	81	-0.0225007	0
48	82	0.0177816	1
48	83	0.0186463	1
48	84	0.0150734	0
48	85	-0.0127799	0
48	86	-0.00419678	0
48	87	-0.0205353	0
48	88	0.00629547	0
48	89	0.00619797	0
48	90	0.00539071	1
48	91	0.00221584	1
48	92	-0.0016612	1
48	93	0.0145106	0
48	94	-0.000717207	1
48	95	-0.00918627	1
48	96	0.0202561	0
48	97	0.00642622	0
48	98	-0.00453617	1
48	99	-0.0193767	0
49	0	0.00211332	0
49	1	-0.0297148	1
49	2	-0.0296689	0
49	3	-0.008053	0
49	4	-0.0273345	1
49	5	-0.020668	0
49	6	0.00518945	0
49	7	0.00334528	0
49	8	-0.0181612	0
49	9	-0.00117651	0
49	10	0.0181766	1
49	11	-0.00226076	0
49	12	-0.0181557	1
49	13	-0.0201195	0
49	14	-0.0063556	1
49	15	0.0174765	0
49	16	0.00282063	1
49	17	0.0106043	0
49	18	-0.00933023	1
49	19	0.00338197	1
49	20	0.0109205	0
49	21	-0.0139726	1
49	22	0.0110546	0
49	23	0.00518213	0
49	24	-0.0104461	0
49	25	0.00677448	1
49	26	-0.0193775	0
49	27	0.0178285	1
49	28	0.020142	1
49	29	-0.00898804	1
49	30	0.0244641	0
49	31	-0.00718431	1
49	32	0.020067	0
49	33	0.0144023	0
49	34	0.0144008	1
49	35	0.0142807	1
49	36	0.00997819	1
49	37	-0.0059673	0
49	38	0.00970281	0
49	39	0.00324052	0
49	40	-0.0185838	0
49	41	0.0344426	1
49	42	-0.0103254	0
49	43	-0.00498381	1
49	44	0.00532944	1
49	45	-0.00369373	0
49	46	0.016634	0
49	47	0.00651605	1
49	48	-0.00358112	0
49	49	0.00663606	0
49	50	-0.0256824	0
49	51	-0.0280182	0
49	52	0.0069601	0
49	53	0.0189001	0
49	54	-0.00830403	1
49	55	-0.00605814	1
49	56	0.00217416	0
49	57	0.00209986	0
49	58	0.010671	0
49	59	-0.0100939	1
49	60	-0.0128002	1
49	61	-0.00601627	1
49	62	0.00237593	1
49	63	0.00242865	0
49	64	0.000380195	1
49	65	0.00529617	0
49	66	0.000557509	0
49	67	-0.0104707	1
49	68	-0.00518455	1
49	69	0.0106649	1
49	70	0.0115779	1
49	71	-0.0151098	0
49	72	0.0126317	1
49	73	-0.0138412	0
49	74	0.0336634	1
49	75	0.00944357	0
49	76	-0.00622253	0
49	77	-0.0182917	1
49	78	-0.0183666	0
49	79	-0.00311354	0
49	80	0.0220231	1
49	81	0.00817327	0
49	82	0.00619893	0
49	83	0.00891394	0
49	84	-0.0216539	0
49	85	0.0265043	0
49	86	-0.00723555	1
49	87	0.00222196	1
49	88	-0.0131628	1
49	89	0.0133225	0
49	90	0.0107948	1
49	91	-0.0135711	0
49	92	0.0197199	1
49	93	0.000668917	0
49	94	-0.00331459	0
49	95	0.00166717	0
49	96	0.0149201	1
49	97	-0.0185184	0
49	98	0.0147821	1
49	99	-0.0317084	1
