0	0	0.0276766	0.5
0	1	-0.0165084	0.5
0	2	0.0204186	0.5
0	3	0.0347742	0.5
0	4	-0.0396666	0.5
0	5	-0.000415074	0.5
0	6	-0.0254176	0.5
0	7	-0.000861766	0.5
1	0	-0.0502276	0.5
1	1	-0.13207	0.5
1	2	-0.0351162	0.5
1	3	-0.0414931	0.5
1	4	0.0957113	0.5
1	5	0.00401193	0.5
1	6	0.108345	0.5
1	7	0.050838	0.5
2	0	0.0342254	0.5
2	1	0.00320701	0.5
2	2	-0.00164407	0.5
2	3	-0.00257957	0.5
2	4	0.0186918	0.5
2	5	-0.0984317	0.5
2	6	0.00247664	0.5
2	7	0.0440544	0.5
3	0	0.0573155	0.5
3	1	0.0832248	0.5
3	2	-0.0667256	0.5
3	3	-0.0240904	0.5
3	4	0.0506034	0.5
3	5	-0.00886125	0.5
3	6	-0.0108164	0.5
3	7	-0.0806499	0.5
4	0	-0.0656407	0.5
4	1	-0.0281012	0.5
4	2	0.0269004	0.5
4	3	-0.052244	0.5
4	4	0.0897277	0.5
4	5	-0.066201	0.5
4	6	0.062536	0.5
4	7	0.0330228	0.5
5	0	-0.0186857	0.5
5	1	0.0225366	0.5
5	2	-0.0133655	0.5
5	3	-0.0223639	0.5
5	4	0.0618833	0.5
5	5	-0.00866661	0.5
5	6	0.00672532	0.5
5	7	-0.0280635	0.5
6	0	-0.0877466	0.5
6	1	0.00673133	0.5
6	2	0.0611758	0.5
6	3	0.0517094	0.5
6	4	-0.0389239	0.5
6	5	0.0346562	0.5
6	6	-0.0105881	0.5
6	7	-0.0170141	0.5
7	0	0.0563348	0.5
7	1	-0.00937146	0.5
7	2	-0.0468985	0.5
7	3	0.0656245	0.5
7	4	0.0381258	0.5
7	5	0.00527256	0.5
7	6	-0.0865801	0.5
7	7	-0.0225076	0.5
8	0	-0.0142843	0.5
8	1	-0.0417727	0.5
8	2	-0.0160619	0.5
8	3	0.00140249	0.5
8	4	0.0139417	0.5
8	5	0.0397236	0.5
8	6	0.0188044	0.5
8	7	-0.00175336	0.5
9	0	0.0111622	0.5
9	1	0.0266969	0.5
9	2	-0.0050598	0.5
9	3	-0.0550126	0.5
9	4	-0.0325526	0.5
9	5	0.0148103	0.5
9	6	-0.0356107	0.5
9	7	0.0755664	0.5
10	0	-0.0194319	0.5
10	1	0.0285857	0.5
10	2	-0.0245886	0.5
10	3	0.0349915	0.5
10	4	0.0106644	0.5
10	5	0.0215002	0.5
10	6	-0.0843214	0.5
10	7	0.0326001	0.5
11	0	0.0737106	0.5
11	1	-0.0623219	0.5
11	2	-0.0329303	0.5
11	3	0.0123657	0.5
11	4	-0.0900171	0.5
11	5	0.0332884	0.5
11	6	0.0439709	0.5
11	7	0.0219336	0.5
12	0	0.022464	0.5
12	1	0.0360427	0.5
12	2	0.0388118	0.5
12	3	-0.0605603	0.5
12	4	0.00193056	0.5
12	5	-0.0562122	0.5
12	6	0.00414473	0.5
12	7	0.0133787	0.5
13	0	0.0492258	0.5
13	1	-0.0105434	0.5
13	2	-0.0400268	0.5
13	3	-0.0420447	0.5
13	4	0.0274184	0.5
13	5	0.0506747	0.5
13	6	-0.0127012	0.5
13	7	-0.0220027	0.5
14	0	-0.0412291	0.5
14	1	-0.0609838	0.5
14	2	0.053709	0.5
14	3	-0.00258364	0.5
14	4	-0.0291954	0.5
14	5	-0.000340445	0.5
14	6	0.0579943	0.5
14	7	0.0226292	0.5
15	0	-0.0560221	0.5
15	1	0.0641322	0.5
15	2	-0.0314381	0.5
15	3	0.0427219	0.5
15	4	0.0182555	0.5
15	5	-0.0378703	0.5
15	6	0.0239128	0.5
15	7	-0.023692	0.5
16	0	-0.103312	0.5
16	1	0.000944246	0.5
16	2	0.088484	0.5
16	3	0.00335242	0.5
16	4	0.00301417	0.5
16	5	0.100665	0.5
16	6	-0.0282816	0.5
16	7	-0.0648667	0.5
17	0	-0.0191173	0.5
17	1	0.0254932	0.5
17	2	-0.0256725	0.5
17	3	0.0345249	0.5
17	4	-0.0115523	0.5
17	5	0.0277033	0.5
17	6	0.0325102	0.5
17	7	-0.0638894	0.5
18	0	-0.0163064	0.5
18	1	0.071571	0.5
18	2	0.0104819	0.5
18	3	-0.0612019	0.5
18	4	0.0209416	0.5
18	5	-0.000268218	0.5
18	6	-0.0903	0.5
18	7	0.065082	0.5
19	0	-0.0207233	0.5
19	1	0.0219007	0.5
19	2	0.0204528	0.5
19	3	-0.0333558	0.5
19	4	0.0387004	0.5
19	5	-0.017496	0.5
19	6	-0.00843496	0.5
19	7	-0.00104385	0.5
20	0	-0.0321292	0.5
20	1	0.0172161	0.5
20	2	-0.038589	0.5
20	3	-0.0368649	0.5
20	4	0.0695757	0.5
20	5	0.0522498	0.5
20	6	-0.0315161	0.5
20	7	5.76227e-05	0.5
21	0	-0.0225969	0.5
21	1	-0.0376491	0.5
21	2	0.0282975	0.5
21	3	-0.108846	0.5
21	4	0.109437	0.5
21	5	-0.024494	0.5
21	6	0.0236583	0.5
21	7	0.0321931	0.5
22	0	-0.0215457	0.5
22	1	-0.0228756	0.5
22	2	0.0467471	0.5
22	3	0.00621201	0.5
22	4	-0.0529046	0.5
22	5	0.0159495	0.5
22	6	-0.0209252	0.5
22	7	0.0493425	0.5
23	0	-0.0146351	0.5
23	1	-0.026465	0.5
23	2	0.04735	0.5
23	3	-0.0117076	0.5
23	4	0.0176168	0.5
23	5	0.0145257	0.5
23	6	-0.0406433	0.5
23	7	0.0139584	0.5
24	0	0.0499052	0.5
24	1	-0.0358623	0.5
24	2	0.0431161	0.5
24	3	-0.0354732	0.5
24	4	-0.0542222	0.5
24	5	0.0313704	0.5
24	6	0.0552988	0.5
24	7	-0.0541329	0.5
25	0	0.0264309	0.5
25	1	0.00718328	0.5
25	2	0.00960407	0.5
25	3	0.0117116	0.5
25	4	0.0297755	0.5
25	5	-0.104247	0.5
25	6	0.0650405	0.5
25	7	-0.0454989	0.5
26	0	0.0403253	0.5
26	1	-0.00482667	0.5
26	2	0.0418602	0.5
26	3	-0.0457658	0.5
26	4	-0.0881699	0.5
26	5	0.0507088	0.5
26	6	0.0155517	0.5
26	7	-0.00968377	0.5
27	0	-0.0681433	0.5
27	1	-0.0607844	0.5
27	2	-0.00661856	0.5
27	3	0.000951642	0.5
27	4	0.0680482	0.5
27	5	0.0445292	0.5
27	6	0.00390735	0.5
27	7	0.0181099	0.5
28	0	0.0200635	0.5
28	1	-0.0238343	0.5
28	2	-0.040286	0.5
28	3	-0.0152219	0.5
28	4	0.02015	0.5
28	5	0.0032577	0.5
28	6	0.00685785	0.5
28	7	0.0290132	0.5
29	0	-0.0440628	0.5
29	1	0.0446525	0.5
29	2	-0.0177257	0.5
29	3	0.0677663	0.5
29	4	-0.0189454	0.5
29	5	-0.0260471	0.5
29	6	0.0208679	0.5
29	7	-0.0265057	0.5
30	0	0.0681692	0.5
30	1	0.0185529	0.5
30	2	0.0372042	0.5
30	3	-0.0375983	0.5
30	4	0.0502887	0.5
30	5	-0.0171393	0.5
30	6	-0.0814789	0.5
30	7	-0.0379985	0.5
31	0	-0.00227497	0.5
31	1	-0.0291867	0.5
31	2	0.0332944	0.5
31	3	-0.0157013	0.5
31	4	-0.0528361	0.5
31	5	-0.00586334	0.5
31	6	0.00027423	0.5
31	7	0.0722937	0.5
32	0	0.0559519	0.5
32	1	0.0387687	0.5
32	2	0.05696	0.5
32	3	-0.0643451	0.5
32	4	-0.0225826	0.5
32	5	-0.0547487	0.5
32	6	-0.0317279	0.5
32	7	0.0217238	0.5
33	0	0.012142	0.5
33	1	0.0608592	0.5
33	2	-0.0712404	0.5
33	3	-0.00598358	0.5
33	4	0.0510506	0.5
33	5	-0.0100614	0.5
33	6	-0.0151748	0.5
33	7	-0.0215916	0.5
34	0	0.0336749	0.5
34	1	0.0611927	0.5
34	2	-0.000502485	0.5
34	3	0.00468584	0.5
34	4	-0.0556177	0.5
34	5	0.00531523	0.5
34	6	-0.0569321	0.5
34	7	0.00818357	0.5
35	0	0.00396242	0.5
35	1	0.0434366	0.5
35	2	-0.0819159	0.5
35	3	-0.0449457	0.5
35	4	-0.0104521	0.5
35	5	-0.0343601	0.5
35	6	0.0708364	0.5
35	7	0.0534382	0.5
36	0	-0.0294124	0.5
36	1	-0.0352058	0.5
36	2	0.0543207	0.5
36	3	0.0937828	0.5
36	4	-0.0657814	0.5
36	5	0.0134467	0.5
36	6	0.0020306	0.5
36	7	-0.0331812	0.5
37	0	-0.00312377	0.5
37	1	-0.0442317	0.5
37	2	0.0619071	0.5
37	3	0.0373141	0.5
37	4	-0.0889582	0.5
37	5	-0.00531408	0.5
37	6	0.00265152	0.5
37	7	0.0397551	0.5
38	0	0.0618316	0.5
38	1	0.0526503	0.5
38	2	-0.036004	0.5
38	3	0.0205531	0.5
38	4	-0.0196903	0.5
38	5	0.0286711	0.5
38	6	-0.0555144	0.5
38	7	-0.0524974	0.5
39	0	0.0381975	0.5
39	1	-0.0770671	0.5
39	2	-0.013687	0.5
39	3	0.0766191	0.5
39	4	-0.112049	0.5
39	5	0.0617634	0.5
39	6	0.0406002	0.5
39	7	-0.0143769	0.5
40	0	-0.0106364	0.5
40	1	0.000760346	0.5
40	2	-0.00948905	0.5
40	3	0.0378424	0.5
40	4	-0.05759	0.5
40	5	0.0948528	0.5
40	6	-0.0240208	0.5
40	7	-0.0317192	0.5
41	0	-0.0267909	0.5
41	1	-0.000714542	0.5
41	2	-0.0681995	0.5
41	3	0.103509	0.5
41	4	0.0147757	0.5
41	5	0.0464918	0.5
41	6	-0.0755885	0.5
41	7	0.00651733	0.5
42	0	0.0883333	0.5
42	1	0.00575794	0.5
42	2	-0.0281812	0.5
42	3	0.0410042	0.5
42	4	-0.106953	0.5
42	5	0.0299626	0.5
42	6	-0.0190421	0.5
42	7	-0.0108819	0.5
43	0	0.0510156	0.5
43	1	-0.0661463	0.5
43	2	0.0268807	0.5
43	3	0.0397969	0.5
43	4	-0.0170105	0.5
43	5	-0.0525151	0.5
43	6	0.0675048	0.5
43	7	-0.0495259	0.5
44	0	0.0178846	0.5
44	1	0.0114256	0.5
44	2	0.038185	0.5
44	3	-0.0242945	0.5
44	4	-0.00427889	0.5
44	5	0.0398892	0.5
44	6	-0.0125725	0.5
44	7	-0.0662385	0.5
45	0	-0.0471513	0.5
45	1	-0.0505132	0.5
45	2	0.00361272	0.5
45	3	0.0910203	0.5
45	4	-0.00236485	0.5
45	5	-0.057291	0.5
45	6	0.0455414	0.5
45	7	0.017146	0.5
46	0	0.00718407	0.5
46	1	0.00640715	0.5
46	2	0.00197021	0.5
46	3	-0.040638	0.5
46	4	0.0268638	0.5
46	5	0.0176864	0.5
46	6	0.0222082	0.5
46	7	-0.0416818	0.5
47	0	0.0285197	0.5
47	1	-0.0367352	0.5
47	2	0.0725206	0.5
47	3	0.0562646	0.5
47	4	-0.0514048	0.5
47	5	-0.0649836	0.5
47	6	-0.00617804	0.5
47	7	0.00199667	0.5
48	0	-0.0027058	0.5
48	1	0.0170515	0.5
48	2	-0.0383255	0.5
48	3	0.0158953	0.5
48	4	0.0462271	0.5
48	5	-0.0329646	0.5
48	6	-0.0071634	0.5
48	7	0.0019854	0.5
49	0	0.0354351	0.5
49	1	0.099275	0.5
49	2	0.0640682	0.5
49	3	-0.0674515	0.5
49	4	-0.0357023	0.5
49	5	0.0050936	0.5
49	6	-0.0539916	0.5
49	7	-0.0467265	0.5
