0	0	0.0101434	1
0	1	-0.0165867	1
0	2	0.00929767	0
0	3	0.012012	1
0	4	-0.00760399	0
0	5	-0.0100353	1
0	6	-0.00418733	1
0	7	0.013395	0
0	8	0.0148012	0
0	9	0.0156912	1
0	10	-0.024838	0
0	11	0.00991904	0
0	12	0.00416966	0
0	13	0.0143104	0
0	14	-0.00194564	1
0	15	-0.000190497	1
0	16	-0.00558797	0
0	17	-0.0131653	1
0	18	0.00332485	0
0	19	-0.0295103	0
0	20	0.00102196	0
0	21	0.00719397	0
0	22	0.0172555	0
0	23	-0.00399195	1
0	24	0.00858989	1
0	25	-0.00495992	1
0	26	0.00833375	0
0	27	0.0234684	1
0	28	-0.0150888	0
0	29	0.0176545	1
0	30	0.00344431	0
0	31	0.00477699	0
0	32	0.0410002	0
0	33	0.0218328	1
0	34	-0.0264087	1
0	35	-0.00361792	0
0	36	-0.0172429	1
0	37	0.0121252	0
0	38	0.0120229	0
0	39	0.0146163	0
0	40	0.0102182	0
0	41	-0.00639006	1
0	42	0.0003499	0
0	43	-0.0112898	1
0	44	0.0141398	1
0	45	0.00502226	1
0	46	0.0260894	0
0	47	-0.023956	1
0	48	-0.00743698	0
0	49	-0.0188769	1
0	50	-0.00141866	1
0	51	-0.00270455	0
0	52	-0.015313	1
0	53	-0.00678144	1
0	54	0.0157782	1
0	55	-0.00952744	0
0	56	-0.00920903	0
0	57	-0.000311872	1
0	58	0.00565623	0
0	59	-0.00716407	0
0	60	0.00491334	1
0	61	-0.011674	0
0	62	-0.00955346	1
0	63	-0.0436528	1
0	64	-0.0184253	0
0	65	-0.0242717	0
0	66	0.00125542	0
0	67	-0.0376041	0
0	68	-0.0133033	0
0	69	-0.00699451	0
0	70	-0.00590818	1
0	71	-0.0020772	1
0	72	0.0282661	0
0	73	0.0165876	0
0	74	-0.0117524	0
0	75	-0.012042	1
0	76	-0.0122608	1
0	77	-0.00332836	1
0	78	0.00522911	0
0	79	0.0307438	1
0	80	-0.00123626	0
0	81	0.00882941	1
0	82	-0.00171493	0
0	83	0.000435702	1
0	84	0.00719506	1
0	85	0.00179557	0
0	86	0.000338121	0
0	87	-0.0125788	1
0	88	0.00981507	0
0	89	0.00829999	1
0	90	-0.0217442	0
0	91	-0.00533428	0
0	92	-0.00336974	1
0	93	0.00453063	0
0	94	0.00596811	1
0	95	-0.0056425	0
0	96	0.0302003	1
0	97	0.0141476	1
0	98	0.00536213	1
0	99	0.00824164	1
1	0	0.0148933	1
1	1	0.00871254	0
1	2	-0.0140243	1
1	3	-0.0211688	1
1	4	0.0101848	1
1	5	0.00998075	1
1	6	0.00317231	1
1	7	0.0100499	0
1	8	-0.0135137	0
1	9	0.00898686	1
1	10	-0.0132974	0
1	11	0.00497114	0
1	12	0.00991381	1
1	13	0.0170991	0
1	14	-0.00768418	0
1	15	-0.0227899	0
1	16	0.000402043	0
1	17	0.0244962	0
1	18	0.0168413	0
1	19	0.00189161	1
1	20	-0.00256286	1
1	21	-0.0227818	1
1	22	0.0135102	0
1	23	0.00469316	1
1	24	-0.00973845	0
1	25	0.0077018	0
1	26	-0.0346399	0
1	27	0.0138719	0
1	28	-0.0222542	1
1	29	0.0278648	1
1	30	0.0106272	0
1	31	-0.00360553	0
1	32	-0.0276707	0
1	33	-0.023937	0
1	34	0.026079	0
1	35	0.00990736	0
1	36	-0.0173566	0
1	37	0.00539999	1
1	38	0.0278709	1
1	39	-0.0152055	1
1	40	0.0164142	1
1	41	0.00632217	1
1	42	0.0013217	0
1	43	0.0198139	0
1	44	0.00700358	0
1	45	0.0134335	0
1	46	0.0111945	0
1	47	0.0137526	0
1	48	0.0121463	0
1	49	0.00119019	0
1	50	-0.010335	0
1	51	-0.0431727	1
1	52	-0.0300292	1
1	53	-0.0120149	1
1	54	-0.00942267	1
1	55	-0.0159303	1
1	56	-0.0406077	1
1	57	-0.0106385	1
1	58	-0.00563215	0
1	59	0.00904794	1
1	60	0.00183261	0
1	61	0.00533759	1
1	62	0.00873814	0
1	63	-0.00355744	1
1	64	-0.00264779	0
1	65	0.0296054	0
1	66	0.0239035	0
1	67	-0.00527376	0
1	68	0.0212757	0
1	69	0.00494913	0
1	70	0.00690956	0
1	71	-0.00305761	0
1	72	0.00303776	1
1	73	0.00428722	1
1	74	-0.00676694	0
1	75	-0.0116412	1
1	76	0.00549925	1
1	77	-0.00287536	1
1	78	0.020071	0
1	79	-0.0235243	1
1	80	0.0104204	1
1	81	0.00547535	1
1	82	0.0176876	0
1	83	-0.0109869	0
1	84	0.00614902	0
1	85	0.000711533	1
1	86	0.00109334	1
1	87	-0.0234882	1
1	88	-0.00827116	0
1	89	0.00405927	0
1	90	-0.0139557	1
1	91	-0.0136932	1
1	92	0.00526841	1
1	93	-0.00429309	0
1	94	-0.012137	1
1	95	0.0101763	0
1	96	-0.0093053	1
1	97	0.0118011	1
1	98	0.0103691	0
1	99	-0.0139317	0
2	0	-0.00476286	1
2	1	0.0274461	0
2	2	-0.018445	0
2	3	-0.00655248	1
2	4	0.00994316	0
2	5	0.00495927	1
2	6	0.00619616	0
2	7	0.00726448	0
2	8	0.00121261	1
2	9	0.00358669	0
2	10	0.00657493	1
2	11	0.00913676	1
2	12	0.00807324	1
2	13	0.00810726	0
2	14	0.0151683	0
2	15	0.0162627	1
2	16	-0.00792555	0
2	17	-0.013326	1
2	18	-0.00296486	1
2	19	0.00488306	0
2	20	-0.0141128	1
2	21	0.0164328	1
2	22	0.00450916	1
2	23	-0.0132666	0
2	24	0.016993	0
2	25	0.00668454	0
2	26	0.00101316	0
2	27	-0.00200406	0
2	28	0.00240336	0
2	29	-0.00104335	1
2	30	-0.000245334	0
2	31	0.00646632	1
2	32	-0.00224347	0
2	33	0.0159297	0
2	34	-0.0146593	0
2	35	0.00842258	0
2	36	-0.00946357	0
2	37	-0.00860479	0
2	38	-0.00387402	1
2	39	0.00916277	1
2	40	-0.0066315	1
2	41	0.00938832	1
2	42	-0.00820494	0
2	43	-0.0223684	0
2	44	-4.81841e-07	0
2	45	0.0067916	1
2	46	0.00955944	0
2	47	0.0272473	0
2	48	-0.00718065	1
2	49	-0.0084445	1
2	50	-0.0108171	1
2	51	0.00660744	0
2	52	0.0250401	1
2	53	-0.0156229	1
2	54	-0.022799	0
2	55	0.0107729	0
2	56	0.00294844	1
2	57	0.00756645	1
2	58	-0.0268444	1
2	59	0.0163423	0
2	60	0.00304441	0
2	61	0.000934029	0
2	62	-0.0162506	0
2	63	0.00492355	1
2	64	-0.00513023	1
2	65	0.0156357	0
2	66	-0.000486676	1
2	67	-0.0105034	0
2	68	-0.00787302	1
2	69	-0.00482912	0
2	70	-0.0174053	0
2	71	0.0117047	0
2	72	0.0185575	0
2	73	-0.00294198	1
2	74	0.0261036	1
2	75	0.0178133	1
2	76	-0.0297237	1
2	77	-0.00140429	1
2	78	-0.0081885	0
2	79	-0.0305834	1
2	80	-0.0237835	0
2	81	-0.00134578	1
2	82	0.025566	0
2	83	-0.0170467	1
2	84	-0.00281382	0
2	85	-0.0132747	0
2	86	-0.0175399	0
2	87	0.0114058	1
2	88	-0.0149949	1
2	89	-0.0190085	0
2	90	-0.00920064	0
2	91	0.00924647	0
2	92	0.00766026	1
2	93	-0.0148655	1
2	94	0.0119658	0
2	95	0.011605	0
2	96	0.0131812	0
2	97	-0.000938356	0
2	98	0.00945135	0
2	99	-0.0153548	0
3	0	0.0136295	1
3	1	-0.00627129	1
3	2	-0.0320228	1
3	3	0.00891029	0
3	4	0.0259091	0
3	5	-0.00675733	1
3	6	0.0124534	1
3	7	-2.48427e-05	1
3	8	0.0251404	1
3	9	0.0234088	1
3	10	0.0137151	0
3	11	-0.0116211	1
3	12	0.00497266	0
3	13	0.0309866	1
3	14	0.0206134	1
3	15	0.00439291	0
3	16	0.0393225	0
3	17	-0.0196497	1
3	18	-0.000348045	1
3	19	-0.0146711	0
3	20	0.0213245	1
3	21	0.0200989	1
3	22	-0.018858	0
3	23	-0.00168539	1
3	24	-0.0116001	0
3	25	-0.0177164	0
3	26	-0.0246814	1
3	27	-0.0285199	0
3	28	-0.00405863	1
3	29	0.00926213	1
3	30	0.0104941	0
3	31	-0.0118968	0
3	32	-0.027506	1
3	33	0.0104509	1
3	34	-0.00687348	0
3	35	-0.00157433	0
3	36	0.000325312	0
3	37	0.0289096	0
3	38	0.0104114	0
3	39	-0.00573311	0
3	40	-0.003467	0
3	41	0.0206995	0
3	42	-0.0286947	0
3	43	-0.0254173	1
3	44	0.00334876	1
3	45	-0.000913811	1
3	46	0.00984539	0
3	47	0.0135071	1
3	48	0.021807	1
3	49	0.00582998	1
3	50	0.0026608	1
3	51	-0.00472156	0
3	52	0.0166469	0
3	53	-0.00402346	1
3	54	-0.00453213	0
3	55	-0.0227255	1
3	56	-0.00871046	1
3	57	-0.00602504	0
3	58	-0.00464202	1
3	59	-0.00461066	1
3	60	0.0114355	1
3	61	-0.0195766	1
3	62	0.0208099	1
3	63	0.00904016	1
3	64	-0.00963246	1
3	65	0.0303869	1
3	66	0.00448653	0
3	67	-0.0101044	1
3	68	0.000307195	1
3	69	-0.00387027	1
3	70	0.0172568	0
3	71	-0.0176168	1
3	72	-0.00421498	1
3	73	7.40668e-05	0
3	74	0.0035045	0
3	75	-0.0214669	1
3	76	-0.0216054	1
3	77	-0.0154915	0
3	78	0.0262779	1
3	79	0.00949315	0
3	80	0.00588742	1
3	81	-0.0068643	1
3	82	-0.0111772	1
3	83	-0.000417431	1
3	84	0.00328625	0
3	85	-0.00974101	0
3	86	-0.00295992	0
3	87	-0.0151092	0
3	88	-0.00137112	1
3	89	-0.00250456	1
3	90	0.0149752	1
3	91	-0.0105446	1
3	92	-0.0256336	1
3	93	0.00927756	0
3	94	0.00969325	1
3	95	-0.0166501	0
3	96	0.0024209	0
3	97	0.0237066	1
3	98	-0.00211384	0
3	99	-0.0321771	1
4	0	0.0149242	0
4	1	-0.0315076	1
4	2	0.00406103	1
4	3	0.0051222	0
4	4	-0.00176095	1
4	5	-0.0169936	0
4	6	-0.000878087	0
4	7	-0.0246225	1
4	8	-0.0126052	0
4	9	0.0259369	0
4	10	0.0054143	1
4	11	0.00427284	1
4	12	0.0168131	1
4	13	0.0056647	1
4	14	0.0194191	1
4	15	0.0175968	1
4	16	0.00520387	1
4	17	-0.00606956	0
4	18	-0.0142014	1
4	19	0.0131743	1
4	20	0.0111591	0
4	21	0.00609663	0
4	22	0.00137442	1
4	23	-0.022859	0
4	24	-0.0110385	0
4	25	0.00445595	1
4	26	0.0335837	1
4	27	-0.0294827	1
4	28	0.0123174	0
4	29	-0.000759962	0
4	30	-0.0276766	1
4	31	-0.0149994	0
4	32	0.0190533	1
4	33	0.0145694	0
4	34	0.00240266	0
4	35	-0.00709301	1
4	36	0.00452435	0
4	37	0.00400166	1
4	38	0.00956405	1
4	39	-0.0285155	0
4	40	0.0040134	0
4	41	-0.00968717	0
4	42	0.010217	0
4	43	0.0147517	0
4	44	0.00763828	1
4	45	-0.000885996	0
4	46	0.0196271	0
4	47	-0.00273425	0
4	48	0.00444274	0
4	49	-0.00989844	1
4	50	-0.000618349	1
4	51	-0.0235247	0
4	52	-0.00254256	0
4	53	-0.0241597	0
4	54	0.0161637	1
4	55	-0.00978609	0
4	56	-0.00251832	1
4	57	-0.00439847	1
4	58	-0.00506513	0
4	59	0.00102411	0
4	60	-0.00722611	0
4	61	-0.0154042	0
4	62	0.000223922	1
4	63	0.0067565	0
4	64	0.0147003	0
4	65	-0.0183966	0
4	66	-0.023632	0
4	67	0.0236397	0
4	68	-0.0135392	0
4	69	-0.0303288	0
4	70	0.000811166	1
4	71	0.00295521	1
4	72	0.0303261	0
4	73	0.00631309	1
4	74	-0.0045714	0
4	75	-0.0344042	0
4	76	-0.00468703	1
4	77	0.0123763	1
4	78	0.0151011	1
4	79	-0.023276	0
4	80	-0.0102189	1
4	81	-0.00471143	1
4	82	-0.00887489	1
4	83	0.0208923	0
4	84	0.0100456	0
4	85	-0.00202666	0
4	86	0.0169674	1
4	87	0.00174675	0
4	88	-0.00525715	1
4	89	0.0124494	1
4	90	0.00635332	0
4	91	-0.00206468	1
4	92	0.00883689	1
4	93	0.00399522	1
4	94	-0.0101054	0
4	95	0.00554685	0
4	96	0.00219422	0
4	97	-0.00504076	0
4	98	0.0220265	0
4	99	0.00780606	1
5	0	-0.00932778	0
5	1	0.0029841	0
5	2	-0.00538315	1
5	3	0.00472778	0
5	4	-0.00931513	0
5	5	-0.0137741	0
5	6	-0.000524989	1
5	7	-0.00531936	0
5	8	0.0158589	1
5	9	0.00104751	1
5	10	0.0100951	1
5	11	0.0224311	1
5	12	-0.0195263	0
5	13	-0.0262373	0
5	14	0.0139531	1
5	15	-0.00991136	0
5	16	0.0273964	0
5	17	-0.0217473	1
5	18	0.0155689	0
5	19	0.0106655	0
5	20	-0.0104101	1
5	21	-0.0102182	0
5	22	0.00765407	0
5	23	0.00176802	1
5	24	0.000739604	0
5	25	-0.00203629	1
5	26	-0.00143004	0
5	27	0.0140604	1
5	28	0.0199981	0
5	29	-0.000901569	0
5	30	0.00260291	0
5	31	0.00384023	0
5	32	0.000763135	0
5	33	-0.00313326	1
5	34	-0.0213767	1
5	35	-0.0113516	0
5	36	0.016132	1
5	37	0.00736412	1
5	38	-0.0121704	0
5	39	-0.00190017	1
5	40	-0.00580539	1
5	41	-0.000211856	1
5	42	-0.020792	1
5	43	0.00511127	0
5	44	0.0242698	0
5	45	-0.00299921	0
5	46	-0.00156384	0
5	47	0.012007	1
5	48	0.00346913	0
5	49	0.0108005	1
5	50	0.00282531	1
5	51	-0.0105278	1
5	52	-0.0185219	1
5	53	0.0286818	1
5	54	0.0162146	1
5	55	-0.00981405	0
5	56	-0.0165299	0
5	57	-0.0103335	1
5	58	0.0227443	0
5	59	-0.00329212	0
5	60	0.00999987	1
5	61	-0.0117277	1
5	62	0.00645516	0
5	63	-0.0127917	1
5	64	-0.00575597	1
5	65	0.000972231	0
5	66	-0.0128975	0
5	67	0.0100767	1
5	68	0.0136545	1
5	69	-0.0126609	1
5	70	-0.0188782	0
5	71	-0.0187897	0
5	72	0.00370407	0
5	73	-0.0139178	1
5	74	-0.0108796	1
5	75	0.0128779	1
5	76	0.0194068	0
5	77	0.0248498	1
5	78	-0.00861091	0
5	79	0.0121726	1
5	80	-0.0443621	0
5	81	-0.0114082	1
5	82	-0.0050493	1
5	83	6.29082e-05	0
5	84	0.0273387	1
5	85	-0.00923606	0
5	86	0.00895073	1
5	87	-0.00788791	1
5	88	0.013948	1
5	89	-0.0147501	0
5	90	0.00237745	0
5	91	-0.00257727	1
5	92	-0.00776625	0
5	93	-0.0329636	0
5	94	-0.00620039	1
5	95	0.0240135	1
5	96	0.0197654	1
5	97	0.0310339	1
5	98	-0.000571847	1
5	99	-0.00136539	0
6	0	-0.0159127	0
6	1	0.0139646	1
6	2	0.0117928	1
6	3	0.0127571	0
6	4	0.00348318	0
6	5	0.0156824	0
6	6	0.0125332	0
6	7	-0.00489359	0
6	8	-0.00826343	0
6	9	0.00604243	1
6	10	-0.00196358	0
6	11	-0.0114705	1
6	12	-0.00865337	1
6	13	0.014899	1
6	14	0.00312658	1
6	15	0.00986822	1
6	16	0.0133012	0
6	17	-0.0183347	0
6	18	0.00325533	1
6	19	-0.00758138	0
6	20	-0.0295515	0
6	21	-0.0270329	1
6	22	0.0137188	0
6	23	-0.00456374	0
6	24	0.0051135	0
6	25	-0.00537359	0
6	26	0.019471	0
6	27	0.0163244	0
6	28	0.0168417	1
6	29	0.0329754	1
6	30	0.0156008	0
6	31	-0.011051	1
6	32	0.0239253	0
6	33	-0.0322967	1
6	34	-0.0065552	0
6	35	-0.0143004	0
6	36	-0.00599667	1
6	37	-0.0160609	0
6	38	0.000286202	1
6	39	-0.00368082	0
6	40	-0.00205451	0
6	41	-0.020206	0
6	42	0.00130679	1
6	43	-0.000735464	0
6	44	0.00494659	0
6	45	-0.0132792	0
6	46	-0.0166805	1
6	47	-0.00992844	1
6	48	0.0277428	1
6	49	-0.00128277	1
6	50	-0.0081917	0
6	51	0.000834837	1
6	52	0.0116731	0
6	53	-0.00634452	1
6	54	0.0109868	0
6	55	0.0264226	0
6	56	-0.00412886	0
6	57	0.00917343	1
6	58	-0.00231433	0
6	59	0.0211917	0
6	60	0.026081	0
6	61	-0.00662881	0
6	62	0.0196797	1
6	63	-0.0133614	1
6	64	-0.0158211	1
6	65	-0.0207093	0
6	66	0.00348757	0
6	67	0.0179724	0
6	68	0.00359507	1
6	69	0.000546746	1
6	70	-0.0186808	0
6	71	0.0104847	0
6	72	-0.0120629	0
6	73	-0.0146578	1
6	74	-0.02824	1
6	75	-0.000265996	1
6	76	-0.0114691	0
6	77	-0.00556244	1
6	78	0.00190355	1
6	79	-0.0296071	0
6	80	0.0079434	1
6	81	-0.0236643	1
6	82	-0.0289384	1
6	83	-0.015967	0
6	84	0.0275639	0
6	85	-0.00132723	1
6	86	0.0185415	1
6	87	0.00203195	1
6	88	0.00219729	0
6	89	0.00185597	1
6	90	-0.0147167	0
6	91	0.0074379	0
6	92	0.0274126	1
6	93	0.00118337	0
6	94	-0.00858665	0
6	95	0.0167877	1
6	96	0.00271594	0
6	97	0.0186792	0
6	98	0.0160425	1
6	99	-0.0244356	1
7	0	0.00999839	1
7	1	0.0137586	1
7	2	0.00420309	1
7	3	0.00685262	1
7	4	-0.0226546	0
7	5	0.00457965	1
7	6	0.0118848	1
7	7	0.0138813	1
7	8	-0.00173985	0
7	9	-0.0108859	0
7	10	0.0150706	1
7	11	0.0331504	0
7	12	0.00583739	1
7	13	-0.00416971	0
7	14	0.00460801	0
7	15	0.00666352	1
7	16	0.00086891	0
7	17	-0.0172823	0
7	18	0.00861716	0
7	19	0.0301452	1
7	20	-0.0129259	0
7	21	0.0116824	1
7	22	0.03499	1
7	23	-0.0170741	0
7	24	-0.00948164	0
7	25	-0.00107711	1
7	26	-0.0235858	0
7	27	0.0032868	1
7	28	-0.0180969	1
7	29	-0.00832806	1
7	30	-0.00443841	1
7	31	-0.0271592	0
7	32	0.0019929	0
7	33	0.00269788	0
7	34	-0.0159589	0
7	35	0.0126137	1
7	36	-0.0167827	0
7	37	-0.0105589	1
7	38	-0.00251892	1
7	39	0.00442088	0
7	40	0.017386	0
7	41	-0.0120872	1
7	42	-0.0222042	1
7	43	0.0209765	0
7	44	0.0304798	0
7	45	-0.00106096	0
7	46	0.0019563	0
7	47	-0.00393342	0
7	48	-0.00016219	1
7	49	-0.0061777	0
7	50	-0.0102512	1
7	51	0.00772459	0
7	52	-0.00242992	1
7	53	-6.16768e-05	0
7	54	0.00263785	1
7	55	-0.00984432	0
7	56	0.014905	0
7	57	-0.0253635	0
7	58	0.00599573	0
7	59	-0.0198896	1
7	60	0.00413358	1
7	61	-0.0296295	1
7	62	-0.00475456	1
7	63	-0.0129335	1
7	64	-0.00827104	1
7	65	0.000625077	0
7	66	-0.0130845	0
7	67	0.000114913	1
7	68	0.0114589	0
7	69	-0.0129288	0
7	70	-0.00131437	1
7	71	-0.011376	0
7	72	0.00660193	0
7	73	0.0120233	0
7	74	-0.0128687	1
7	75	-0.0145163	1
7	76	0.0205787	0
7	77	-0.00540982	0
7	78	-0.00262972	1
7	79	-0.00303318	0
7	80	-0.0133671	1
7	81	0.0155647	0
7	82	0.0125307	1
7	83	-0.000419767	1
7	84	-0.00436924	0
7	85	0.0118443	1
7	86	0.0138205	1
7	87	0.017734	0
7	88	0.00679472	0
7	89	0.00254981	0
7	90	-0.0102828	1
7	91	0.0123893	0
7	92	0.00113155	1
7	93	0.00442926	0
7	94	0.0129406	1
7	95	0.00747667	1
7	96	0.000176549	0
7	97	0.00484893	0
7	98	0.000105545	0
7	99	-0.0243656	1
8	0	0.0158682	0
8	1	-0.010667	1
8	2	0.00267494	1
8	3	0.015058	0
8	4	-0.00382277	1
8	5	6.95919e-05	0
8	6	0.0221184	0
8	7	-0.0211434	1
8	8	-0.00370691	0
8	9	-0.0155103	0
8	10	-0.00329273	0
8	11	-0.00417803	0
8	12	-0.0059311	1
8	13	-0.0180768	1
8	14	0.00150584	1
8	15	-0.00758611	0
8	16	0.0100904	0
8	17	0.000915846	0
8	18	0.0037349	1
8	19	0.00819835	1
8	20	0.0112829	1
8	21	0.0125077	1
8	22	-0.00521819	0
8	23	-0.00971751	0
8	24	-0.0197907	1
8	25	0.0175357	0
8	26	0.00446733	0
8	27	0.00965211	1
8	28	0.0102586	0
8	29	0.0120563	0
8	30	0.000757243	0
8	31	0.0107239	0
8	32	-0.0155218	0
8	33	-0.0380592	0
8	34	0.000722475	0
8	35	0.00160969	0
8	36	-0.00452887	1
8	37	-0.0158274	1
8	38	-0.0253389	1
8	39	0.00979623	0
8	40	-0.0190299	1
8	41	-0.00564164	1
8	42	-0.00868871	1
8	43	-0.0136536	1
8	44	0.0291319	0
8	45	-0.014225	1
8	46	0.000820676	1
8	47	0.0194697	0
8	48	-0.0022339	0
8	49	-0.0221045	1
8	50	-3.89718e-05	1
8	51	0.00448146	1
8	52	-0.00787033	1
8	53	-0.00149024	1
8	54	0.0072164	0
8	55	0.0110962	1
8	56	0.00731398	1
8	57	0.013808	0
8	58	0.0348115	0
8	59	0.00426681	1
8	60	0.0167003	1
8	61	-0.00653538	1
8	62	-0.00231216	0
8	63	-0.0332828	1
8	64	-0.0183561	1
8	65	0.0316741	1
8	66	-0.00875136	0
8	67	0.00157743	0
8	68	-0.0118292	0
8	69	-0.000756211	0
8	70	-0.00121964	1
8	71	0.0226943	1
8	72	-0.0231003	1
8	73	-0.0117425	0
8	74	-0.00705931	0
8	75	0.011117	1
8	76	-0.00390158	1
8	77	0.00721744	1
8	78	0.0173963	0
8	79	-0.0115118	0
8	80	0.0210485	0
8	81	-0.00162664	1
8	82	0.0170691	1
8	83	0.0064435	0
8	84	-0.00797623	0
8	85	-0.00636647	1
8	86	-0.00491439	1
8	87	-0.0110714	1
8	88	0.0106626	1
8	89	0.0132009	1
8	90	-0.000456187	0
8	91	0.0216471	1
8	92	-0.0068939	1
8	93	-0.00595428	0
8	94	0.00165363	0
8	95	-0.000533348	0
8	96	-0.00462177	1
8	97	0.0109549	1
8	98	-0.0235073	0
8	99	0.0120966	1
9	0	0.000773322	0
9	1	0.00234086	0
9	2	-0.0181732	0
9	3	-0.00157704	0
9	4	-0.0203255	0
9	5	0.00609657	1
9	6	0.00548725	1
9	7	0.013322	1
9	8	0.0132106	0
9	9	-0.0143829	0
9	10	0.00425725	1
9	11	0.0046311	1
9	12	-0.0135828	1
9	13	-0.0325692	1
9	14	0.0147897	1
9	15	0.000643194	0
9	16	0.00493254	0
9	17	-0.00215502	0
9	18	-0.00436366	0
9	19	-0.000433255	0
9	20	0.00745847	1
9	21	0.0166454	1
9	22	0.000537299	1
9	23	-0.0256776	1
9	24	0.000828057	0
9	25	-0.0126749	0
9	26	-0.0135513	0
9	27	-0.024553	1
9	28	0.0212463	0
9	29	-0.0108408	0
9	30	0.010433	1
9	31	0.0213738	1
9	32	0.00515891	1
9	33	0.0137685	0
9	34	0.00209083	0
9	35	0.00035892	1
9	36	0.0147022	1
9	37	0.0241207	0
9	38	0.0134978	1
9	39	0.0137172	0
9	40	0.0258326	1
9	41	0.015238	0
9	42	0.00342424	1
9	43	-0.00927912	1
9	44	-0.0058027	0
9	45	0.00819675	0
9	46	0.0095152	0
9	47	0.00819072	1
9	48	0.0205521	0
9	49	0.0170663	1
9	50	0.0182754	1
9	51	-0.00649355	0
9	52	0.0237811	1
9	53	-0.0388034	1
9	54	0.0122111	1
9	55	0.00926447	1
9	56	-0.00840483	0
9	57	-0.00379358	0
9	58	-0.00349687	1
9	59	-0.0204072	1
9	60	-0.00838958	1
9	61	0.00158699	1
9	62	-0.010017	1
9	63	-0.0336673	1
9	64	0.00519095	1
9	65	-0.0143338	0
9	66	-0.0171441	0
9	67	0.00245268	1
9	68	-0.00929631	1
9	69	-0.00746349	1
9	70	-0.0101956	1
9	71	-0.00582514	1
9	72	0.00878816	1
9	73	-0.00981205	0
9	74	0.0140502	0
9	75	-0.0127779	1
9	76	0.00647233	0
9	77	0.00429433	0
9	78	0.00391844	1
9	79	0.0254742	0
9	80	-0.0140424	1
9	81	0.0155663	0
9	82	0.00296059	1
9	83	-0.00326773	0
9	84	-0.0102155	0
9	85	0.0231687	0
9	86	0.00132886	1
9	87	-0.00466829	0
9	88	-0.024813	0
9	89	0.0130669	0
9	90	-0.00548569	1
9	91	-0.00218682	1
9	92	-0.0178196	0
9	93	-0.00478713	0
9	94	-0.0126842	1
9	95	-0.0178363	0
9	96	-0.000171115	0
9	97	0.00325645	0
9	98	-0.00557108	1
9	99	0.0142667	0
10	0	-0.00762821	0
10	1	-0.0114938	0
10	2	-0.0129215	0
10	3	0.00976153	1
10	4	0.022715	1
10	5	-0.0104736	1
10	6	0.00986207	0
10	7	0.00250129	1
10	8	0.010708	1
10	9	-0.00262882	0
10	10	0.0189254	1
10	11	-0.00999571	0
10	12	0.0245818	1
10	13	-0.0123934	0
10	14	0.0181805	0
10	15	0.0117197	0
10	16	-0.0154059	1
10	17	0.000864653	1
10	18	-0.0189069	0
10	19	0.00772656	1
10	20	0.0238766	0
10	21	-0.00309798	0
10	22	-0.0160836	0
10	23	-0.00197243	0
10	24	-0.0177598	0
10	25	-0.00543095	1
10	26	0.00101455	1
10	27	-0.0115344	0
10	28	0.0146548	0
10	29	-0.0306202	1
10	30	-0.000367831	0
10	31	0.00459998	1
10	32	-0.00153655	1
10	33	0.00955324	1
10	34	-0.0031262	0
10	35	-0.000103921	1
10	36	-0.0089548	1
10	37	-0.0162902	0
10	38	0.00291741	1
10	39	-0.000767144	0
10	40	-0.0035993	1
10	41	-0.0108429	1
10	42	0.00804814	1
10	43	0.00459242	1
10	44	0.0226896	0
10	45	-0.0163462	1
10	46	-0.0175241	1
10	47	0.00171357	1
10	48	-0.0179201	0
10	49	0.00594814	1
10	50	0.00673734	1
10	51	-0.00437539	1
10	52	0.0230034	0
10	53	-0.00194869	1
10	54	-0.0160595	0
10	55	0.00893804	1
10	56	-0.0278041	0
10	57	-0.00311531	1
10	58	0.0113688	1
10	59	-0.020238	1
10	60	-0.0106256	0
10	61	0.0170017	1
10	62	0.0137284	1
10	63	0.00432331	0
10	64	-0.0101382	1
10	65	0.0156454	1
10	66	-0.000264576	0
10	67	-0.00715659	0
10	68	-0.00825108	0
10	69	0.0156266	1
10	70	-0.0325798	1
10	71	0.000747811	1
10	72	0.00963422	0
10	73	-0.0181096	1
10	74	0.00274764	0
10	75	0.00654468	1
10	76	-0.00620011	1
10	77	0.00152715	1
10	78	-0.00373797	0
10	79	0.000617692	1
10	80	-0.00299419	1
10	81	-0.0281964	1
10	82	0.010606	0
10	83	0.0219863	1
10	84	0.0131525	0
10	85	-0.000537484	1
10	86	0.0326432	1
10	87	-0.00472153	0
10	88	-0.0118611	1
10	89	-0.00260971	0
10	90	0.0241392	1
10	91	-0.0040743	0
10	92	-0.0100965	1
10	93	0.0292393	0
10	94	0.0190046	0
10	95	0.00399638	0
10	96	0.00886361	0
10	97	-0.0233689	0
10	98	0.0120106	0
10	99	-0.0061979	1
11	0	0.00644654	0
11	1	0.0294416	0
11	2	0.0127111	0
11	3	-0.00124753	0
11	4	-0.00876411	0
11	5	-0.00784894	1
11	6	0.00869847	1
11	7	0.0169454	0
11	8	0.00406566	1
11	9	0.00909742	0
11	10	0.0212083	0
11	11	-0.00577832	0
11	12	-0.00104848	1
11	13	0.0287824	0
11	14	-0.000805359	1
11	15	-0.0125688	0
11	16	0.0023676	0
11	17	-0.0274911	0
11	18	-0.0166661	1
11	19	-0.0103913	0
11	20	0.00138882	1
11	21	-0.00559606	0
11	22	-0.000508756	0
11	23	0.0170646	1
11	24	0.0069696	1
11	25	-0.0193338	1
11	26	0.0086553	1
11	27	-0.0172119	0
11	28	0.00910988	1
11	29	3.77228e-05	1
11	30	-0.0103913	0
11	31	0.00892521	1
11	32	0.0104429	1
11	33	-0.000912974	1
11	34	-0.0161093	0
11	35	0.00691074	1
11	36	-0.00243154	1
11	37	0.0034115	0
11	38	0.0237582	0
11	39	0.016629	0
11	40	-0.013733	1
11	41	-0.0119271	0
11	42	-0.00237376	1
11	43	-5.91036e-05	0
11	44	0.0233194	0
11	45	-0.000794102	1
11	46	-0.00124559	1
11	47	-0.0212091	1
11	48	0.00162003	0
11	49	-0.000887447	0
11	50	-0.0191351	1
11	51	-0.0052943	0
11	52	0.0144171	0
11	53	0.00993882	0
11	54	-0.023852	0
11	55	0.0145318	0
11	56	0.0173453	0
11	57	-0.0261065	1
11	58	-0.00579136	0
11	59	0.000953998	0
11	60	0.00472304	0
11	61	-0.0164368	0
11	62	0.027215	1
11	63	0.00646424	1
11	64	-0.0123302	1
11	65	0.00630466	1
11	66	-0.00880667	0
11	67	0.00106288	1
11	68	-0.00781416	1
11	69	-0.00163205	1
11	70	0.00679411	0
11	71	-0.0229542	1
11	72	0.020121	1
11	73	-0.00609062	1
11	74	-0.00587037	1
11	75	0.0289835	1
11	76	-0.00199447	0
11	77	0.0422179	1
11	78	-0.000193987	0
11	79	-0.0158248	1
11	80	-0.0192135	1
11	81	-0.00551763	0
11	82	0.00387732	0
11	83	-0.0101804	0
11	84	-0.0357425	0
11	85	0.00551547	0
11	86	-0.0239511	0
11	87	-0.00735563	0
11	88	-0.00982457	1
11	89	-0.0096687	0
11	90	-0.00460576	0
11	91	-0.0323225	1
11	92	0.0112178	1
11	93	0.0176088	0
11	94	-0.00875334	0
11	95	0.0161582	1
11	96	0.0214283	1
11	97	0.00239704	1
11	98	0.013478	1
11	99	-0.00616334	1
12	0	0.0111838	0
12	1	-0.00353141	0
12	2	-0.013053	0
12	3	0.010428	0
12	4	0.0070372	0
12	5	0.0113075	1
12	6	0.00366616	0
12	7	-0.016549	1
12	8	0.0184622	1
12	9	-0.00899733	1
12	10	0.00360242	0
12	11	0.00371466	1
12	12	-0.00629313	1
12	13	0.00683203	0
12	14	0.0152031	1
12	15	0.00813096	1
12	16	0.000789622	1
12	17	0.000192556	1
12	18	-0.00790289	1
12	19	-0.0255442	1
12	20	-0.014995	1
12	21	0.00940701	1
12	22	0.00851422	0
12	23	-0.00522313	1
12	24	-2.59375e-05	1
12	25	0.00995278	1
12	26	-0.0172223	1
12	27	0.00606755	1
12	28	0.00467333	0
12	29	0.00804403	1
12	30	0.00821505	0
12	31	0.00470003	1
12	32	0.016219	0
12	33	-0.000401766	0
12	34	0.000140338	0
12	35	-0.0239637	0
12	36	0.0134092	0
12	37	-0.00863181	1
12	38	0.0140923	0
12	39	-0.00442918	0
12	40	0.0172832	0
12	41	0.0110032	1
12	42	0.017701	1
12	43	-0.00710098	0
12	44	-0.000413012	0
12	45	0.0203486	1
12	46	0.0197554	0
12	47	-0.00532288	1
12	48	0.0149665	1
12	49	-0.000827298	1
12	50	-0.00918893	0
12	51	0.0184503	1
12	52	-0.00169808	0
12	53	-0.00282387	1
12	54	-0.0163972	0
12	55	0.000291465	1
12	56	-0.0124775	0
12	57	0.00655873	1
12	58	-0.00235335	0
12	59	-0.0117326	1
12	60	-0.00193015	0
12	61	0.00265177	1
12	62	0.00496704	1
12	63	0.0161954	1
12	64	-0.0161386	0
12	65	-0.000964058	0
12	66	-0.00915433	1
12	67	0.00335949	1
12	68	-0.0167258	1
12	69	0.00253046	1
12	70	0.013073	1
12	71	-0.0017443	0
12	72	-0.0109067	1
12	73	-0.0131289	0
12	74	0.015179	1
12	75	-0.00683066	1
12	76	0.00953944	0
12	77	-0.0165415	1
12	78	0.00755447	1
12	79	-0.0182345	1
12	80	-0.0116955	1
12	81	-0.0193715	1
12	82	-0.00138	1
12	83	-0.0111177	1
12	84	0.00110236	0
12	85	-0.0402589	1
12	86	0.010616	1
12	87	-0.00346101	0
12	88	0.0234028	0
12	89	-0.00322175	1
12	90	-0.0044834	0
12	91	-0.0183124	1
12	92	0.000480923	0
12	93	0.0144074	1
12	94	-0.0135956	0
12	95	-0.00181094	1
12	96	-0.00549652	1
12	97	0.0147614	0
12	98	0.013387	0
12	99	-0.00994662	0
13	0	0.000859869	1
13	1	0.014786	1
13	2	0.00570112	0
13	3	-0.00490094	0
13	4	0.0162779	1
13	5	0.026252	1
13	6	-0.000140636	1
13	7	0.0121659	1
13	8	0.0132076	1
13	9	-0.00424527	0
13	10	-0.011094	1
13	11	0.000250566	0
13	12	0.0286128	1
13	13	0.0241285	0
13	14	0.00318207	0
13	15	0.00325781	0
13	16	-0.00289015	1
13	17	-0.00788674	1
13	18	0.0137666	0
13	19	0.0153134	0
13	20	0.00701128	0
13	21	-0.00184044	0
13	22	0.00332171	1
13	23	-0.00452067	0
13	24	-0.0186896	0
13	25	0.00903259	0
13	26	-3.4488e-05	0
13	27	-0.03092	0
13	28	-0.0183521	1
13	29	-0.008368	1
13	30	-0.0137879	0
13	31	-0.00243498	1
13	32	-0.00302122	1
13	33	-0.0162692	1
13	34	0.0219466	1
13	35	-0.00663232	0
13	36	-0.00872849	1
13	37	-0.0185445	1
13	38	0.0194934	1
13	39	-0.0117025	0
13	40	-0.0285249	1
13	41	0.00481388	0
13	42	0.0188761	0
13	43	-0.00343439	1
13	44	-0.0211152	1
13	45	-0.0217028	0
13	46	-0.00388526	1
13	47	-0.0140579	1
13	48	-0.00986405	1
13	49	0.0145439	0
13	50	-0.00578723	1
13	51	-0.0188241	0
13	52	0.0114574	0
13	53	0.00122809	1
13	54	0.0132944	0
13	55	0.0177336	0
13	56	-0.0091849	1
13	57	-0.00632667	1
13	58	-0.0114258	1
13	59	0.00671122	0
13	60	0.0044324	1
13	61	-0.00326491	0
13	62	0.00400239	0
13	63	-0.0242168	0
13	64	0.0144121	1
13	65	-0.0185156	1
13	66	0.00728339	1
13	67	-0.00624686	1
13	68	-0.000341888	0
13	69	0.0175961	1
13	70	0.0036715	0
13	71	0.00187208	0
13	72	-0.00782814	1
13	73	-0.00206835	0
13	74	0.0198942	0
13	75	-0.0266797	1
13	76	-0.00457421	0
13	77	0.0103581	0
13	78	-0.0297655	0
13	79	-0.00196327	1
13	80	-0.0115594	1
13	81	0.0202097	0
13	82	-0.00551724	1
13	83	-0.00131642	0
13	84	-0.00166934	0
13	85	0.00602094	1
13	86	-0.000752827	1
13	87	0.00792009	1
13	88	0.0171686	1
13	89	-0.00780476	0
13	90	0.0190181	1
13	91	0.00873015	0
13	92	-0.00146081	1
13	93	0.00464369	0
13	94	0.00295906	1
13	95	-0.0115901	0
13	96	0.0190252	0
13	97	-0.00100924	0
13	98	-0.0105144	0
13	99	0.0113529	0
14	0	-0.0229385	1
14	1	-0.0308374	1
14	2	0.0194524	0
14	3	0.0100224	1
14	4	-0.000773885	1
14	5	0.0114559	0
14	6	0.00562598	0
14	7	-0.00412251	0
14	8	-0.0293682	1
14	9	-0.00423984	0
14	10	-0.000351447	1
14	11	-0.00282382	0
14	12	0.00322003	1
14	13	0.017508	1
14	14	-0.00546011	0
14	15	0.00672538	1
14	16	0.0160018	1
14	17	-0.000403342	0
14	18	0.0128336	1
14	19	0.0137387	0
14	20	0.0317349	0
14	21	-0.00187821	1
14	22	-0.00153492	1
14	23	-0.00481536	0
14	24	0.00447995	0
14	25	0.00085952	1
14	26	0.0188406	0
14	27	-0.00256913	0
14	28	0.0043648	0
14	29	-0.00168218	1
14	30	0.015123	1
14	31	0.0116205	0
14	32	-0.0185727	0
14	33	0.0254663	0
14	34	-0.00712086	0
14	35	-0.00953698	1
14	36	-0.0134507	0
14	37	0.0271073	0
14	38	-0.0118938	0
14	39	-0.0113527	0
14	40	-0.0210221	1
14	41	0.00302265	1
14	42	-0.00860022	1
14	43	-0.000515657	0
14	44	0.0029663	1
14	45	-0.00215332	0
14	46	0.00125119	1
14	47	0.00158806	1
14	48	-0.0147682	1
14	49	-0.00418767	1
14	50	-0.0116561	1
14	51	-0.0133066	0
14	52	0.00710968	1
14	53	-0.0136102	1
14	54	-0.0166052	0
14	55	0.0168649	1
14	56	-0.0153645	1
14	57	-0.0145811	1
14	58	0.0162542	0
14	59	0.00882083	1
14	60	0.0158453	1
14	61	-0.033973	1
14	62	0.025521	0
14	63	0.0170594	0
14	64	-0.00433136	1
14	65	-0.0128496	1
14	66	-0.0191969	0
14	67	-0.00725616	0
14	68	0.0124726	1
14	69	-0.00851202	0
14	70	-0.0119545	0
14	71	-0.014283	0
14	72	0.0225157	0
14	73	-0.00813628	0
14	74	0.0147208	0
14	75	-0.0139153	1
14	76	-0.0226835	0
14	77	-0.0101642	0
14	78	0.00114597	1
14	79	-0.0124494	1
14	80	0.00570186	0
14	81	-0.0291181	1
14	82	0.0146108	1
14	83	0.0118251	0
14	84	0.00205679	0
14	85	0.0158943	1
14	86	0.00185454	1
14	87	0.0191678	1
14	88	0.010373	0
14	89	0.00347485	0
14	90	0.0110412	1
14	91	0.0209463	0
14	92	-0.0142227	0
14	93	-0.00174605	1
14	94	-0.00501397	1
14	95	0.0295696	1
14	96	0.014535	1
14	97	0.00353727	0
14	98	-0.0451916	1
14	99	0.00916759	0
15	0	-9.39451e-05	1
15	1	-0.00587734	0
15	2	0.0200348	1
15	3	-0.00866118	1
15	4	0.0259832	1
15	5	-0.0112138	1
15	6	0.0240344	0
15	7	-0.00427135	0
15	8	-0.00367444	0
15	9	0.00672756	0
15	10	0.0026583	1
15	11	-0.00150152	1
15	12	0.0006923	1
15	13	0.000856794	1
15	14	-0.0177279	0
15	15	-0.0196202	1
15	16	-0.016445	1
15	17	0.00704715	1
15	18	-0.0218279	0
15	19	-0.00440501	1
15	20	0.000649055	0
15	21	0.0118334	1
15	22	-0.00756136	1
15	23	0.0111372	1
15	24	-0.000178584	0
15	25	0.0076081	1
15	26	0.000563761	0
15	27	0.00636598	1
15	28	-0.00624566	1
15	29	0.00920252	0
15	30	-0.0200605	0
15	31	0.00401037	1
15	32	-0.0065231	0
15	33	0.00322835	0
15	34	-0.026682	0
15	35	0.00795264	1
15	36	-0.0166427	1
15	37	-0.00535263	0
15	38	0.0125605	1
15	39	0.00606406	0
15	40	0.00564885	1
15	41	-0.00327849	1
15	42	0.00943388	1
15	43	0.00924951	1
15	44	-0.0122405	0
15	45	0.0168758	0
15	46	-0.00756486	1
15	47	0.00721989	0
15	48	-0.00177442	0
15	49	0.00946947	1
15	50	-0.0158359	1
15	51	-0.015545	1
15	52	0.0116892	0
15	53	-0.0143018	0
15	54	-0.00659487	0
15	55	0.017166	0
15	56	0.0197494	1
15	57	-0.0175542	0
15	58	-0.0205762	1
15	59	0.0064536	1
15	60	-0.00451794	1
15	61	-0.0164788	0
15	62	-0.00968553	1
15	63	-0.00797911	0
15	64	0.0186305	1
15	65	0.0218359	1
15	66	-0.00645304	0
15	67	0.00186333	1
15	68	-0.0167746	1
15	69	-0.0158829	1
15	70	-0.0172812	1
15	71	-0.0141032	0
15	72	0.0202016	0
15	73	0.00423255	1
15	74	-0.0215879	1
15	75	-0.00331182	0
15	76	0.01787	0
15	77	0.0167503	0
15	78	-0.00825268	0
15	79	-0.00692038	0
15	80	0.0144577	1
15	81	0.00541445	0
15	82	0.0117861	1
15	83	0.0164807	1
15	84	0.0151569	0
15	85	-0.00433554	0
15	86	0.00959862	0
15	87	0.0166096	1
15	88	0.011615	0
15	89	-0.0169834	0
15	90	0.0183219	1
15	91	0.00211692	1
15	92	-0.0001959	0
15	93	0.00703517	0
15	94	-0.00732253	0
15	95	0.00450046	0
15	96	-0.0122614	0
15	97	0.00704989	1
15	98	0.00162396	0
15	99	-0.0151576	0
16	0	-0.0155722	1
16	1	0.0404596	1
16	2	-0.0214099	0
16	3	0.00919495	1
16	4	-0.00327594	0
16	5	0.0113159	0
16	6	0.00588638	0
16	7	-0.00906121	0
16	8	-0.0157067	0
16	9	0.00349782	1
16	10	0.00381498	0
16	11	0.00885863	1
16	12	0.00691254	0
16	13	0.00143463	1
16	14	-0.00544436	1
16	15	-0.000844007	1
16	16	0.0139631	1
16	17	0.0255037	0
16	18	-0.0309081	1
16	19	-0.00442451	0
16	20	0.00423018	0
16	21	0.0148925	1
16	22	0.00299814	1
16	23	-0.0119604	0
16	24	0.000105555	1
16	25	-0.00341585	1
16	26	-0.0127344	1
16	27	0.00655425	0
16	28	-0.00105978	0
16	29	-0.00934862	0
16	30	0.0261655	0
16	31	-0.000739076	1
16	32	0.016299	0
16	33	-0.0037406	1
16	34	0.0195216	1
16	35	0.0169117	0
16	36	-0.00616128	1
16	37	-0.00287262	1
16	38	0.0112042	1
16	39	0.013151	1
16	40	0.021629	0
16	41	0.00287096	0
16	42	-0.0132935	0
16	43	0.00419394	1
16	44	0.0126281	0
16	45	0.00256682	0
16	46	-0.0033336	0
16	47	-0.0018213	1
16	48	0.0106287	1
16	49	0.00911102	1
16	50	0.0100409	0
16	51	0.0151043	0
16	52	0.00913235	1
16	53	0.0135201	0
16	54	-0.0208357	1
16	55	-0.000303081	0
16	56	0.0147637	1
16	57	-0.0167498	1
16	58	-0.0132241	1
16	59	-0.014347	1
16	60	0.0146819	0
16	61	-0.00178471	1
16	62	0.00575486	0
16	63	0.00939167	0
16	64	-0.014723	1
16	65	-0.00179855	0
16	66	-0.00872976	0
16	67	0.0124078	0
16	68	-0.00825069	0
16	69	-0.00842565	1
16	70	-0.00800099	0
16	71	0.0124883	1
16	72	-0.0113621	1
16	73	-0.00342534	1
16	74	-0.00199395	0
16	75	0.00531337	0
16	76	-0.010817	1
16	77	-0.0167908	1
16	78	-0.000421552	1
16	79	-0.00310474	0
16	80	0.0132038	0
16	81	-0.0244645	1
16	82	0.00763639	0
16	83	-0.014383	1
16	84	0.00199113	0
16	85	0.0186325	1
16	86	-0.0262328	1
16	87	-0.0136888	0
16	88	0.00666787	1
16	89	-0.0241758	0
16	90	-0.0122144	1
16	91	0.00242095	0
16	92	-0.0134997	1
16	93	-0.00116552	0
16	94	-0.00676064	1
16	95	-0.000495732	0
16	96	-0.0413923	0
16	97	-0.00360376	0
16	98	0.0127769	1
16	99	0.0118604	0
17	0	-0.0112531	1
17	1	-0.0188163	0
17	2	-0.0127958	1
17	3	0.0201731	0
17	4	0.000589736	0
17	5	-0.0262728	0
17	6	-0.00688941	1
17	7	-0.00760801	1
17	8	-0.00420136	0
17	9	0.00777546	0
17	10	0.00370912	0
17	11	0.00568455	1
17	12	0.00602678	0
17	13	0.0202416	1
17	14	0.0181045	0
17	15	-0.00300169	0
17	16	0.0209506	0
17	17	0.0277922	1
17	18	-0.00738909	0
17	19	0.00910884	0
17	20	0.00730517	1
17	21	-0.0130747	1
17	22	-0.00291651	1
17	23	-0.0194107	1
17	24	0.00659365	1
17	25	0.00172863	1
17	26	-0.0255667	1
17	27	-0.00119419	0
17	28	-0.0181851	1
17	29	-0.00679736	0
17	30	0.0046854	1
17	31	0.00163199	1
17	32	0.0118068	0
17	33	-0.0102968	0
17	34	0.0121858	0
17	35	0.00566016	0
17	36	-0.00134331	1
17	37	-8.42332e-05	1
17	38	-0.00667497	0
17	39	-0.00854058	1
17	40	0.0101457	1
17	41	0.00610836	0
17	42	-0.00141554	1
17	43	0.02615	1
17	44	0.0130993	0
17	45	-0.00818117	1
17	46	-0.00215188	1
17	47	-0.0212237	1
17	48	-0.0153609	0
17	49	0.00948047	0
17	50	0.00626733	0
17	51	-0.00332935	1
17	52	-0.0153145	1
17	53	-0.00924629	1
17	54	-0.00474518	1
17	55	0.0188258	1
17	56	0.0169151	1
17	57	-0.0206839	0
17	58	0.0242952	1
17	59	0.00590349	0
17	60	-0.0130172	0
17	61	-0.016476	0
17	62	-0.0150378	1
17	63	0.0111084	0
17	64	0.0123809	0
17	65	0.0181418	0
17	66	-0.0100756	0
17	67	-0.0226497	0
17	68	-0.00969297	1
17	69	-0.0103766	0
17	70	-0.00673822	0
17	71	-0.0163396	0
17	72	0.0177958	1
17	73	-0.0205726	1
17	74	-0.000588564	0
17	75	0.0207197	1
17	76	0.0228904	1
17	77	-0.0249191	0
17	78	0.00105373	1
17	79	-0.000675808	0
17	80	0.0161304	1
17	81	-0.00714657	0
17	82	0.0283163	1
17	83	0.015209	0
17	84	-0.0017698	1
17	85	-0.0143774	1
17	86	0.00516298	0
17	87	-0.00288207	1
17	88	0.0390371	1
17	89	0.00063716	0
17	90	-0.00106049	0
17	91	-0.015363	1
17	92	-0.0235636	1
17	93	0.011528	1
17	94	-0.00681262	1
17	95	-0.0105558	1
17	96	-0.00412741	0
17	97	0.0154606	0
17	98	0.0100327	0
17	99	-0.00576615	0
18	0	-0.0151189	1
18	1	-0.00238725	1
18	2	0.00546081	1
18	3	0.00100672	0
18	4	0.00482387	1
18	5	0.0210051	0
18	6	-0.000621362	0
18	7	0.00705656	0
18	8	0.00466647	0
18	9	-0.000510731	1
18	10	-0.0169307	1
18	11	-0.00158021	1
18	12	0.0159111	1
18	13	0.0157565	0
18	14	-0.0101739	1
18	15	0.00960917	1
18	16	-0.00371609	0
18	17	0.002432	1
18	18	0.0118733	0
18	19	-0.00106858	0
18	20	-0.0120223	1
18	21	-0.0162965	1
18	22	0.0154565	1
18	23	-0.00543344	1
18	24	-0.00625807	1
18	25	-0.0115978	1
18	26	-0.00529629	0
18	27	0.016898	0
18	28	0.0178294	0
18	29	-0.0120035	0
18	30	-0.0120934	0
18	31	-0.0194374	0
18	32	0.0289853	1
18	33	0.0100764	0
18	34	0.0124654	1
18	35	-0.00872559	1
18	36	0.0054808	0
18	37	0.0157373	0
18	38	-0.00558635	1
18	39	-0.00213154	0
18	40	0.00639537	0
18	41	-0.0119562	1
18	42	0.00535541	1
18	43	0.00307724	1
18	44	0.000663403	1
18	45	-0.0338134	0
18	46	-0.007589	1
18	47	-0.0257979	0
18	48	0.00179565	1
18	49	-0.00746429	1
18	50	0.00820557	1
18	51	-0.0107383	0
18	52	-0.01077	1
18	53	0.00879026	0
18	54	-0.0115045	1
18	55	-0.0106232	1
18	56	0.00904923	0
18	57	-0.000896089	0
18	58	0.00698162	1
18	59	-0.0166068	0
18	60	-0.0156826	1
18	61	0.0102378	0
18	62	0.00646775	0
18	63	-0.0211838	1
18	64	-0.00745905	0
18	65	0.0229595	1
18	66	-0.010935	0
18	67	0.00764036	1
18	68	-0.0114373	0
18	69	-0.00435693	0
18	70	-0.0181149	0
18	71	-0.00120922	1
18	72	0.0151611	0
18	73	0.000473824	1
18	74	-0.00932907	1
18	75	0.00384752	1
18	76	0.0180028	1
18	77	-0.0133126	1
18	78	0.00516572	1
18	79	0.00462244	1
18	80	0.0140645	0
18	81	0.0165795	0
18	82	-0.00677681	0
18	83	-0.0116176	0
18	84	0.0138646	0
18	85	0.0180462	0
18	86	0.00910398	0
18	87	0.00759561	0
18	88	-0.0055292	1
18	89	0.00402486	1
18	90	0.000469426	0
18	91	-0.0201886	1
18	92	-0.00255712	1
18	93	-0.0083771	0
18	94	0.0254708	0
18	95	0.0120423	1
18	96	0.0206564	1
18	97	-0.0230151	0
18	98	0.00793294	1
18	99	-0.00944274	0
19	0	0.0141152	0
19	1	-0.0068407	1
19	2	0.00325706	1
19	3	0.0259491	1
19	4	-0.0265266	0
19	5	0.0109481	0
19	6	-0.0344101	1
19	7	-0.0104193	0
19	8	0.0271141	1
19	9	-0.0221505	0
19	10	-0.00768183	1
19	11	-0.0349687	0
19	12	0.00503476	1
19	13	0.0170199	1
19	14	-0.0144589	0
19	15	-0.00112861	0
19	16	0.0265673	0
19	17	0.00358987	1
19	18	-0.0065753	1
19	19	0.0253242	0
19	20	0.00153134	0
19	21	0.0110921	0
19	22	-0.0208758	1
19	23	-0.0104224	1
19	24	-0.00265845	1
19	25	0.00386994	1
19	26	0.00375258	0
19	27	-0.00929639	0
19	28	-0.0034063	0
19	29	0.0142137	1
19	30	0.0112599	0
19	31	-0.0191602	1
19	32	0.0199463	1
19	33	0.023937	0
19	34	0.0102931	0
19	35	0.013815	1
19	36	-0.00845118	1
19	37	0.017697	1
19	38	0.00475956	0
19	39	0.00608598	0
19	40	0.009521	1
19	41	0.00925327	0
19	42	-0.0155466	1
19	43	0.0052376	0
19	44	-0.0047001	0
19	45	-0.00135436	1
19	46	-0.00844109	1
19	47	0.00106814	1
19	48	0.0121973	0
19	49	-4.1174e-06	0
19	50	0.00497682	1
19	51	-0.00848233	0
19	52	-0.00686415	0
19	53	0.0156803	0
19	54	-0.00480938	0
19	55	-0.0267242	1
19	56	0.00610445	1
19	57	-0.0056995	1
19	58	0.00160238	0
19	59	0.00272326	0
19	60	0.00589272	0
19	61	-0.0257395	0
19	62	0.00759232	0
19	63	0.00345175	0
19	64	0.00623299	1
19	65	0.00345633	1
19	66	-0.00687001	1
19	67	-0.00136232	0
19	68	0.0329446	0
19	69	-0.0282394	1
19	70	-0.00655485	0
19	71	0.0146167	1
19	72	-0.0222414	0
19	73	0.00546808	1
19	74	-0.0073829	0
19	75	-0.00357412	0
19	76	-0.0218106	1
19	77	-0.0127283	0
19	78	0.0121618	0
19	79	-0.0149211	1
19	80	0.00636299	0
19	81	-0.0103129	1
19	82	-0.0154708	1
19	83	0.00546732	0
19	84	-0.00228082	1
19	85	-0.00757728	1
19	86	-0.0043072	0
19	87	0.00827442	0
19	88	0.00138749	1
19	89	-0.00293024	0
19	90	-0.00506868	1
19	91	0.0186107	1
19	92	0.0152291	1
19	93	0.00120542	1
19	94	0.017975	0
19	95	9.83784e-05	1
19	96	-0.0029999	1
19	97	0.0122021	1
19	98	-0.001401	0
19	99	-0.0223375	0
20	0	-0.000984154	1
20	1	0.00612132	1
20	2	0.00335404	0
20	3	0.026714	0
20	4	0.00511539	0
20	5	0.0105912	1
20	6	-0.00301251	1
20	7	0.0185028	0
20	8	-0.0164403	1
20	9	-0.00463252	0
20	10	0.00980325	0
20	11	-0.00661037	0
20	12	0.0031872	0
20	13	0.00838118	0
20	14	-0.00971667	0
20	15	0.0207252	1
20	16	-0.0411092	1
20	17	-0.00519887	1
20	18	0.0109058	0
20	19	0.0256284	1
20	20	-0.00155273	0
20	21	0.0177262	0
20	22	0.00454226	1
20	23	-0.00282635	0
20	24	0.00398771	0
20	25	0.00182114	1
20	26	-0.0165546	0
20	27	0.00785631	1
20	28	0.00918007	1
20	29	-0.0105647	1
20	30	-0.0124027	1
20	31	-0.00772961	0
20	32	0.0167466	1
20	33	-0.0195853	1
20	34	-0.0307109	0
20	35	-0.0159694	1
20	36	0.0139948	1
20	37	0.012949	1
20	38	0.0222033	0
20	39	-0.026143	1
20	40	-0.0175016	1
20	41	-0.0215606	0
20	42	-0.00511997	1
20	43	0.0052876	1
20	44	-0.00773705	1
20	45	-0.00818303	1
20	46	-0.00390046	0
20	47	-0.022916	0
20	48	-0.0101618	0
20	49	-0.0187701	0
20	50	0.00793453	1
20	51	0.00135987	0
20	52	0.0157704	0
20	53	-0.00238357	1
20	54	-0.026722	0
20	55	-0.0111688	1
20	56	0.00496663	1
20	57	-0.00562116	1
20	58	0.0239181	1
20	59	0.00764156	1
20	60	-0.00517238	0
20	61	0.000420515	1
20	62	-0.0145004	0
20	63	-0.00354497	0
20	64	0.0117946	0
20	65	0.0162786	1
20	66	-0.023945	0
20	67	0.0155449	0
20	68	0.0149308	1
20	69	-0.00292453	1
20	70	0.0204687	0
20	71	-0.0197862	1
20	72	0.000121801	1
20	73	-0.00359467	1
20	74	-0.000894736	1
20	75	0.0126715	0
20	76	-0.00649805	1
20	77	-0.00031944	0
20	78	0.00830556	1
20	79	0.0126526	0
20	80	0.003429	0
20	81	0.00554385	1
20	82	-0.010294	1
20	83	0.0186765	1
20	84	-0.028011	1
20	85	0.0136697	0
20	86	-0.00994257	0
20	87	-0.0159093	0
20	88	0.0111232	1
20	89	-0.0027092	0
20	90	-0.0266289	1
20	91	0.0231751	1
20	92	0.00416807	0
20	93	0.0199896	0
20	94	0.0226557	0
20	95	-0.0216355	0
20	96	0.0289801	0
20	97	-0.00690766	1
20	98	-0.0147443	1
20	99	0.0199371	0
21	0	0.00231682	0
21	1	-0.00380604	1
21	2	-0.000357302	0
21	3	-0.0143585	0
21	4	-0.00736776	1
21	5	-0.00378475	1
21	6	0.00570936	0
21	7	0.00646525	0
21	8	0.00342788	0
21	9	0.0148334	0
21	10	0.0167437	0
21	11	0.00998466	0
21	12	0.000645982	0
21	13	0.00725285	0
21	14	0.0110287	1
21	15	0.00470765	1
21	16	0.0273447	0
21	17	0.00663843	1
21	18	0.00141915	1
21	19	-0.0227723	1
21	20	-0.00868608	0
21	21	-0.00249792	0
21	22	0.0104158	0
21	23	-0.00717078	1
21	24	-0.0177094	0
21	25	-0.00912084	1
21	26	-0.00981231	1
21	27	0.0188033	0
21	28	-0.00220199	1
21	29	-0.00535392	0
21	30	-0.00928506	0
21	31	0.00150637	0
21	32	0.00463855	0
21	33	-0.00911158	0
21	34	-0.00881064	1
21	35	0.00375695	0
21	36	-0.00167986	1
21	37	-0.00664953	1
21	38	-0.00670116	0
21	39	0.0197439	0
21	40	0.0326008	1
21	41	0.0130112	1
21	42	-0.011819	1
21	43	-0.0132219	0
21	44	-0.00431897	1
21	45	0.0113803	1
21	46	0.0140764	0
21	47	0.00893327	1
21	48	0.013217	1
21	49	0.00474084	0
21	50	-0.00488491	0
21	51	0.00286174	0
21	52	-0.0143952	0
21	53	-0.00565816	1
21	54	-0.0355481	0
21	55	0.0177608	1
21	56	-0.00442445	1
21	57	-0.00783819	1
21	58	0.00311972	0
21	59	0.00133097	1
21	60	-0.0125518	0
21	61	0.00438306	0
21	62	-0.024646	0
21	63	0.00319636	1
21	64	0.0230296	1
21	65	0.0123834	0
21	66	-0.00590498	1
21	67	-0.000255644	0
21	68	0.00204083	1
21	69	0.00786169	0
21	70	-0.029	1
21	71	-0.00227123	0
21	72	-0.0176928	1
21	73	-0.00643562	1
21	74	-0.00463868	1
21	75	-0.00399331	0
21	76	0.000772512	0
21	77	-0.0215773	1
21	78	-0.0309985	0
21	79	0.00263554	0
21	80	0.0155118	0
21	81	0.00292981	1
21	82	0.0110574	1
21	83	-0.0138251	1
21	84	-0.00522371	0
21	85	0.0193014	1
21	86	-0.00257145	1
21	87	0.00148932	0
21	88	0.00766119	1
21	89	-0.00624701	1
21	90	0.0160678	1
21	91	0.00300324	1
21	92	0.0194016	0
21	93	0.00877949	1
21	94	-0.0145932	0
21	95	0.0178774	0
21	96	-0.00913454	0
21	97	0.00555829	1
21	98	-0.00196214	1
21	99	-0.0124887	0
22	0	-0.004737	0
22	1	-0.0106046	0
22	2	0.0320004	1
22	3	-0.000454961	0
22	4	0.00488084	1
22	5	-0.0160851	1
22	6	-0.0182444	0
22	7	0.0142497	1
22	8	0.0120622	0
22	9	-0.00108118	0
22	10	-0.0319686	1
22	11	-0.00977967	0
22	12	-0.00339693	1
22	13	-0.0110413	0
22	14	-0.0108578	0
22	15	0.00932485	0
22	16	-0.0258351	1
22	17	0.0142419	0
22	18	0.0077901	0
22	19	0.00624889	1
22	20	0.0269979	1
22	21	0.013865	1
22	22	-0.00817704	0
22	23	0.0134003	0
22	24	-0.023342	0
22	25	0.0144742	0
22	26	0.00598357	1
22	27	-0.0131124	0
22	28	0.0115217	1
22	29	-0.00161385	1
22	30	-0.0253933	1
22	31	-0.00353237	0
22	32	-0.0141267	1
22	33	0.017536	0
22	34	-0.00877189	0
22	35	0.0101489	1
22	36	-0.0145747	0
22	37	0.00525845	0
22	38	-0.00117644	0
22	39	0.0166246	1
22	40	-0.0333647	0
22	41	-0.00874574	1
22	42	0.00732877	1
22	43	-0.0192857	0
22	44	-0.00631641	0
22	45	0.0163267	0
22	46	0.00757036	1
22	47	-0.0111692	0
22	48	0.0042713	0
22	49	0.0134095	0
22	50	0.0186231	0
22	51	0.000641579	0
22	52	0.0057964	0
22	53	-0.0190356	0
22	54	0.00895879	0
22	55	0.0227582	1
22	56	0.0177694	1
22	57	0.00231472	1
22	58	0.00751748	0
22	59	0.0122127	1
22	60	-0.00390489	1
22	61	-0.003672	0
22	62	0.00416924	1
22	63	-0.0125708	0
22	64	-0.0116392	1
22	65	0.0319649	1
22	66	0.0102925	0
22	67	0.0109027	1
22	68	0.0171407	0
22	69	-0.00728726	0
22	70	0.0156488	1
22	71	-0.0102468	0
22	72	-0.00860709	1
22	73	-0.0179225	1
22	74	0.0113475	0
22	75	0.0279338	0
22	76	0.00168408	0
22	77	-0.00732411	0
22	78	-0.00864172	0
22	79	0.010212	0
22	80	-0.0234871	1
22	81	-0.00397984	0
22	82	-0.0224125	1
22	83	-0.011293	1
22	84	-0.00901114	0
22	85	0.0177498	1
22	86	0.0175543	1
22	87	0.00308927	1
22	88	0.00315523	1
22	89	-0.0196375	1
22	90	-0.00667263	0
22	91	-0.016403	1
22	92	0.0235632	1
22	93	0.0105067	1
22	94	-0.0192625	0
22	95	0.00753006	0
22	96	0.00779977	0
22	97	-0.0172018	0
22	98	-0.0146282	1
22	99	-0.00272273	1
23	0	-0.0129358	0
23	1	-0.00705704	1
23	2	0.0126192	0
23	3	-0.00837216	1
23	4	0.00736065	0
23	5	-0.0100015	1
23	6	0.0121603	1
23	7	0.00425739	0
23	8	-0.0238218	1
23	9	-0.00418761	0
23	10	0.00915138	0
23	11	0.020527	0
23	12	-0.0122561	1
23	13	-0.0114419	1
23	14	0.00497746	0
23	15	0.0049093	1
23	16	0.0145043	1
23	17	0.00775339	0
23	18	0.00959669	1
23	19	-0.0107015	1
23	20	0.0075947	1
23	21	0.0227866	1
23	22	-0.0111187	0
23	23	0.00730313	1
23	24	-0.011759	0
23	25	-0.00547007	1
23	26	-0.00857088	0
23	27	0.00430962	1
23	28	0.00411687	1
23	29	0.00430784	1
23	30	-0.00142922	1
23	31	-0.0281359	1
23	32	0.00299195	0
23	33	-0.0169537	1
23	34	0.000526942	0
23	35	-0.0171648	0
23	36	-0.00248025	1
23	37	0.00871763	0
23	38	-0.00183517	0
23	39	-0.00287323	1
23	40	-0.00305747	0
23	41	-0.003673	1
23	42	0.0242116	0
23	43	-0.0295472	1
23	44	0.00936512	1
23	45	-0.00497496	1
23	46	0.00655808	0
23	47	0.00137285	0
23	48	0.00901036	0
23	49	0.0314169	1
23	50	-0.0123739	0
23	51	-0.0173217	0
23	52	-0.00763398	0
23	53	0.0250968	0
23	54	-0.00271183	0
23	55	-0.00490113	0
23	56	-0.00767208	1
23	57	-0.00598205	0
23	58	-0.0162569	0
23	59	0.0313706	0
23	60	-0.00562406	1
23	61	0.00358751	1
23	62	0.00550778	0
23	63	-0.00757423	0
23	64	-0.0147587	0
23	65	0.00157437	1
23	66	0.00609072	0
23	67	-0.0104913	0
23	68	0.0056146	0
23	69	0.0199283	0
23	70	0.0174772	1
23	71	0.00318772	1
23	72	-0.00212165	1
23	73	0.0143895	1
23	74	0.00245508	0
23	75	-0.0208301	0
23	76	0.0189258	1
23	77	-0.0207686	0
23	78	0.0054817	0
23	79	0.00884983	0
23	80	0.000445404	0
23	81	0.0177354	1
23	82	0.0237771	1
23	83	-0.0330027	1
23	84	0.0159647	0
23	85	0.0147153	1
23	86	-0.0133401	1
23	87	-0.0185653	1
23	88	-0.012081	1
23	89	-0.0199624	1
23	90	-0.000165368	0
23	91	0.00195291	0
23	92	-0.0255528	1
23	93	0.0212349	0
23	94	-0.0106326	0
23	95	-0.0150567	1
23	96	0.0177803	1
23	97	-0.00370622	0
23	98	0.00409872	1
23	99	0.0192569	1
24	0	-0.00567228	1
24	1	0.0103818	0
24	2	-0.00873475	1
24	3	0.0286076	0
24	4	-0.00664964	1
24	5	0.00740539	0
24	6	-0.0011602	0
24	7	-0.00193309	0
24	8	0.00851222	1
24	9	-0.00209611	0
24	10	-0.0158383	1
24	11	0.0251993	0
24	12	-0.0226073	1
24	13	0.0144216	0
24	14	0.00363352	0
24	15	-0.00780321	0
24	16	-0.0286555	0
24	17	-0.00694071	1
24	18	-0.0285559	1
24	19	0.00252211	1
24	20	0.00461556	0
24	21	-0.023549	0
24	22	-0.00693222	0
24	23	-0.00638476	1
24	24	0.000501766	1
24	25	0.0319021	0
24	26	-0.00460942	0
24	27	0.00569048	1
24	28	0.0118592	1
24	29	-0.00563959	0
24	30	0.0181554	1
24	31	0.00297458	0
24	32	0.0111911	0
24	33	0.0103676	1
24	34	-0.00710588	0
24	35	0.00772059	0
24	36	0.00261776	0
24	37	0.00654859	1
24	38	0.0274082	1
24	39	0.00147213	1
24	40	-0.00366256	0
24	41	-0.0157621	0
24	42	-0.0136112	1
24	43	-0.0137011	0
24	44	0.0172912	1
24	45	0.00832964	1
24	46	-0.0124869	1
24	47	0.00835595	1
24	48	0.000942252	0
24	49	-0.0138958	1
24	50	0.0164127	0
24	51	0.0254293	1
24	52	-0.00175184	1
24	53	0.00777756	0
24	54	-0.0126836	0
24	55	0.00569963	0
24	56	-0.00386989	0
24	57	-0.00682504	0
24	58	-0.00396247	0
24	59	-0.013161	0
24	60	-0.00822405	0
24	61	-0.00797539	1
24	62	-0.00456336	1
24	63	-0.0233265	1
24	64	0.0132997	1
24	65	-0.00130477	1
24	66	-0.00745005	0
24	67	0.0149425	1
24	68	-0.00828587	1
24	69	0.00054161	1
24	70	-0.0151365	1
24	71	0.000214905	0
24	72	-0.00744082	1
24	73	0.000580899	0
24	74	0.00576208	0
24	75	0.0150703	1
24	76	0.0160189	0
24	77	0.020625	0
24	78	0.00879504	1
24	79	-0.0461345	0
24	80	6.73751e-05	1
24	81	-0.0103043	1
24	82	-0.00354	1
24	83	0.00279815	1
24	84	-0.018681	0
24	85	-0.0130863	1
24	86	0.0140142	1
24	87	0.00150633	0
24	88	0.00800678	1
24	89	-0.00602377	0
24	90	0.00752171	1
24	91	0.00399452	1
24	92	0.00286737	1
24	93	-0.00385199	1
24	94	0.0170041	0
24	95	-0.00641737	1
24	96	-0.0120615	1
24	97	-0.00827959	1
24	98	0.00397304	1
24	99	0.0267775	0
25	0	0.0133761	1
25	1	0.00967407	0
25	2	-0.00332129	0
25	3	-0.0193685	0
25	4	0.0236893	0
25	5	-0.00303851	1
25	6	-0.012502	0
25	7	-0.00178322	1
25	8	-0.0101726	1
25	9	0.00351221	1
25	10	0.0163098	1
25	11	-0.00850018	1
25	12	0.00951462	1
25	13	0.0100695	0
25	14	-0.0128814	0
25	15	0.0120332	1
25	16	-0.00107638	0
25	17	0.00613337	0
25	18	-0.0221273	0
25	19	0.0180359	0
25	20	-0.00925597	0
25	21	0.0131058	0
25	22	0.0265564	1
25	23	-0.0159061	0
25	24	0.00717135	1
25	25	-0.0061299	1
25	26	-0.00820251	0
25	27	0.00529562	1
25	28	0.0248395	0
25	29	0.00881329	0
25	30	-0.0259481	0
25	31	0.0018036	1
25	32	-0.00030501	0
25	33	-0.0190096	1
25	34	-0.00636088	1
25	35	0.000514759	0
25	36	-0.00662148	1
25	37	0.0169981	0
25	38	-0.000211097	0
25	39	0.00104514	0
25	40	-0.0311923	1
25	41	-0.0281	0
25	42	0.00733378	1
25	43	0.010509	0
25	44	-0.00791074	1
25	45	-0.00299569	1
25	46	-0.0122844	1
25	47	-0.0127863	0
25	48	0.0107372	0
25	49	0.000251467	1
25	50	0.000793228	1
25	51	0.0164761	1
25	52	-0.0139577	0
25	53	-0.000907065	1
25	54	0.021674	1
25	55	-0.00375245	0
25	56	0.00459376	0
25	57	0.00713203	0
25	58	-0.00394985	1
25	59	0.00564211	0
25	60	0.0235134	0
25	61	-0.00299052	1
25	62	-0.00901088	1
25	63	0.0184982	0
25	64	-0.0109049	0
25	65	-0.040572	1
25	66	0.0150045	0
25	67	-0.00731184	1
25	68	-0.00137305	0
25	69	0.0195206	1
25	70	0.0139647	0
25	71	0.0240788	0
25	72	0.00314081	1
25	73	-0.00327991	0
25	74	0.00149182	0
25	75	0.0125674	0
25	76	-0.0089124	0
25	77	-0.0106636	1
25	78	-0.00199264	0
25	79	-0.0193462	1
25	80	0.00559464	1
25	81	-0.00756044	0
25	82	-0.00910338	0
25	83	0.0373364	0
25	84	-0.00542289	0
25	85	-0.0142759	1
25	86	0.00121148	1
25	87	0.00394241	0
25	88	0.000775891	0
25	89	-0.0175769	0
25	90	0.00896092	0
25	91	-0.0374475	0
25	92	-0.00360163	1
25	93	0.0126871	0
25	94	-0.0170035	1
25	95	-0.00557503	0
25	96	0.0311697	1
25	97	-0.0153449	0
25	98	0.0290991	1
25	99	-0.0163636	0
26	0	0.0196858	1
26	1	0.00288106	1
26	2	0.00589183	1
26	3	0.00440877	1
26	4	-0.0113236	0
26	5	0.0153807	0
26	6	0.00366959	0
26	7	0.0168662	0
26	8	0.0148908	1
26	9	-0.00197713	0
26	10	0.0116823	1
26	11	0.0294082	1
26	12	0.0134103	0
26	13	-0.010646	0
26	14	-0.0131156	0
26	15	-0.0116194	0
26	16	-0.00578658	0
26	17	0.00340306	0
26	18	-0.00622635	1
26	19	0.00176111	0
26	20	-0.0404219	1
26	21	0.0141061	0
26	22	0.0289939	0
26	23	0.0246585	1
26	24	-0.0288419	0
26	25	0.0164395	0
26	26	0.0172816	0
26	27	-0.00788747	1
26	28	0.0171484	1
26	29	0.00425596	1
26	30	-0.00834501	1
26	31	-0.00379996	1
26	32	-0.0109756	0
26	33	0.00900808	0
26	34	-0.00879907	0
26	35	-0.00506646	0
26	36	-0.0192261	1
26	37	0.00519921	0
26	38	0.00731747	1
26	39	-0.0019089	0
26	40	-0.00261047	0
26	41	0.00219199	1
26	42	0.00137589	1
26	43	-0.00673246	0
26	44	-0.0175591	1
26	45	0.000965119	1
26	46	0.0291397	1
26	47	0.000511915	1
26	48	-0.0175519	1
26	49	-0.0101205	1
26	50	-0.0059723	1
26	51	0.000705973	1
26	52	0.00274996	0
26	53	0.00376851	0
26	54	-0.00736862	1
26	55	0.00152655	0
26	56	-0.00865428	0
26	57	-0.0081074	1
26	58	0.00426097	0
26	59	-0.0142151	0
26	60	-0.0157171	0
26	61	0.00798343	0
26	62	-0.00256825	0
26	63	0.000308433	0
26	64	-0.00443298	0
26	65	0.0296746	1
26	66	-0.0236854	0
26	67	-0.0041245	0
26	68	0.00366594	1
26	69	-0.0058868	1
26	70	0.0133959	0
26	71	-0.00899386	1
26	72	0.0183079	1
26	73	0.00705101	1
26	74	-0.0396044	0
26	75	-0.0186404	0
26	76	-0.00332063	1
26	77	-0.0355494	0
26	78	0.00189615	1
26	79	0.0139063	1
26	80	0.00337345	0
26	81	0.00491399	1
26	82	-0.0113847	1
26	83	0.0401603	1
26	84	0.0222365	0
26	85	0.00463858	0
26	86	0.0130282	0
26	87	0.0278038	0
26	88	-0.0278014	1
26	89	-0.00242493	1
26	90	-0.0037081	0
26	91	0.00467385	0
26	92	0.00818335	0
26	93	-0.0129801	1
26	94	-0.0238107	0
26	95	0.021787	0
26	96	-0.00812038	1
26	97	-0.00578696	1
26	98	-0.0101409	0
26	99	-0.0183924	1
27	0	0.00559905	0
27	1	0.0115238	0
27	2	0.00450751	0
27	3	0.0101634	0
27	4	0.01715	1
27	5	0.00802766	0
27	6	-0.0121665	1
27	7	-0.0022097	0
27	8	0.00651632	1
27	9	-0.00475491	0
27	10	0.00712171	0
27	11	-0.0206076	0
27	12	-0.0101266	1
27	13	-0.000941079	0
27	14	-0.00215695	1
27	15	0.000371621	1
27	16	0.000507245	1
27	17	0.00100916	1
27	18	-0.024181	1
27	19	0.0147772	0
27	20	0.00286557	1
27	21	0.000606622	0
27	22	-0.00313793	0
27	23	0.00406404	1
27	24	0.0133809	0
27	25	0.00221149	0
27	26	-0.0174932	0
27	27	-0.0164338	0
27	28	0.00705852	1
27	29	0.00433199	0
27	30	0.0181008	0
27	31	0.0192117	1
27	32	-0.0188071	0
27	33	-0.0100419	0
27	34	-0.0287073	1
27	35	0.0135111	0
27	36	0.0121363	0
27	37	-0.0141707	1
27	38	0.0211121	1
27	39	0.00258056	1
27	40	0.00133283	1
27	41	-0.00958851	1
27	42	0.0193431	0
27	43	0.00399854	1
27	44	-0.0204169	1
27	45	0.0115746	1
27	46	-0.00413828	0
27	47	0.00264626	0
27	48	-0.001934	0
27	49	0.000139211	0
27	50	0.0020363	1
27	51	-0.00751426	0
27	52	0.00520879	0
27	53	-0.00709751	1
27	54	-0.0299692	0
27	55	-0.013586	0
27	56	0.00249465	0
27	57	-0.0202631	1
27	58	0.0132798	0
27	59	0.0112346	0
27	60	0.00246743	1
27	61	-0.00925469	1
27	62	0.0117576	0
27	63	0.012717	1
27	64	-0.0043627	1
27	65	-0.00625074	1
27	66	0.0109229	0
27	67	0.0100145	0
27	68	-0.0252224	0
27	69	0.00293923	1
27	70	-0.0219542	0
27	71	0.026643	0
27	72	0.0139839	1
27	73	0.0323566	1
27	74	0.000698578	0
27	75	-0.0165483	1
27	76	-0.000951009	1
27	77	-0.00736442	1
27	78	0.00787425	1
27	79	0.018877	0
27	80	-0.0160176	1
27	81	-0.00476472	1
27	82	0.00750921	0
27	83	-0.0162679	0
27	84	0.0068319	1
27	85	-0.000652747	1
27	86	-0.0372044	0
27	87	-0.00308019	0
27	88	-0.0114442	0
27	89	-0.0106124	1
27	90	0.00479607	0
27	91	0.0203789	1
27	92	0.0035662	0
27	93	-0.00197529	1
27	94	0.0119914	1
27	95	0.0147266	0
27	96	-0.00962364	0
27	97	-0.00250589	0
27	98	0.00213176	0
27	99	0.00158251	0
28	0	0.000558674	0
28	1	0.00517988	0
28	2	0.00677269	0
28	3	0.0132401	0
28	4	-0.0143908	0
28	5	0.00479266	0
28	6	0.0155084	0
28	7	-0.0274069	0
28	8	0.00642053	0
28	9	0.00633621	0
28	10	-0.00926918	0
28	11	-0.00480532	0
28	12	0.0167876	1
28	13	-0.0158556	0
28	14	-0.00319319	0
28	15	0.0212029	1
28	16	-0.0196304	1
28	17	-0.00956072	0
28	18	-0.0258769	1
28	19	-0.000221079	1
28	20	0.0053011	1
28	21	-0.0258816	0
28	22	-0.0116686	1
28	23	-0.00731833	1
28	24	-0.0275456	0
28	25	0.00205001	1
28	26	0.0126843	1
28	27	0.000814645	0
28	28	-0.00118594	0
28	29	0.00553874	1
28	30	-0.00108015	1
28	31	-0.0213398	1
28	32	-0.00931311	1
28	33	-0.0193332	1
28	34	-0.00903451	1
28	35	0.0044298	1
28	36	-0.00623558	0
28	37	0.00946734	0
28	38	0.00737015	1
28	39	0.00824645	0
28	40	0.0309998	1
28	41	-0.00632488	0
28	42	0.00476001	0
28	43	0.00225914	0
28	44	0.0197692	1
28	45	-0.00840358	0
28	46	-0.0315404	1
28	47	0.000404423	1
28	48	0.0100833	1
28	49	0.00128004	1
28	50	0.0186164	1
28	51	-0.00688697	0
28	52	0.00629406	0
28	53	-0.00170296	1
28	54	0.0109794	0
28	55	0.0178183	0
28	56	-0.00231151	0
28	57	0.00305282	1
28	58	-0.00238738	1
28	59	-0.010482	0
28	60	-0.0169308	1
28	61	0.0195313	0
28	62	-0.0100426	0
28	63	-0.00641374	1
28	64	-0.0204933	1
28	65	0.0115349	0
28	66	-0.0131905	0
28	67	-0.0213255	1
28	68	0.0209484	1
28	69	-0.00917822	0
28	70	-0.00636142	1
28	71	0.0175675	0
28	72	-0.0170898	1
28	73	0.0124969	1
28	74	0.0324531	0
28	75	-0.00669753	0
28	76	0.0208581	1
28	77	-0.00074352	0
28	78	0.0312534	0
28	79	-0.00647865	1
28	80	-0.000768117	1
28	81	0.00758884	1
28	82	-0.00263531	0
28	83	-0.00402491	0
28	84	0.0253467	0
28	85	0.00674349	1
28	86	-0.00761757	1
28	87	0.00892841	1
28	88	-0.0133837	1
28	89	-0.00225505	0
28	90	0.0056204	1
28	91	-0.0113244	0
28	92	-0.0301077	0
28	93	-0.00975303	1
28	94	0.00462171	0
28	95	0.0405926	0
28	96	0.00131163	0
28	97	-0.000853118	1
28	98	-0.00313745	0
28	99	0.0145757	0
29	0	0.00645879	1
29	1	0.00414511	0
29	2	0.00653592	1
29	3	0.0190021	0
29	4	0.00524369	1
29	5	-0.0194024	1
29	6	-0.00387282	0
29	7	-0.0132987	0
29	8	0.00551955	0
29	9	0.00945904	0
29	10	0.0256752	0
29	11	-0.00599007	0
29	12	0.00402287	0
29	13	-0.00845195	1
29	14	-0.00398546	1
29	15	0.00257112	0
29	16	0.00320506	1
29	17	0.00623695	1
29	18	-0.0124469	0
29	19	0.020392	1
29	20	-0.00851934	0
29	21	-0.00594363	0
29	22	0.0179765	1
29	23	0.000634428	0
29	24	0.0229347	1
29	25	0.00823053	0
29	26	0.00805383	1
29	27	-0.0170977	1
29	28	-0.0190636	0
29	29	-0.000658345	1
29	30	0.00234563	0
29	31	-0.0361053	0
29	32	-0.00403179	0
29	33	-0.0209289	1
29	34	-0.0024766	0
29	35	0.00868153	0
29	36	0.0158823	1
29	37	0.0137816	1
29	38	-0.0112032	0
29	39	0.00535005	0
29	40	0.0249	1
29	41	-0.021754	1
29	42	0.029071	0
29	43	-0.0244744	1
29	44	0.00687828	0
29	45	-0.00716006	0
29	46	0.014731	1
29	47	0.00810083	1
29	48	0.00739857	0
29	49	0.0233765	1
29	50	-0.00587642	0
29	51	-0.000551222	0
29	52	-0.0101964	1
29	53	-0.00524786	1
29	54	0.024475	1
29	55	-0.00355757	1
29	56	0.00510756	0
29	57	-0.00753704	1
29	58	-0.0133571	0
29	59	-0.0132681	1
29	60	-0.0182698	1
29	61	-0.0291352	0
29	62	0.00745025	0
29	63	0.00277338	0
29	64	-0.00398214	0
29	65	-0.00786347	0
29	66	-0.0212706	0
29	67	0.0234692	0
29	68	-0.00183458	1
29	69	-0.0276088	0
29	70	0.00994096	1
29	71	-0.0099767	0
29	72	0.012059	1
29	73	-0.0119384	1
29	74	0.0137062	0
29	75	-0.00252814	1
29	76	-0.00662066	0
29	77	0.0136786	1
29	78	-0.00513822	0
29	79	0.00649687	1
29	80	-0.0378632	1
29	81	0.0274965	0
29	82	-0.00550067	0
29	83	0.00353736	0
29	84	-0.0217687	0
29	85	0.00187368	0
29	86	0.0105648	1
29	87	0.00220338	0
29	88	-0.0181031	0
29	89	0.0128156	1
29	90	0.00740164	1
29	91	0.0137647	0
29	92	-0.0054672	1
29	93	0.010391	1
29	94	0.0132333	1
29	95	-0.00464535	1
29	96	0.0055621	1
29	97	-0.00785185	1
29	98	-0.0349972	1
29	99	0.0240253	1
30	0	0.0108132	0
30	1	-0.00478478	1
30	2	0.0301269	1
30	3	0.0156206	1
30	4	0.0110606	0
30	5	-0.00087516	0
30	6	-0.0127175	1
30	7	-0.00464321	1
30	8	0.00775683	0
30	9	-0.00256387	0
30	10	-0.00341045	1
30	11	0.0173381	1
30	12	-0.0152279	0
30	13	-0.00729714	1
30	14	-0.00439072	0
30	15	0.00199586	0
30	16	-0.016468	0
30	17	-0.0118572	0
30	18	-0.0139695	1
30	19	-0.00557271	1
30	20	0.00578939	0
30	21	-0.0138415	1
30	22	-0.0106471	1
30	23	0.00284223	0
30	24	-0.00803783	1
30	25	-0.00277796	1
30	26	0.00986121	0
30	27	-0.0131468	0
30	28	-0.0034617	1
30	29	-0.010568	1
30	30	0.000756686	0
30	31	0.0240144	1
30	32	0.0183299	0
30	33	-0.0139875	1
30	34	0.0127517	0
30	35	0.00933055	0
30	36	-0.0100015	0
30	37	-0.00127916	1
30	38	0.0195002	1
30	39	0.0195881	1
30	40	-0.00989064	0
30	41	-0.00989199	1
30	42	-0.0109323	0
30	43	-0.0037591	0
30	44	0.000222054	1
30	45	-0.0320932	0
30	46	-0.0127512	1
30	47	0.00479088	0
30	48	0.000520382	1
30	49	0.0137234	0
30	50	0.0240805	1
30	51	0.00632238	1
30	52	-0.0124699	0
30	53	0.00208376	1
30	54	-0.00842559	0
30	55	0.00654259	0
30	56	0.0014035	0
30	57	0.00856326	0
30	58	0.0289967	0
30	59	-0.00715561	0
30	60	0.00109884	0
30	61	-0.00413121	0
30	62	0.00275577	1
30	63	0.0162444	0
30	64	-0.0175351	1
30	65	-0.00530564	1
30	66	-0.00788089	1
30	67	-0.0201248	0
30	68	0.0218787	0
30	69	0.0150823	0
30	70	-0.00182308	0
30	71	-0.0145	1
30	72	0.0152208	0
30	73	-0.0124735	0
30	74	-0.017483	0
30	75	0.00246792	1
30	76	0.0135881	0
30	77	0.0074156	0
30	78	0.0188049	1
30	79	0.00794703	0
30	80	-0.00624524	1
30	81	0.0168388	1
30	82	0.00235722	1
30	83	-0.0109177	1
30	84	0.0150952	1
30	85	-0.00901222	1
30	86	0.00883977	1
30	87	-0.0175592	1
30	88	-0.00554632	0
30	89	0.0051566	0
30	90	0.0105835	1
30	91	-0.0213273	1
30	92	-0.00162399	1
30	93	-0.00757218	1
30	94	-0.0152829	0
30	95	-0.00693572	0
30	96	-0.00854978	0
30	97	-0.0165025	0
30	98	0.0194736	1
30	99	0.011654	0
31	0	-0.0118465	1
31	1	-0.00812885	1
31	2	-0.0383924	0
31	3	-0.0123812	0
31	4	-0.0226082	1
31	5	-0.0264773	1
31	6	0.0250368	1
31	7	0.00704929	0
31	8	-0.0256811	1
31	9	0.0150299	1
31	10	-0.0250854	1
31	11	0.0165502	0
31	12	-0.0241842	0
31	13	0.00706327	0
31	14	-0.00652516	0
31	15	-0.0126127	1
31	16	-0.0232869	1
31	17	0.0161204	0
31	18	-0.00278813	1
31	19	0.00418645	0
31	20	-0.00209544	1
31	21	0.0107771	1
31	22	0.00802537	1
31	23	0.0179944	1
31	24	-0.0353801	0
31	25	-0.00276733	0
31	26	0.0164778	0
31	27	-0.00896313	0
31	28	-0.00646738	0
31	29	-0.0164916	0
31	30	0.00345537	0
31	31	0.00443598	1
31	32	0.0198709	1
31	33	4.01373e-05	1
31	34	0.00356648	0
31	35	0.00990666	1
31	36	-0.0119969	1
31	37	0.0178128	1
31	38	0.019563	1
31	39	0.00785756	1
31	40	0.0307405	0
31	41	-0.00209503	0
31	42	0.0113975	0
31	43	-0.00971524	0
31	44	-0.0038405	1
31	45	0.0119149	0
31	46	-0.000598651	0
31	47	-0.0197506	1
31	48	-0.0116321	1
31	49	0.0105943	1
31	50	0.0123627	1
31	51	-0.0253957	1
31	52	-0.0259878	1
31	53	0.000214432	0
31	54	0.0110041	0
31	55	0.0141595	0
31	56	-0.00214992	0
31	57	-0.0211903	1
31	58	-0.0161305	0
31	59	-0.00494193	1
31	60	0.00529078	1
31	61	-0.00158524	0
31	62	0.0219492	0
31	63	0.0206576	1
31	64	0.0338126	1
31	65	0.00473769	1
31	66	0.0208175	0
31	67	0.0322143	0
31	68	-0.00200538	1
31	69	0.004982	0
31	70	0.00787379	0
31	71	0.005108	0
31	72	0.0121735	0
31	73	-0.00235876	0
31	74	-0.0252739	1
31	75	0.0219571	0
31	76	-0.0266885	1
31	77	0.00379922	1
31	78	0.00750667	1
31	79	-0.0154683	1
31	80	0.0141915	0
31	81	0.0167327	1
31	82	0.00222419	0
31	83	0.0038185	0
31	84	-0.0176454	0
31	85	-0.0318069	1
31	86	0.0298675	1
31	87	-0.0146523	0
31	88	-0.00592944	0
31	89	-0.0107115	1
31	90	-0.0054247	0
31	91	0.00867487	1
31	92	0.00567241	1
31	93	-0.0139465	0
31	94	0.0121477	0
31	95	-0.0183528	0
31	96	0.018383	1
31	97	-0.00656861	1
31	98	-0.00133607	1
31	99	0.019542	0
32	0	0.00040739	0
32	1	-0.0260741	1
32	2	-0.000753242	0
32	3	0.0162463	0
32	4	-0.00896248	1
32	5	0.0106872	1
32	6	0.014166	0
32	7	0.0123405	1
32	8	-0.0232345	0
32	9	-0.00503729	0
32	10	0.000482673	0
32	11	0.00471205	1
32	12	-0.0160007	1
32	13	-3.07754e-05	0
32	14	-0.00999332	0
32	15	-0.0502213	0
32	16	-0.00203115	1
32	17	0.00589601	1
32	18	-0.00481445	0
32	19	-0.00572085	0
32	20	-0.00947544	0
32	21	-0.0236989	0
32	22	0.00902659	0
32	23	-0.00628829	1
32	24	0.00238409	0
32	25	0.00496252	1
32	26	0.027893	0
32	27	0.0256567	1
32	28	-0.00597374	1
32	29	-0.00129791	1
32	30	-0.0113051	1
32	31	0.014193	0
32	32	-0.00287768	1
32	33	-0.0180359	0
32	34	-0.0117799	0
32	35	-0.00666155	1
32	36	-0.0379792	1
32	37	0.0194453	0
32	38	0.00960496	1
32	39	-0.0200006	0
32	40	-0.00964954	0
32	41	-0.00994342	0
32	42	-0.00156471	1
32	43	0.00362639	0
32	44	-0.00618969	0
32	45	0.0151081	1
32	46	0.000590665	0
32	47	0.010945	1
32	48	-0.0111697	1
32	49	0.0288737	1
32	50	0.00588687	0
32	51	0.00661878	1
32	52	-0.00818654	0
32	53	0.00612337	0
32	54	0.011585	0
32	55	-0.0211302	1
32	56	-0.0252306	0
32	57	-0.0478973	1
32	58	0.0100631	1
32	59	-0.00289796	1
32	60	0.00700337	1
32	61	0.00264956	1
32	62	-0.00544594	0
32	63	-0.00388366	1
32	64	0.0176211	1
32	65	0.013477	0
32	66	0.0117123	0
32	67	-0.0047978	1
32	68	0.0143474	0
32	69	-0.00770596	1
32	70	0.00359278	1
32	71	0.0254682	1
32	72	0.00947427	1
32	73	0.0136774	1
32	74	0.00988506	0
32	75	-0.0154966	1
32	76	0.00234237	1
32	77	0.020105	0
32	78	0.0148499	1
32	79	0.0036904	0
32	80	-0.0108029	1
32	81	0.0172055	0
32	82	0.00969708	1
32	83	-0.000188141	1
32	84	0.0050719	1
32	85	0.0110797	0
32	86	-0.00393	1
32	87	0.00423297	1
32	88	0.00165882	0
32	89	0.00914362	1
32	90	0.0190564	1
32	91	0.0220174	0
32	92	-0.0120702	1
32	93	-0.0143388	0
32	94	-0.00578039	1
32	95	-0.000833211	0
32	96	-0.00888398	0
32	97	-0.00858081	1
32	98	-0.00350126	1
32	99	0.0117625	0
33	0	0.00898131	1
33	1	-0.010594	1
33	2	-0.0232916	0
33	3	-0.0128777	0
33	4	0.020723	0
33	5	-0.0101955	1
33	6	0.0292031	1
33	7	0.00306167	1
33	8	-0.00674301	1
33	9	-0.0262945	1
33	10	0.0166615	0
33	11	0.00625117	1
33	12	-0.00556803	0
33	13	0.0208353	0
33	14	-0.0199578	0
33	15	-0.015585	0
33	16	-0.00502169	1
33	17	-0.00348401	1
33	18	-0.0105327	1
33	19	-0.0247929	1
33	20	0.00993721	0
33	21	-0.016612	1
33	22	0.00679027	0
33	23	0.0105382	0
33	24	-0.0261893	1
33	25	0.0052015	0
33	26	0.0263675	0
33	27	-0.00406986	1
33	28	0.00655924	0
33	29	-0.0184779	1
33	30	-0.00333372	1
33	31	0.003972	1
33	32	0.000788587	1
33	33	-0.00334441	0
33	34	-0.00536103	0
33	35	0.00527599	0
33	36	-0.00683415	1
33	37	0.00256281	0
33	38	-0.0281894	0
33	39	-0.0011417	0
33	40	0.0102254	0
33	41	-0.0102123	0
33	42	0.00526821	0
33	43	-0.00999373	0
33	44	0.00644437	0
33	45	-0.00322167	0
33	46	0.0100462	0
33	47	0.0166922	0
33	48	0.0146448	0
33	49	0.000731075	1
33	50	0.0292853	1
33	51	0.00204152	1
33	52	0.00957272	0
33	53	0.00187258	1
33	54	-0.000960223	1
33	55	0.0104623	0
33	56	0.00539619	0
33	57	-0.0209687	1
33	58	0.0129173	0
33	59	-0.00114615	1
33	60	-0.0154266	1
33	61	-0.0148192	1
33	62	-0.0174467	0
33	63	-0.0213739	1
33	64	0.00297613	1
33	65	-0.00309121	0
33	66	0.00468032	0
33	67	0.00886489	1
33	68	-0.00212077	0
33	69	0.012888	1
33	70	0.000686029	1
33	71	-0.0152198	1
33	72	-0.00219734	0
33	73	0.0284221	1
33	74	-0.0328882	1
33	75	-0.0154323	0
33	76	-0.00192689	0
33	77	-0.0123598	0
33	78	-0.0120146	1
33	79	-0.00542193	0
33	80	-0.0228666	0
33	81	0.0245334	0
33	82	0.00184023	0
33	83	-0.00065994	0
33	84	-0.00988178	1
33	85	0.0305195	1
33	86	0.0060552	0
33	87	0.00104843	0
33	88	0.00526443	1
33	89	0.0140019	0
33	90	0.0172501	1
33	91	0.0247049	0
33	92	-0.00384853	0
33	93	0.0421903	0
33	94	0.00607558	0
33	95	-0.0025692	1
33	96	0.0117817	0
33	97	-0.00113324	0
33	98	-0.0126856	1
33	99	-0.00271518	1
34	0	0.00601493	0
34	1	-0.0349867	0
34	2	0.0121776	0
34	3	0.00969306	1
34	4	0.00372785	1
34	5	-0.0309667	0
34	6	-0.0205372	0
34	7	0.00438446	1
34	8	-0.00134923	0
34	9	0.00447245	0
34	10	-0.0288511	0
34	11	0.0271207	0
34	12	0.011153	1
34	13	0.00327015	0
34	14	0.00216133	1
34	15	-0.0273866	1
34	16	0.00418989	0
34	17	-0.00769707	1
34	18	0.00662169	0
34	19	-0.00534657	0
34	20	0.0219831	0
34	21	-0.00683404	1
34	22	0.0139951	0
34	23	-0.0118752	1
34	24	0.0125206	1
34	25	-0.0252415	1
34	26	-0.0097033	0
34	27	0.0249668	0
34	28	0.00341407	0
34	29	0.0304419	1
34	30	0.00391466	1
34	31	-0.00287117	1
34	32	-0.0397803	0
34	33	-0.00286919	0
34	34	0.0197468	1
34	35	-0.000736912	0
34	36	-0.00223792	0
34	37	-0.00148394	1
34	38	0.0255935	1
34	39	0.00468374	0
34	40	0.00557959	0
34	41	-0.0153736	1
34	42	0.00405894	0
34	43	-0.00178869	1
34	44	-0.000721839	1
34	45	-0.01365	1
34	46	-0.0039352	1
34	47	0.0159702	0
34	48	-0.00110272	1
34	49	-0.00271879	1
34	50	-0.00189496	1
34	51	0.030217	1
34	52	-0.00711115	0
34	53	0.0250315	1
34	54	-0.0142244	1
34	55	-0.0102834	0
34	56	-0.00188289	1
34	57	0.00948156	1
34	58	0.0196246	1
34	59	-0.0195369	1
34	60	-0.00831965	1
34	61	0.00983356	0
34	62	0.0124636	0
34	63	-0.0133107	1
34	64	-0.020738	0
34	65	0.00607982	0
34	66	-0.000129497	1
34	67	0.0086339	1
34	68	0.017096	0
34	69	0.0260164	0
34	70	0.0220064	1
34	71	-0.0105923	0
34	72	0.0187044	0
34	73	0.00234757	1
34	74	-0.00963065	0
34	75	0.00597855	0
34	76	-0.0233792	0
34	77	-0.00414569	0
34	78	0.00830215	0
34	79	0.0188603	0
34	80	0.00811353	1
34	81	0.0148874	1
34	82	0.00633106	1
34	83	0.00565228	0
34	84	-0.00305409	0
34	85	0.00902316	1
34	86	0.00161088	1
34	87	-0.00978864	0
34	88	0.00941159	0
34	89	-0.024087	1
34	90	-0.0172072	0
34	91	-0.0147616	0
34	92	0.000525228	0
34	93	-0.0201389	1
34	94	0.0165362	0
34	95	-0.0139496	1
34	96	-0.0124049	1
34	97	-0.0163954	0
34	98	-0.00569232	1
34	99	-0.0119202	1
35	0	0.00457292	1
35	1	-0.00244932	1
35	2	0.00674828	1
35	3	0.0143949	0
35	4	0.0212412	1
35	5	-0.0218934	0
35	6	-0.00516627	1
35	7	0.00163412	0
35	8	0.00225823	1
35	9	-0.00206037	1
35	10	0.00936244	0
35	11	-0.0135638	0
35	12	-0.00727138	1
35	13	-0.0212499	1
35	14	-0.0125578	1
35	15	-0.0138042	1
35	16	-0.028322	1
35	17	-0.0161369	1
35	18	0.0107327	0
35	19	0.00969388	0
35	20	0.00351492	1
35	21	0.0117556	0
35	22	-0.000472538	0
35	23	-0.0050825	0
35	24	-0.00357194	0
35	25	0.0112889	1
35	26	0.0241593	1
35	27	-0.00325856	0
35	28	-0.0116	0
35	29	-1.47331e-05	0
35	30	0.00875189	0
35	31	-0.0119911	0
35	32	0.0156156	0
35	33	0.00552212	1
35	34	0.0056366	0
35	35	-0.00389224	1
35	36	-0.00400025	0
35	37	-0.0144467	0
35	38	-0.00536993	0
35	39	0.0151016	0
35	40	-0.00196375	0
35	41	-0.0205055	1
35	42	0.0102255	1
35	43	-0.0081923	1
35	44	0.0116887	0
35	45	0.00644509	1
35	46	-0.0101866	0
35	47	-0.0202174	0
35	48	-0.00517066	0
35	49	0.00726859	1
35	50	0.00258884	1
35	51	-0.00772205	1
35	52	-0.0149886	0
35	53	-0.000385957	0
35	54	-0.000234541	0
35	55	-0.0130195	0
35	56	0.00888979	0
35	57	-0.00452647	0
35	58	0.00569228	1
35	59	-0.00304716	0
35	60	0.0083591	1
35	61	0.0216282	1
35	62	0.0108622	1
35	63	0.00276025	0
35	64	0.0134401	1
35	65	0.0136337	0
35	66	0.0161308	1
35	67	0.0137981	1
35	68	0.0106603	1
35	69	0.00747269	0
35	70	0.0156135	0
35	71	-0.0186057	1
35	72	0.00775268	0
35	73	0.0117868	1
35	74	-0.0140652	1
35	75	-0.00621249	1
35	76	-0.0246167	1
35	77	0.012539	0
35	78	0.0102807	0
35	79	-0.0058	0
35	80	-0.00290162	1
35	81	0.0192786	1
35	82	0.0134247	0
35	83	0.0121894	1
35	84	0.0165743	1
35	85	-0.0227079	1
35	86	-0.0392921	0
35	87	-0.000856399	0
35	88	-0.0124692	0
35	89	0.00491679	1
35	90	-0.00482333	1
35	91	0.0139973	1
35	92	0.00764825	0
35	93	0.00532604	0
35	94	-0.00279287	1
35	95	-0.0146236	0
35	96	0.00322562	1
35	97	-0.0131935	0
35	98	-0.000196304	0
35	99	-0.00658983	1
36	0	-0.00157994	0
36	1	-0.0160159	0
36	2	-0.0140806	0
36	3	0.00202296	0
36	4	-0.00827832	1
36	5	0.00375952	0
36	6	0.00449503	0
36	7	0.00276437	1
36	8	-0.00624677	1
36	9	0.000382686	1
36	10	-0.0138427	1
36	11	-0.0200349	0
36	12	0.00931701	1
36	13	0.017521	1
36	14	-0.0175002	0
36	15	0.0101437	1
36	16	0.0144539	0
36	17	0.0253778	0
36	18	0.0078633	0
36	19	-0.0227013	0
36	20	-0.00868707	1
36	21	-0.0214689	0
36	22	0.0133798	1
36	23	0.00141435	1
36	24	0.019616	0
36	25	-0.00120464	1
36	26	0.00151137	1
36	27	-0.0222746	1
36	28	0.0031744	1
36	29	0.00320195	1
36	30	0.0142512	1
36	31	-0.00711732	1
36	32	0.00569147	0
36	33	-0.00370258	0
36	34	0.00992773	0
36	35	-0.0031387	1
36	36	0.0075263	1
36	37	-0.0172477	0
36	38	-0.00925389	0
36	39	0.0173093	0
36	40	0.00162333	1
36	41	0.014715	0
36	42	-0.00150066	0
36	43	-0.00792379	0
36	44	-0.0226242	0
36	45	-0.00110701	1
36	46	0.0223273	1
36	47	-0.0237385	1
36	48	-0.00968013	1
36	49	0.0226248	0
36	50	0.00364224	0
36	51	0.00113697	0
36	52	-0.0100001	1
36	53	-0.00136812	1
36	54	0.0110161	1
36	55	-0.00383654	1
36	56	0.0166882	0
36	57	0.00843068	1
36	58	0.0150268	1
36	59	0.0110605	1
36	60	-0.00517031	0
36	61	0.00272009	1
36	62	-0.0135593	1
36	63	0.00368779	1
36	64	0.0307778	0
36	65	0.00892987	1
36	66	-0.00599201	1
36	67	0.00742158	1
36	68	0.0204974	0
36	69	-0.00382471	1
36	70	-0.0112664	1
36	71	0.016096	0
36	72	0.000569065	0
36	73	-0.0224909	1
36	74	0.0140534	0
36	75	-0.014061	1
36	76	0.0068956	1
36	77	-0.0234028	1
36	78	-0.0028686	0
36	79	-0.00262809	1
36	80	-0.0111554	0
36	81	0.00486207	0
36	82	0.00966089	1
36	83	-0.00397878	1
36	84	-0.0231428	1
36	85	-0.00771796	0
36	86	0.00499309	0
36	87	-0.00599688	0
36	88	0.00113669	0
36	89	-0.001917	0
36	90	-0.0108618	0
36	91	-0.0258662	1
36	92	0.0140194	1
36	93	-0.0223531	1
36	94	0.0358048	0
36	95	-0.00434955	0
36	96	-0.0118992	0
36	97	0.000519473	0
36	98	0.0213437	1
36	99	0.0032723	0
37	0	-0.00373509	0
37	1	0.00170411	1
37	2	-0.000703636	1
37	3	0.00137414	1
37	4	0.0137572	0
37	5	0.0146355	0
37	6	-0.012218	0
37	7	-0.0289193	1
37	8	-0.0176123	0
37	9	-0.0197893	0
37	10	0.00435739	0
37	11	-0.0107353	1
37	12	0.0200719	1
37	13	-0.0145913	0
37	14	-0.0113137	1
37	15	0.0301095	0
37	16	-0.0245771	0
37	17	-0.017378	0
37	18	-0.00416837	1
37	19	0.0183882	1
37	20	-0.0105615	1
37	21	-0.0165823	0
37	22	-0.00902171	0
37	23	-0.0108464	0
37	24	-0.0129176	1
37	25	0.0011827	0
37	26	0.0106937	1
37	27	-0.0150737	1
37	28	-0.00561317	0
37	29	0.00388934	0
37	30	-0.0102738	0
37	31	-0.00436547	1
37	32	-0.00518075	1
37	33	0.000865727	0
37	34	-0.00276256	0
37	35	0.00214521	0
37	36	0.0209519	0
37	37	0.0310388	1
37	38	-0.0142664	0
37	39	0.00636423	0
37	40	0.0137603	0
37	41	-0.0256727	0
37	42	0.017273	0
37	43	-0.0150308	0
37	44	0.00539292	0
37	45	0.0196518	1
37	46	0.0117863	1
37	47	-0.0140511	0
37	48	-0.0020326	0
37	49	0.0339642	0
37	50	0.0141827	1
37	51	-0.0126832	0
37	52	-0.00800424	1
37	53	0.0109011	0
37	54	0.0154325	0
37	55	-0.0120903	1
37	56	0.00227047	0
37	57	0.00298943	1
37	58	-0.000946547	1
37	59	-0.0060177	0
37	60	-0.0116558	0
37	61	-0.00238448	0
37	62	0.00571974	0
37	63	-0.00671814	0
37	64	0.0208832	1
37	65	0.00738992	1
37	66	0.000580431	1
37	67	-0.00618855	1
37	68	0.00345793	0
37	69	-0.0104175	0
37	70	-0.0216904	1
37	71	-0.00204363	1
37	72	-0.0146122	1
37	73	0.0114273	1
37	74	0.000181428	1
37	75	-0.0115552	0
37	76	-0.00305391	0
37	77	0.0161699	0
37	78	0.000930168	1
37	79	-0.00618471	0
37	80	0.000439412	0
37	81	0.0126012	1
37	82	0.0297926	0
37	83	-0.0326	1
37	84	-0.0228432	0
37	85	-0.000975006	1
37	86	-0.0220862	1
37	87	0.0045027	0
37	88	0.0361087	0
37	89	0.0117968	0
37	90	0.00852005	1
37	91	0.00505606	1
37	92	-0.00928096	0
37	93	0.00145085	1
37	94	0.0276883	1
37	95	0.0124446	1
37	96	-0.0112915	0
37	97	0.00918745	1
37	98	0.00573522	1
37	99	0.0141188	0
38	0	0.00177857	0
38	1	0.0179657	1
38	2	-0.0146428	0
38	3	-0.00121569	0
38	4	0.00831909	1
38	5	0.00454647	1
38	6	0.0167186	1
38	7	-0.00163626	0
38	8	-0.0227153	0
38	9	-0.0276548	0
38	10	-0.0128059	1
38	11	-0.0390204	0
38	12	-0.0149825	0
38	13	-0.0271142	0
38	14	0.00767162	0
38	15	0.00837222	0
38	16	0.0024044	1
38	17	-0.0104621	1
38	18	-0.0145615	1
38	19	0.0107001	0
38	20	-0.0143268	1
38	21	0.0186519	0
38	22	0.0304171	1
38	23	0.0314565	1
38	24	-0.0220344	0
38	25	0.0049434	0
38	26	0.0174907	1
38	27	-0.000916669	1
38	28	-0.0268696	0
38	29	-0.00261768	0
38	30	-0.00757058	0
38	31	0.0037719	0
38	32	-0.00528162	0
38	33	0.00899837	1
38	34	0.00213885	0
38	35	0.00485563	1
38	36	-0.00381293	1
38	37	-0.0208967	0
38	38	-0.0136073	1
38	39	0.00893975	0
38	40	0.00258575	0
38	41	-0.0340374	0
38	42	-0.0119335	0
38	43	-0.00285524	0
38	44	0.01052	0
38	45	0.00194781	0
38	46	-0.00284991	1
38	47	-0.0105057	1
38	48	0.0150776	1
38	49	0.0091328	0
38	50	0.0325509	0
38	51	0.0208295	1
38	52	-0.011546	0
38	53	-0.00253283	0
38	54	-0.000532629	0
38	55	0.0110083	1
38	56	0.0119478	1
38	57	0.0125944	1
38	58	0.00583155	1
38	59	-0.00246655	0
38	60	-0.00926444	0
38	61	0.0157346	1
38	62	0.00100831	0
38	63	-0.0258711	1
38	64	-0.00839153	0
38	65	-0.00297908	1
38	66	0.00712333	1
38	67	0.0147845	1
38	68	-0.00783051	0
38	69	0.00280259	0
38	70	0.00130115	1
38	71	-0.0113326	1
38	72	-0.00739687	1
38	73	-0.00189775	0
38	74	-0.00834654	1
38	75	0.00707709	0
38	76	-0.00264485	0
38	77	-0.00849117	0
38	78	0.0220156	0
38	79	0.0111243	0
38	80	-0.00933759	1
38	81	-0.00712455	1
38	82	-0.0067693	0
38	83	0.00950246	1
38	84	0.00845445	0
38	85	0.00601944	1
38	86	0.0123342	0
38	87	0.000251592	1
38	88	0.0102005	0
38	89	-0.00266029	0
38	90	0.00545357	0
38	91	0.0290977	1
38	92	0.012949	1
38	93	0.0202869	0
38	94	-0.0193179	1
38	95	0.017115	1
38	96	-0.00169325	1
38	97	-0.021911	1
38	98	0.00455938	1
38	99	-0.0160969	0
39	0	-0.00373499	1
39	1	0.00330729	0
39	2	0.0221439	0
39	3	-0.0206789	0
39	4	0.00971214	0
39	5	-0.0234019	0
39	6	0.0251219	1
39	7	-0.0161916	0
39	8	-0.0160298	0
39	9	0.00604805	1
39	10	-0.00452611	0
39	11	-0.0123142	0
39	12	0.0293825	0
39	13	0.00232072	1
39	14	0.0289404	1
39	15	-0.00222445	1
39	16	0.015527	0
39	17	-0.0202157	1
39	18	-0.000761095	1
39	19	0.00709455	1
39	20	-0.000856935	0
39	21	-0.0129469	1
39	22	0.007031	0
39	23	0.0145386	0
39	24	0.018112	1
39	25	-0.00310146	0
39	26	0.00258333	1
39	27	0.00635613	1
39	28	0.0048654	1
39	29	-0.0169209	0
39	30	-0.0101676	0
39	31	-0.00587007	0
39	32	-0.0127857	0
39	33	0.00446882	1
39	34	-0.0141573	0
39	35	-0.00367305	1
39	36	-0.00481419	0
39	37	-0.00410047	0
39	38	-0.0026697	0
39	39	-0.00676912	0
39	40	-0.0101776	1
39	41	-0.019154	0
39	42	-0.0027729	0
39	43	0.0150829	1
39	44	0.00869143	0
39	45	-0.0163654	1
39	46	-0.0128519	1
39	47	-0.0189919	0
39	48	0.00580987	0
39	49	-0.00996879	1
39	50	0.0125499	1
39	51	0.000624745	1
39	52	-0.0146725	0
39	53	-0.0161343	1
39	54	0.000689331	0
39	55	0.0309889	1
39	56	-0.0256866	1
39	57	0.0189657	0
39	58	-0.0136823	1
39	59	0.0151632	0
39	60	0.0260887	1
39	61	0.00099868	0
39	62	-0.017342	1
39	63	-0.015213	0
39	64	0.0208933	0
39	65	-0.00648837	1
39	66	-0.0235229	1
39	67	0.0111067	1
39	68	0.0129006	0
39	69	-0.00336159	0
39	70	0.0266316	1
39	71	-0.0117232	1
39	72	-0.0158993	1
39	73	-0.016632	1
39	74	-0.00946098	1
39	75	0.0228363	1
39	76	-0.006202	0
39	77	0.00819707	0
39	78	0.0149962	0
39	79	0.000510256	1
39	80	-0.00204329	1
39	81	-0.0238674	1
39	82	0.0009826	1
39	83	-0.000561801	1
39	84	0.0110276	0
39	85	-0.000472986	0
39	86	-0.000429971	0
39	87	0.0182895	0
39	88	0.0103208	0
39	89	-0.00868971	1
39	90	0.0161079	0
39	91	-0.0337301	0
39	92	-0.0014962	1
39	93	0.0139933	0
39	94	0.00675223	0
39	95	0.0191374	0
39	96	-0.01177	0
39	97	0.00124237	1
39	98	0.0118155	1
39	99	0.0173285	0
40	0	-0.0180291	1
40	1	0.00828127	0
40	2	-0.00925354	1
40	3	-0.0072598	0
40	4	0.0225823	1
40	5	-0.00743053	1
40	6	0.0159115	1
40	7	0.00379573	1
40	8	0.0252263	1
40	9	0.0108342	0
40	10	0.0139245	0
40	11	-0.00856194	0
40	12	-0.0218319	0
40	13	0.0153056	1
40	14	0.00270728	0
40	15	-0.000562948	1
40	16	0.00183501	0
40	17	0.00238995	1
40	18	0.0111591	1
40	19	0.03198	0
40	20	-0.00339397	0
40	21	-0.0333755	0
40	22	-0.00139352	0
40	23	-0.0130539	1
40	24	0.0177402	1
40	25	0.0113556	0
40	26	0.00381909	1
40	27	0.00731013	0
40	28	-0.00435524	1
40	29	0.0067391	1
40	30	-0.00124416	0
40	31	0.00302723	0
40	32	0.0289945	1
40	33	0.0108946	0
40	34	0.000376265	1
40	35	0.00582859	0
40	36	-0.0392297	0
40	37	-0.00720796	0
40	38	0.00924982	1
40	39	-0.0172784	0
40	40	-0.00785778	1
40	41	-0.00726489	1
40	42	-0.00189686	1
40	43	-0.0294086	1
40	44	0.00943431	1
40	45	0.00206124	0
40	46	0.00113373	0
40	47	-0.00832677	0
40	48	-0.00186337	0
40	49	0.00281655	1
40	50	0.0205646	0
40	51	-0.0217191	0
40	52	-0.0125462	1
40	53	-0.0151487	1
40	54	0.00890639	1
40	55	0.00181056	0
40	56	-0.00639778	1
40	57	-0.00956201	0
40	58	-0.00904383	1
40	59	-0.00587381	0
40	60	0.0108587	0
40	61	0.00718909	0
40	62	0.00264831	0
40	63	-0.00231142	0
40	64	-0.0240846	0
40	65	0.0117876	0
40	66	-0.014931	0
40	67	0.0306095	1
40	68	-0.00863898	1
40	69	-0.00695373	0
40	70	0.00739049	1
40	71	0.00966002	0
40	72	-0.00407187	1
40	73	-0.00824676	0
40	74	0.00869664	1
40	75	-0.00479778	1
40	76	-0.000631669	0
40	77	-0.00509172	0
40	78	-0.0161855	0
40	79	0.0131671	1
40	80	-0.0195403	0
40	81	0.00943639	1
40	82	-0.0189612	1
40	83	0.0133979	1
40	84	-0.0217498	0
40	85	0.0245014	1
40	86	-0.0215777	1
40	87	0.00367936	0
40	88	0.0135748	0
40	89	-0.00718123	0
40	90	0.00547212	1
40	91	-0.00835048	0
40	92	-0.00876252	1
40	93	0.00336051	1
40	94	-0.00890079	1
40	95	0.0148001	0
40	96	0.0136873	1
40	97	0.000253996	1
40	98	0.0165672	1
40	99	0.00260702	0
41	0	-0.01394	1
41	1	-0.0286117	0
41	2	-0.00658078	1
41	3	-0.00931343	0
41	4	0.00913153	1
41	5	-0.0164718	1
41	6	0.0195513	0
41	7	0.00350605	1
41	8	-0.00106112	0
41	9	0.0119708	0
41	10	0.0181041	0
41	11	0.00139291	0
41	12	-0.0027226	1
41	13	0.0277044	0
41	14	-0.0133503	1
41	15	0.00079183	0
41	16	-0.00375856	0
41	17	-0.00798831	1
41	18	-0.019961	1
41	19	-0.0184213	1
41	20	0.00543156	0
41	21	-0.00710068	1
41	22	-0.00701606	1
41	23	-0.000491556	0
41	24	-0.0113659	1
41	25	0.00351552	0
41	26	-0.00998945	0
41	27	0.0370239	0
41	28	0.014615	1
41	29	0.0169505	1
41	30	-0.0383371	1
41	31	0.00939261	0
41	32	-0.00297664	0
41	33	0.00630812	0
41	34	0.0236539	1
41	35	-0.0202486	1
41	36	0.0137339	0
41	37	0.00846454	1
41	38	-0.0116583	1
41	39	0.00937487	0
41	40	0.0201128	0
41	41	-0.0261974	0
41	42	-0.00339024	0
41	43	0.00778992	0
41	44	-0.0372282	1
41	45	-0.00422078	0
41	46	-0.0105838	1
41	47	0.00243671	0
41	48	-0.00715114	0
41	49	0.00974251	0
41	50	-0.00244723	1
41	51	0.00201059	1
41	52	0.013567	1
41	53	-0.0103845	0
41	54	0.0147071	1
41	55	0.0081584	0
41	56	0.0154746	1
41	57	-0.00226779	1
41	58	0.000714323	0
41	59	0.000328173	0
41	60	-0.0149445	0
41	61	-0.00750841	0
41	62	-0.0135235	1
41	63	0.0116387	1
41	64	0.00445718	0
41	65	-0.0135149	1
41	66	-0.018004	1
41	67	0.0225568	1
41	68	0.0294517	1
41	69	-0.00103777	0
41	70	0.00367489	1
41	71	0.0156983	1
41	72	-0.0103424	0
41	73	0.0169584	0
41	74	-0.000700519	0
41	75	-0.00440393	0
41	76	-0.0061387	0
41	77	0.00550655	0
41	78	-0.000621519	0
41	79	0.00106554	0
41	80	-0.011559	1
41	81	0.00125862	0
41	82	-0.000382822	0
41	83	0.00438026	0
41	84	-0.0202133	1
41	85	-0.0042321	1
41	86	0.0180209	1
41	87	-0.0130756	1
41	88	-0.00910002	1
41	89	0.0134314	0
41	90	0.0037279	1
41	91	0.0144352	1
41	92	0.0193919	0
41	93	-0.00689138	1
41	94	0.00994105	0
41	95	0.00912285	0
41	96	0.00792567	0
41	97	-0.0130801	0
41	98	-0.0117598	0
41	99	-0.0120329	1
42	0	0.00483578	1
42	1	0.00978282	0
42	2	-0.000502069	0
42	3	0.0240262	0
42	4	-0.0324531	1
42	5	0.000502466	1
42	6	-0.00101977	0
42	7	0.0034346	0
42	8	0.00159236	0
42	9	-0.00255999	1
42	10	-0.0205116	0
42	11	0.00542354	1
42	12	-0.00415805	0
42	13	0.0187584	0
42	14	-0.0145515	1
42	15	0.00914136	0
42	16	-0.000904103	0
42	17	0.0176586	1
42	18	0.00386862	0
42	19	0.0123401	0
42	20	-0.00407134	0
42	21	0.00356492	0
42	22	0.0081239	0
42	23	-0.0318831	0
42	24	-0.00452477	1
42	25	0.0097155	1
42	26	0.00190878	0
42	27	-0.00557787	0
42	28	-0.00144	0
42	29	-0.00452196	0
42	30	-0.00830535	1
42	31	0.0165219	0
42	32	-0.00147377	0
42	33	0.00326036	0
42	34	0.0129046	1
42	35	0.00652647	1
42	36	-0.0134783	1
42	37	0.0185609	0
42	38	-0.0301275	0
42	39	0.00592429	1
42	40	-0.0184508	1
42	41	0.00546307	0
42	42	0.0156185	0
42	43	-0.00336368	0
42	44	-0.0108429	1
42	45	0.00989365	0
42	46	0.00844625	0
42	47	0.0108978	0
42	48	-0.00401973	1
42	49	0.0204286	0
42	50	-0.00642212	1
42	51	-0.0123564	0
42	52	-0.0294414	0
42	53	0.0240426	0
42	54	0.0137047	0
42	55	-0.0102794	0
42	56	-0.00532788	1
42	57	-0.0150755	0
42	58	0.00407444	1
42	59	0.00279135	1
42	60	-0.0253639	1
42	61	-0.0142398	0
42	62	0.0230506	0
42	63	-0.00908029	1
42	64	0.0138893	1
42	65	0.00188641	1
42	66	0.00189533	0
42	67	-0.0178975	0
42	68	-0.00281822	0
42	69	0.0211096	1
42	70	0.00334767	1
42	71	-0.00516447	1
42	72	-0.0131214	1
42	73	0.000876404	1
42	74	-0.00193047	0
42	75	-0.0015877	1
42	76	0.00909865	1
42	77	0.00674476	0
42	78	-0.00229364	0
42	79	0.00398806	0
42	80	-0.0187487	1
42	81	-0.033847	0
42	82	-0.0328582	1
42	83	0.00058594	1
42	84	-0.00156747	0
42	85	0.016419	1
42	86	-0.00747507	1
42	87	-0.00677531	0
42	88	0.015938	1
42	89	-0.0167392	0
42	90	0.0198709	1
42	91	-0.0110066	1
42	92	0.0276752	1
42	93	0.0154013	0
42	94	0.00907933	0
42	95	-0.00329365	0
42	96	0.0155747	1
42	97	-0.00487453	0
42	98	-0.0139645	0
42	99	0.0221229	1
43	0	0.0040787	1
43	1	-0.0291668	0
43	2	-0.0170047	0
43	3	-0.00923003	1
43	4	0.00377349	0
43	5	-0.00819264	1
43	6	0.00366573	1
43	7	-0.0098762	0
43	8	-0.00255614	1
43	9	0.0199327	1
43	10	0.0111676	0
43	11	-0.000239181	0
43	12	-0.00905524	0
43	13	-0.00199323	0
43	14	-0.0371697	0
43	15	-0.0230521	1
43	16	-0.0233151	1
43	17	-0.0101794	0
43	18	0.00250913	1
43	19	0.00416154	1
43	20	-0.0161183	1
43	21	-0.0266927	0
43	22	0.0296728	0
43	23	-0.0152798	1
43	24	0.00690218	1
43	25	0.00704321	0
43	26	0.00256236	0
43	27	0.0212008	1
43	28	0.0109154	1
43	29	0.0126846	0
43	30	-0.0156086	0
43	31	0.011157	1
43	32	-0.00173074	0
43	33	0.0217587	1
43	34	-0.000567351	0
43	35	-0.0178609	1
43	36	-0.00538565	1
43	37	-0.014621	1
43	38	0.0306682	0
43	39	-0.0138983	0
43	40	-0.00873478	0
43	41	0.0170737	1
43	42	0.00839093	1
43	43	-0.00167666	1
43	44	0.031798	1
43	45	0.00139421	1
43	46	0.00351834	1
43	47	0.006848	1
43	48	0.00272388	1
43	49	0.00357225	1
43	50	-0.00505895	0
43	51	-0.0147073	0
43	52	0.00659292	1
43	53	0.00453502	0
43	54	-0.0103802	0
43	55	0.0108868	0
43	56	-0.0142001	1
43	57	-0.00539777	0
43	58	0.0100695	0
43	59	-0.00651964	0
43	60	-0.00523661	1
43	61	0.00721752	1
43	62	0.000344927	0
43	63	0.0106041	1
43	64	-0.0166722	0
43	65	0.0101047	0
43	66	-0.00451253	1
43	67	0.0165342	0
43	68	0.0138307	0
43	69	-0.00018582	0
43	70	-0.000689771	0
43	71	-0.0225304	1
43	72	0.00153328	0
43	73	-9.51576e-05	1
43	74	0.00987134	0
43	75	0.0214998	0
43	76	0.00600369	0
43	77	0.0149561	1
43	78	-0.00380501	0
43	79	0.0129027	0
43	80	0.00435371	0
43	81	0.0140904	1
43	82	0.00973152	0
43	83	-0.0160873	1
43	84	0.000958061	1
43	85	-0.018966	1
43	86	0.0106496	1
43	87	-0.0160791	0
43	88	-0.0228928	1
43	89	-0.00880545	0
43	90	0.0106844	0
43	91	0.00951746	1
43	92	-0.00487242	1
43	93	-0.0176209	1
43	94	0.00605665	0
43	95	-0.0104303	0
43	96	0.03017	1
43	97	0.00373511	0
43	98	0.0107266	1
43	99	-0.00238365	0
44	0	0.0100221	0
44	1	0.00091	1
44	2	-0.00411296	0
44	3	0.0151646	0
44	4	-0.0183941	1
44	5	0.0166211	1
44	6	-0.0043453	0
44	7	-0.0106277	0
44	8	-0.00329844	1
44	9	0.00282361	0
44	10	-0.0156222	1
44	11	-0.0112708	1
44	12	-0.0017206	0
44	13	-0.00335801	1
44	14	0.00438038	0
44	15	0.018823	1
44	16	-0.00527154	1
44	17	0.0269479	0
44	18	0.00517808	0
44	19	-0.0121643	0
44	20	-0.00618643	1
44	21	-0.00298577	0
44	22	-0.000651622	0
44	23	0.0203496	0
44	24	0.0171194	0
44	25	-0.00277445	1
44	26	-0.00287725	1
44	27	0.00703719	0
44	28	-0.0286737	1
44	29	-0.00557492	0
44	30	0.00415499	1
44	31	-0.0110883	0
44	32	0.0201804	0
44	33	0.0162553	0
44	34	0.0190502	1
44	35	0.00518227	0
44	36	-0.0125845	1
44	37	-0.0166639	0
44	38	-0.016232	0
44	39	-0.0126102	0
44	40	-0.0191721	0
44	41	0.00628671	1
44	42	-0.00866804	1
44	43	-0.0065574	1
44	44	-0.0238176	1
44	45	0.00532178	1
44	46	-0.0209475	0
44	47	0.0224495	0
44	48	-0.00241982	1
44	49	-0.0189488	1
44	50	0.00885578	1
44	51	0.0088883	1
44	52	0.0121585	1
44	53	-0.0024307	0
44	54	0.038745	1
44	55	0.0212595	1
44	56	-0.00816649	0
44	57	0.0150503	1
44	58	-0.014161	0
44	59	-0.0121499	0
44	60	-0.0136604	1
44	61	0.00975832	0
44	62	0.00718457	0
44	63	-0.0145923	1
44	64	-0.0183961	0
44	65	-0.00248592	1
44	66	-0.000963037	0
44	67	0.00460582	1
44	68	0.00786537	1
44	69	0.00905948	1
44	70	0.00813269	0
44	71	0.00166156	0
44	72	0.0116501	0
44	73	-0.0193316	1
44	74	-0.0136034	1
44	75	0.00521707	0
44	76	0.00655199	1
44	77	0.0175328	0
44	78	-0.00543488	1
44	79	-0.00378891	0
44	80	-0.00340263	1
44	81	-0.0127339	0
44	82	0.0114304	0
44	83	0.00598344	0
44	84	-0.0215348	1
44	85	0.0156029	1
44	86	0.00728739	0
44	87	0.0142808	1
44	88	0.0114364	0
44	89	0.00977206	1
44	90	-0.0130713	0
44	91	-0.0309035	1
44	92	-0.00469473	0
44	93	0.0222473	1
44	94	0.0126536	0
44	95	-0.00456629	1
44	96	0.00520798	1
44	97	-0.00698442	0
44	98	0.00136982	1
44	99	-0.0190312	0
45	0	0.00864488	0
45	1	0.0123479	0
45	2	0.022684	0
45	3	-0.0211672	0
45	4	0.0276905	0
45	5	0.00885532	0
45	6	0.00620292	1
45	7	-0.00168105	1
45	8	0.00399539	0
45	9	0.0157302	1
45	10	0.0156276	1
45	11	-0.0118434	1
45	12	-0.01278	1
45	13	-0.0234668	0
45	14	0.0204788	1
45	15	-0.000919597	0
45	16	-0.03082	1
45	17	-0.00526303	1
45	18	-0.0200243	0
45	19	-0.0385284	1
45	20	-0.0115574	0
45	21	0.0139588	1
45	22	-0.00299724	0
45	23	-0.00653576	1
45	24	-0.0121144	1
45	25	0.00198051	1
45	26	0.010822	0
45	27	-0.0116634	1
45	28	0.00800288	1
45	29	0.025989	1
45	30	0.0107441	1
45	31	0.000610839	1
45	32	-0.00259284	1
45	33	-0.00723874	0
45	34	-0.028171	0
45	35	0.00599084	0
45	36	0.0172299	1
45	37	-0.0121084	0
45	38	0.00891661	1
45	39	0.00363017	0
45	40	-0.0200946	0
45	41	-0.0100516	0
45	42	-0.00235134	0
45	43	-0.000201044	1
45	44	-0.00709675	1
45	45	0.011344	0
45	46	0.00965126	0
45	47	0.000871611	1
45	48	0.0101837	1
45	49	0.0146462	1
45	50	0.00354791	1
45	51	0.0138727	1
45	52	0.0300097	0
45	53	0.0074117	0
45	54	0.0290488	0
45	55	0.00399486	1
45	56	-0.0189502	0
45	57	-0.0111933	0
45	58	-0.00530087	0
45	59	-0.000864575	0
45	60	-0.0314096	0
45	61	0.00610933	0
45	62	-0.0252118	0
45	63	-0.0172453	1
45	64	-0.00808443	1
45	65	-0.00294942	1
45	66	-0.0159495	1
45	67	0.0176062	1
45	68	0.010663	1
45	69	0.00949772	1
45	70	-0.00220689	0
45	71	0.0172318	0
45	72	-0.0122159	1
45	73	0.0141742	1
45	74	-0.00372916	0
45	75	0.0168551	0
45	76	-0.0146154	0
45	77	0.0123435	1
45	78	-0.0152499	0
45	79	0.00698254	0
45	80	0.003187	1
45	81	0.0184978	1
45	82	0.0038096	0
45	83	-0.0125362	0
45	84	-0.0201342	0
45	85	0.00231993	0
45	86	0.00990004	0
45	87	0.0026259	0
45	88	0.0268398	0
45	89	0.00381823	0
45	90	-0.0193822	0
45	91	-0.0318435	1
45	92	0.0301587	1
45	93	-0.0217921	0
45	94	-0.0114659	1
45	95	-0.000828399	0
45	96	-0.00175499	0
45	97	-0.00569075	0
45	98	0.0012716	0
45	99	0.0132652	1
46	0	0.0147757	1
46	1	-0.0129942	0
46	2	-0.044083	1
46	3	-0.0341311	1
46	4	0.00721613	1
46	5	0.0314628	1
46	6	0.00198823	0
46	7	-0.0106336	1
46	8	0.0174889	1
46	9	0.024574	1
46	10	-0.0102683	1
46	11	0.0159598	0
46	12	0.0132058	1
46	13	0.0241828	0
46	14	0.00325311	0
46	15	-0.0155519	1
46	16	-0.0117829	1
46	17	0.0203534	1
46	18	8.35643e-05	0
46	19	-0.0324855	0
46	20	0.00751406	1
46	21	-5.16166e-05	0
46	22	-0.00152652	1
46	23	0.00400649	0
46	24	-0.0041402	0
46	25	0.014522	0
46	26	-0.013828	1
46	27	0.019416	1
46	28	0.00253489	1
46	29	-0.0186466	0
46	30	-0.00960918	0
46	31	-0.0128815	0
46	32	-0.0106437	1
46	33	-0.0245938	0
46	34	0.00810191	0
46	35	0.0338416	1
46	36	0.00325221	1
46	37	0.00587247	0
46	38	0.00114868	0
46	39	0.0161401	1
46	40	-5.06953e-05	1
46	41	0.0177587	1
46	42	0.0134486	1
46	43	0.00511112	1
46	44	-0.0224119	1
46	45	0.0153203	1
46	46	-0.00982036	1
46	47	-0.0127243	0
46	48	-0.00195485	0
46	49	-0.00446033	0
46	50	-0.00424485	1
46	51	0.00892672	0
46	52	0.00341669	0
46	53	-0.0290108	1
46	54	0.00678365	0
46	55	-0.00362809	1
46	56	-0.00956797	0
46	57	-0.00379508	1
46	58	0.00511776	1
46	59	-0.02189	0
46	60	-0.0274996	1
46	61	-0.00437096	1
46	62	-0.00126219	0
46	63	0.00516556	0
46	64	0.014468	0
46	65	-0.0170927	0
46	66	-0.00703311	0
46	67	-0.0148373	1
46	68	-0.0135879	0
46	69	-0.00987197	1
46	70	0.0171689	0
46	71	0.0226115	1
46	72	-0.00101643	0
46	73	-0.00455562	0
46	74	-0.010241	1
46	75	-0.0110943	1
46	76	-0.00170063	0
46	77	0.0153795	1
46	78	0.0157104	1
46	79	0.0067536	0
46	80	0.0014511	1
46	81	0.0221184	1
46	82	-0.0155099	1
46	83	-0.0149844	0
46	84	0.00201526	0
46	85	-2.45384e-05	0
46	86	-0.0216519	1
46	87	0.0292859	1
46	88	-0.00263859	1
46	89	0.00197324	1
46	90	-0.00725682	1
46	91	-0.020027	1
46	92	0.0229401	1
46	93	0.00169216	1
46	94	-0.00895822	0
46	95	0.0239569	0
46	96	0.0267678	0
46	97	0.013412	1
46	98	-0.0144072	1
46	99	0.0113847	0
47	0	-0.0217379	0
47	1	0.0109624	1
47	2	0.00508542	0
47	3	0.0158379	0
47	4	-0.0125922	0
47	5	-0.0154346	1
47	6	-0.0139076	1
47	7	-0.00353992	1
47	8	-0.00687017	1
47	9	-0.00277665	1
47	10	0.0111352	1
47	11	0.00534287	1
47	12	0.00538957	0
47	13	0.0231632	0
47	14	-0.0102388	0
47	15	0.0251757	1
47	16	0.00381443	0
47	17	0.0114194	1
47	18	-0.0185917	0
47	19	2.92235e-05	0
47	20	0.0226973	1
47	21	-0.00144934	0
47	22	-0.0114046	0
47	23	-0.0133596	0
47	24	0.00765985	1
47	25	0.0106627	1
47	26	0.00124449	1
47	27	0.00423794	0
47	28	0.0158315	0
47	29	-0.0100483	1
47	30	0.0226242	0
47	31	0.000984047	1
47	32	-0.0183392	1
47	33	-0.0214111	0
47	34	-0.010926	1
47	35	-0.000540959	1
47	36	0.00373569	0
47	37	-0.00896108	0
47	38	-0.00855275	1
47	39	0.00643988	0
47	40	-0.0206811	0
47	41	-0.0102643	1
47	42	-0.00560329	1
47	43	-0.00961969	0
47	44	0.00839553	0
47	45	-0.0406981	0
47	46	-0.0040439	1
47	47	0.00190458	1
47	48	-0.0155109	1
47	49	0.0249806	1
47	50	0.00265648	1
47	51	0.00170641	0
47	52	0.00408701	0
47	53	-0.00104751	0
47	54	0.0164734	1
47	55	0.0211006	1
47	56	0.00333844	0
47	57	0.0188415	1
47	58	-0.0155363	1
47	59	0.0163242	1
47	60	-0.00239127	1
47	61	0.00253152	0
47	62	-0.00335323	0
47	63	0.0159282	0
47	64	0.0313891	1
47	65	0.00862028	1
47	66	0.0127133	1
47	67	0.00577743	0
47	68	0.0278501	0
47	69	-0.00868912	0
47	70	-0.00334573	0
47	71	0.00321458	0
47	72	-0.0242269	1
47	73	0.0156709	1
47	74	0.0122273	0
47	75	0.000303409	0
47	76	-0.0104914	1
47	77	-0.00261662	0
47	78	-0.033239	1
47	79	-0.00224594	1
47	80	-0.0122202	0
47	81	-0.0239689	0
47	82	-0.00148296	1
47	83	0.00143891	1
47	84	-0.00709854	1
47	85	0.00963752	0
47	86	0.0214657	0
47	87	-0.0306412	1
47	88	-0.0201719	0
47	89	0.00862421	0
47	90	-0.00529433	0
47	91	0.00934962	1
47	92	-0.00105706	0
47	93	0.00335454	1
47	94	-0.0192448	1
47	95	-0.0207747	1
47	96	0.0229163	0
47	97	-0.0107463	1
47	98	0.0224789	1
47	99	0.0082143	1
48	0	0.0128236	1
48	1	-0.0064289	0
48	2	-0.0223331	1
48	3	-0.00345102	1
48	4	-0.00816082	1
48	5	-0.00864956	0
48	6	0.0037947	1
48	7	0.019124	1
48	8	0.00207167	0
48	9	0.00497504	0
48	10	-0.00826077	0
48	11	-0.0156529	1
48	12	-0.0088433	0
48	13	-0.000342734	1
48	14	0.00802445	0
48	15	-0.0137898	0
48	16	0.0211938	0
48	17	0.0187013	1
48	18	0.0107264	0
48	19	0.0134439	0
48	20	0.00411435	0
48	21	0.000580463	0
48	22	-0.00891851	1
48	23	0.0135557	0
48	24	-0.0245498	1
48	25	-0.00622974	0
48	26	0.012922	1
48	27	-0.00536106	1
48	28	-0.0418748	0
48	29	0.0135376	0
48	30	-0.00688323	0
48	31	0.00860718	0
48	32	0.00088457	1
48	33	-0.0161464	1
48	34	0.0101162	1
48	35	0.0133959	1
48	36	-0.00330776	0
48	37	-0.00345122	1
48	38	-0.00175547	1
48	39	0.0182691	1
48	40	0.014237	1
48	41	0.013922	1
48	42	-0.014634	1
48	43	0.0176619	1
48	44	-0.00585541	0
48	45	-0.0108954	1
48	46	0.00478772	1
48	47	0.0129803	0
48	48	0.00908301	1
48	49	-0.0300247	0
48	50	0.00313757	1
48	51	-0.0013958	0
48	52	-0.00134251	1
48	53	0.00331491	1
48	54	-0.00926157	0
48	55	-0.00832746	0
48	56	0.0170499	0
48	57	-0.0215608	0
48	58	0.00959084	0
48	59	0.00323088	0
48	60	-0.00879501	0
48	61	-0.000368619	1
48	62	-0.00908163	0
48	63	-0.00161486	0
48	64	-0.018351	1
48	65	0.00673178	0
48	66	-0.00652572	1
48	67	0.00269457	1
48	68	0.0194622	1
48	69	-0.0153745	0
48	70	0.0103262	1
48	71	-0.0074471	1
48	72	0.0154673	0
48	73	0.0177287	0
48	74	-0.00101478	0
48	75	-0.00727209	1
48	76	0.00463955	1
48	77	0.00748471	1
48	78	0.0251116	0
48	79	-0.00248743	1
48	80	0.00797658	1
48	81	0.011337	0
48	82	0.000979289	0
48	83	-0.000743234	1
48	84	0.0234015	1
48	85	0.0209897	0
48	86	-0.00376609	0
48	87	-0.0294658	0
48	88	0.00990286	1
48	89	-0.00525712	1
48	90	-0.00431219	0
48	91	-0.00941096	0
48	92	-0.026723	0
48	93	-0.00644724	0
48	94	0.0101977	0
48	95	-0.00442231	0
48	96	-0.0215274	1
48	97	-0.0188131	1
48	98	-0.00677223	0
48	99	0.0193924	0
49	0	-0.0166138	1
49	1	0.00641015	1
49	2	0.0091378	0
49	3	-0.00194795	0
49	4	0.0361963	1
49	5	-0.0245757	0
49	6	0.00151752	1
49	7	0.0190214	0
49	8	0.00415501	1
49	9	-0.0184726	1
49	10	-0.0019968	1
49	11	-0.00768778	1
49	12	0.0119604	1
49	13	-0.00820353	1
49	14	0.0397682	0
49	15	-0.00340389	0
49	16	0.00569854	0
49	17	-0.00830515	1
49	18	0.0133442	1
49	19	-0.00631212	1
49	20	-0.014209	0
49	21	0.0205025	1
49	22	-0.00893479	1
49	23	0.00337525	1
49	24	0.00990557	1
49	25	0.0196809	0
49	26	-0.00687006	1
49	27	-0.00115457	0
49	28	-0.0186375	0
49	29	-0.0127165	1
49	30	-0.0301432	0
49	31	-0.00251105	0
49	32	0.00435505	1
49	33	-0.0112585	1
49	34	0.0142308	1
49	35	-0.0145139	1
49	36	-0.00746224	1
49	37	-0.0177912	1
49	38	-0.013549	1
49	39	0.0171815	1
49	40	0.0312424	0
49	41	0.00916581	1
49	42	0.0380666	1
49	43	0.00480323	0
49	44	-0.0047155	0
49	45	0.00461403	1
49	46	0.0107437	0
49	47	0.000820165	1
49	48	0.0159575	1
49	49	0.000274258	0
49	50	-0.00528906	1
49	51	-0.00784078	1
49	52	0.00891354	0
49	53	-0.00665006	0
49	54	0.00324869	1
49	55	0.00612526	1
49	56	-0.0053583	0
49	57	-0.00551357	1
49	58	-0.0107317	1
49	59	-0.016437	1
49	60	-0.00116704	1
49	61	-0.0022844	1
49	62	-0.0187137	0
49	63	-0.0299452	0
49	64	-0.00352521	1
49	65	0.0174507	1
49	66	0.00727296	0
49	67	-0.0109169	1
49	68	0.0123471	1
49	69	-0.0190766	0
49	70	0.00374524	1
49	71	-0.0108833	1
49	72	-0.00254077	1
49	73	0.0271933	0
49	74	-0.015866	0
49	75	0.0243474	1
49	76	0.00959641	0
49	77	0.0302461	1
49	78	0.00488564	1
49	79	-0.000301117	1
49	80	0.0131219	0
49	81	-0.00397308	0
49	82	0.0185426	0
49	83	-0.020841	0
49	84	-0.00153288	0
49	85	0.0181529	0
49	86	-0.0189259	1
49	87	-0.00313418	0
49	88	-0.00298925	1
49	89	0.00276067	1
49	90	-0.00530118	1
49	91	-0.00836682	0
49	92	-0.00388773	0
49	93	0.00210572	0
49	94	-0.0169843	0
49	95	-0.0152852	1
49	96	0.00676824	0
49	97	-0.0319198	1
49	98	-0.00621942	1
49	99	0.00543483	0
