0	1	.020	1
0	2	.020	0
0	3	.020	1
0	4	.020	0
0	5	.020	0
0	6	.020	1
0	7	.020	1
0	8	.020	1
0	9	.020	1
0	10	.020	1
0	11	.020	1
0	12	.020	0
0	13	.020	0
0	14	.020	1
0	15	.020	0
0	16	.020	0
0	17	.020	0
0	18	.020	0
0	19	.020	0
0	20	.020	1
0	21	.020	0
0	22	.020	1
0	23	.020	1
0	24	.020	1
0	25	.020	0
0	26	.020	0
0	27	.020	0
0	28	.020	0
0	29	.020	1
0	30	.020	0
0	31	.020	1
0	32	.020	1
0	33	.020	1
0	34	.020	1
0	35	.020	0
0	36	.020	1
0	37	.020	0
0	38	.020	1
0	39	.020	1
0	40	.020	0
0	41	.020	0
0	42	.020	0
0	43	.020	1
0	44	.020	0
0	45	.020	0
0	46	.020	0
0	47	.020	0
0	48	.020	1
0	49	.020	1
0	0	1	0
1	1	1	0
1	2	.020	1
1	3	.020	1
1	4	.020	1
1	5	.020	0
1	6	.020	1
1	7	.020	0
1	8	.020	0
1	9	.020	1
1	10	.020	1
1	11	.020	1
1	12	.020	0
1	13	.020	0
1	14	.020	1
1	15	.020	0
1	16	.020	1
1	17	.020	0
1	18	.020	1
1	19	.020	0
1	20	.020	1
1	21	.020	1
1	22	.020	0
1	23	.020	0
1	24	.020	0
1	25	.020	0
1	26	.020	1
1	27	.020	0
1	28	.020	0
1	29	.020	0
1	30	.020	1
1	31	.020	1
1	32	.020	1
1	33	.020	1
1	34	.020	0
1	35	.020	1
1	36	.020	1
1	37	.020	0
1	38	.020	0
1	39	.020	1
1	40	.020	1
1	41	.020	1
1	42	.020	0
1	43	.020	1
1	44	.020	1
1	45	.020	1
1	46	.020	0
1	47	.020	1
1	48	.020	0
1	49	.020	0
1	0	.020	0
2	1	.020	1
2	2	1	0
2	3	.020	0
2	4	.020	1
2	5	.020	0
2	6	.020	1
2	7	.020	1
2	8	.020	1
2	9	.020	0
2	10	.020	0
2	11	.020	0
2	12	.020	1
2	13	.020	1
2	14	.020	1
2	15	.020	1
2	16	.020	1
2	17	.020	0
2	18	.020	0
2	19	.020	0
2	20	.020	1
2	21	.020	1
2	22	.020	1
2	23	.020	1
2	24	.020	0
2	25	.020	0
2	26	.020	1
2	27	.020	1
2	28	.020	1
2	29	.020	1
2	30	.020	0
2	31	.020	1
2	32	.020	1
2	33	.020	0
2	34	.020	0
2	35	.020	1
2	36	.020	0
2	37	.020	0
2	38	.020	1
2	39	.020	1
2	40	.020	1
2	41	.020	0
2	42	.020	0
2	43	.020	1
2	44	.020	1
2	45	.020	0
2	46	.020	0
2	47	.020	1
2	48	.020	1
2	49	.020	0
2	0	.020	1
3	1	.020	1
3	2	.020	0
3	3	1	1
3	4	.020	0
3	5	.020	0
3	6	.020	0
3	7	.020	1
3	8	.020	1
3	9	.020	1
3	10	.020	0
3	11	.020	1
3	12	.020	1
3	13	.020	0
3	14	.020	0
3	15	.020	1
3	16	.020	0
3	17	.020	1
3	18	.020	1
3	19	.020	1
3	20	.020	0
3	21	.020	0
3	22	.020	1
3	23	.020	1
3	24	.020	1
3	25	.020	0
3	26	.020	1
3	27	.020	0
3	28	.020	0
3	29	.020	0
3	30	.020	0
3	31	.020	0
3	32	.020	0
3	33	.020	1
3	34	.020	1
3	35	.020	0
3	36	.020	0
3	37	.020	1
3	38	.020	0
3	39	.020	0
3	40	.020	0
3	41	.020	0
3	42	.020	0
3	43	.020	1
3	44	.020	0
3	45	.020	0
3	46	.020	1
3	47	.020	0
3	48	.020	0
3	49	.020	1
3	0	.020	0
4	1	.020	0
4	2	.020	0
4	3	.020	1
4	4	1	0
4	5	.020	1
4	6	.020	1
4	7	.020	1
4	8	.020	1
4	9	.020	1
4	10	.020	0
4	11	.020	1
4	12	.020	0
4	13	.020	1
4	14	.020	0
4	15	.020	1
4	16	.020	0
4	17	.020	0
4	18	.020	1
4	19	.020	1
4	20	.020	1
4	21	.020	1
4	22	.020	1
4	23	.020	0
4	24	.020	0
4	25	.020	1
4	26	.020	1
4	27	.020	0
4	28	.020	1
4	29	.020	0
4	30	.020	0
4	31	.020	0
4	32	.020	1
4	33	.020	0
4	34	.020	0
4	35	.020	0
4	36	.020	1
4	37	.020	0
4	38	.020	0
4	39	.020	1
4	40	.020	0
4	41	.020	0
4	42	.020	0
4	43	.020	1
4	44	.020	1
4	45	.020	0
4	46	.020	1
4	47	.020	0
4	48	.020	0
4	49	.020	0
4	0	.020	1
5	1	.020	0
5	2	.020	1
5	3	.020	0
5	4	.020	1
5	5	1	1
5	6	.020	1
5	7	.020	0
5	8	.020	1
5	9	.020	1
5	10	.020	1
5	11	.020	1
5	12	.020	1
5	13	.020	0
5	14	.020	1
5	15	.020	1
5	16	.020	1
5	17	.020	0
5	18	.020	1
5	19	.020	0
5	20	.020	0
5	21	.020	1
5	22	.020	1
5	23	.020	0
5	24	.020	1
5	25	.020	0
5	26	.020	1
5	27	.020	1
5	28	.020	1
5	29	.020	0
5	30	.020	0
5	31	.020	1
5	32	.020	1
5	33	.020	1
5	34	.020	0
5	35	.020	0
5	36	.020	1
5	37	.020	0
5	38	.020	0
5	39	.020	1
5	40	.020	1
5	41	.020	1
5	42	.020	1
5	43	.020	0
5	44	.020	1
5	45	.020	1
5	46	.020	1
5	47	.020	0
5	48	.020	0
5	49	.020	1
5	0	.020	0
6	1	.020	0
6	2	.020	1
6	3	.020	0
6	4	.020	1
6	5	.020	0
6	6	1	1
6	7	.020	0
6	8	.020	0
6	9	.020	1
6	10	.020	0
6	11	.020	1
6	12	.020	0
6	13	.020	0
6	14	.020	1
6	15	.020	1
6	16	.020	1
6	17	.020	1
6	18	.020	1
6	19	.020	1
6	20	.020	0
6	21	.020	1
6	22	.020	0
6	23	.020	1
6	24	.020	0
6	25	.020	1
6	26	.020	1
6	27	.020	1
6	28	.020	1
6	29	.020	0
6	30	.020	0
6	31	.020	1
6	32	.020	1
6	33	.020	0
6	34	.020	0
6	35	.020	0
6	36	.020	1
6	37	.020	0
6	38	.020	1
6	39	.020	1
6	40	.020	1
6	41	.020	0
6	42	.020	0
6	43	.020	0
6	44	.020	0
6	45	.020	0
6	46	.020	0
6	47	.020	0
6	48	.020	0
6	49	.020	1
6	0	.020	0
7	1	.020	1
7	2	.020	1
7	3	.020	1
7	4	.020	1
7	5	.020	0
7	6	.020	1
7	7	1	1
7	8	.020	1
7	9	.020	1
7	10	.020	1
7	11	.020	0
7	12	.020	0
7	13	.020	1
7	14	.020	0
7	15	.020	1
7	16	.020	0
7	17	.020	1
7	18	.020	1
7	19	.020	0
7	20	.020	1
7	21	.020	1
7	22	.020	1
7	23	.020	1
7	24	.020	1
7	25	.020	0
7	26	.020	0
7	27	.020	1
7	28	.020	0
7	29	.020	1
7	30	.020	1
7	31	.020	0
7	32	.020	0
7	33	.020	0
7	34	.020	1
7	35	.020	1
7	36	.020	0
7	37	.020	1
7	38	.020	1
7	39	.020	0
7	40	.020	1
7	41	.020	0
7	42	.020	1
7	43	.020	1
7	44	.020	0
7	45	.020	1
7	46	.020	0
7	47	.020	0
7	48	.020	0
7	49	.020	0
7	0	.020	0
8	1	.020	0
8	2	.020	1
8	3	.020	0
8	4	.020	1
8	5	.020	1
8	6	.020	1
8	7	.020	1
8	8	1	0
8	9	.020	0
8	10	.020	0
8	11	.020	0
8	12	.020	0
8	13	.020	1
8	14	.020	0
8	15	.020	1
8	16	.020	0
8	17	.020	0
8	18	.020	0
8	19	.020	1
8	20	.020	1
8	21	.020	0
8	22	.020	0
8	23	.020	0
8	24	.020	0
8	25	.020	1
8	26	.020	0
8	27	.020	1
8	28	.020	1
8	29	.020	0
8	30	.020	0
8	31	.020	1
8	32	.020	0
8	33	.020	0
8	34	.020	0
8	35	.020	0
8	36	.020	1
8	37	.020	1
8	38	.020	0
8	39	.020	1
8	40	.020	1
8	41	.020	1
8	42	.020	1
8	43	.020	1
8	44	.020	0
8	45	.020	0
8	46	.020	1
8	47	.020	0
8	48	.020	1
8	49	.020	1
8	0	.020	0
9	1	.020	0
9	2	.020	0
9	3	.020	0
9	4	.020	1
9	5	.020	1
9	6	.020	0
9	7	.020	1
9	8	.020	0
9	9	1	0
9	10	.020	1
9	11	.020	0
9	12	.020	0
9	13	.020	1
9	14	.020	1
9	15	.020	0
9	16	.020	0
9	17	.020	0
9	18	.020	1
9	19	.020	0
9	20	.020	1
9	21	.020	1
9	22	.020	0
9	23	.020	1
9	24	.020	0
9	25	.020	0
9	26	.020	0
9	27	.020	0
9	28	.020	1
9	29	.020	1
9	30	.020	0
9	31	.020	1
9	32	.020	1
9	33	.020	0
9	34	.020	0
9	35	.020	0
9	36	.020	1
9	37	.020	1
9	38	.020	1
9	39	.020	0
9	40	.020	0
9	41	.020	0
9	42	.020	1
9	43	.020	1
9	44	.020	1
9	45	.020	0
9	46	.020	1
9	47	.020	1
9	48	.020	0
9	49	.020	0
9	0	.020	0
10	1	.020	0
10	2	.020	0
10	3	.020	0
10	4	.020	1
10	5	.020	1
10	6	.020	0
10	7	.020	0
10	8	.020	0
10	9	.020	1
10	10	1	0
10	11	.020	0
10	12	.020	0
10	13	.020	0
10	14	.020	1
10	15	.020	0
10	16	.020	0
10	17	.020	1
10	18	.020	0
10	19	.020	0
10	20	.020	0
10	21	.020	1
10	22	.020	0
10	23	.020	1
10	24	.020	0
10	25	.020	0
10	26	.020	1
10	27	.020	1
10	28	.020	1
10	29	.020	1
10	30	.020	1
10	31	.020	1
10	32	.020	1
10	33	.020	0
10	34	.020	1
10	35	.020	0
10	36	.020	1
10	37	.020	1
10	38	.020	1
10	39	.020	0
10	40	.020	1
10	41	.020	0
10	42	.020	1
10	43	.020	1
10	44	.020	0
10	45	.020	1
10	46	.020	0
10	47	.020	0
10	48	.020	0
10	49	.020	1
10	0	.020	1
11	1	.020	1
11	2	.020	0
11	3	.020	1
11	4	.020	1
11	5	.020	0
11	6	.020	0
11	7	.020	0
11	8	.020	1
11	9	.020	0
11	10	.020	1
11	11	1	0
11	12	.020	1
11	13	.020	1
11	14	.020	1
11	15	.020	1
11	16	.020	1
11	17	.020	1
11	18	.020	1
11	19	.020	1
11	20	.020	0
11	21	.020	0
11	22	.020	1
11	23	.020	1
11	24	.020	0
11	25	.020	1
11	26	.020	0
11	27	.020	1
11	28	.020	0
11	29	.020	0
11	30	.020	1
11	31	.020	0
11	32	.020	0
11	33	.020	1
11	34	.020	0
11	35	.020	0
11	36	.020	0
11	37	.020	1
11	38	.020	0
11	39	.020	0
11	40	.020	0
11	41	.020	1
11	42	.020	1
11	43	.020	0
11	44	.020	1
11	45	.020	0
11	46	.020	0
11	47	.020	1
11	48	.020	0
11	49	.020	1
11	0	.020	0
12	1	.020	0
12	2	.020	1
12	3	.020	1
12	4	.020	0
12	5	.020	0
12	6	.020	1
12	7	.020	0
12	8	.020	1
12	9	.020	0
12	10	.020	1
12	11	.020	0
12	12	1	0
12	13	.020	0
12	14	.020	0
12	15	.020	1
12	16	.020	0
12	17	.020	0
12	18	.020	0
12	19	.020	1
12	20	.020	0
12	21	.020	0
12	22	.020	0
12	23	.020	1
12	24	.020	1
12	25	.020	0
12	26	.020	0
12	27	.020	0
12	28	.020	0
12	29	.020	0
12	30	.020	1
12	31	.020	0
12	32	.020	1
12	33	.020	1
12	34	.020	0
12	35	.020	1
12	36	.020	0
12	37	.020	1
12	38	.020	1
12	39	.020	0
12	40	.020	0
12	41	.020	1
12	42	.020	0
12	43	.020	0
12	44	.020	1
12	45	.020	1
12	46	.020	1
12	47	.020	1
12	48	.020	1
12	49	.020	1
12	0	.020	1
13	1	.020	1
13	2	.020	0
13	3	.020	1
13	4	.020	0
13	5	.020	1
13	6	.020	1
13	7	.020	0
13	8	.020	0
13	9	.020	0
13	10	.020	0
13	11	.020	1
13	12	.020	0
13	13	1	1
13	14	.020	0
13	15	.020	1
13	16	.020	1
13	17	.020	1
13	18	.020	1
13	19	.020	1
13	20	.020	1
13	21	.020	1
13	22	.020	1
13	23	.020	1
13	24	.020	0
13	25	.020	0
13	26	.020	0
13	27	.020	0
13	28	.020	0
13	29	.020	1
13	30	.020	1
13	31	.020	0
13	32	.020	0
13	33	.020	1
13	34	.020	0
13	35	.020	1
13	36	.020	1
13	37	.020	0
13	38	.020	1
13	39	.020	0
13	40	.020	0
13	41	.020	1
13	42	.020	0
13	43	.020	0
13	44	.020	1
13	45	.020	0
13	46	.020	0
13	47	.020	1
13	48	.020	1
13	49	.020	1
13	0	.020	1
14	1	.020	1
14	2	.020	0
14	3	.020	1
14	4	.020	0
14	5	.020	0
14	6	.020	0
14	7	.020	1
14	8	.020	1
14	9	.020	1
14	10	.020	0
14	11	.020	1
14	12	.020	0
14	13	.020	0
14	14	1	1
14	15	.020	1
14	16	.020	0
14	17	.020	1
14	18	.020	1
14	19	.020	0
14	20	.020	1
14	21	.020	0
14	22	.020	0
14	23	.020	1
14	24	.020	1
14	25	.020	0
14	26	.020	1
14	27	.020	1
14	28	.020	0
14	29	.020	1
14	30	.020	0
14	31	.020	0
14	32	.020	1
14	33	.020	1
14	34	.020	1
14	35	.020	1
14	36	.020	1
14	37	.020	1
14	38	.020	0
14	39	.020	1
14	40	.020	0
14	41	.020	1
14	42	.020	1
14	43	.020	0
14	44	.020	0
14	45	.020	0
14	46	.020	0
14	47	.020	0
14	48	.020	1
14	49	.020	1
14	0	.020	0
15	1	.020	1
15	2	.020	0
15	3	.020	1
15	4	.020	0
15	5	.020	0
15	6	.020	0
15	7	.020	0
15	8	.020	1
15	9	.020	0
15	10	.020	1
15	11	.020	0
15	12	.020	0
15	13	.020	0
15	14	.020	0
15	15	1	0
15	16	.020	0
15	17	.020	1
15	18	.020	0
15	19	.020	1
15	20	.020	1
15	21	.020	1
15	22	.020	0
15	23	.020	1
15	24	.020	0
15	25	.020	0
15	26	.020	1
15	27	.020	1
15	28	.020	0
15	29	.020	1
15	30	.020	1
15	31	.020	0
15	32	.020	1
15	33	.020	1
15	34	.020	1
15	35	.020	1
15	36	.020	1
15	37	.020	1
15	38	.020	0
15	39	.020	1
15	40	.020	1
15	41	.020	0
15	42	.020	1
15	43	.020	0
15	44	.020	0
15	45	.020	1
15	46	.020	0
15	47	.020	0
15	48	.020	0
15	49	.020	1
15	0	.020	1
16	1	.020	1
16	2	.020	0
16	3	.020	1
16	4	.020	0
16	5	.020	0
16	6	.020	0
16	7	.020	1
16	8	.020	0
16	9	.020	0
16	10	.020	0
16	11	.020	0
16	12	.020	1
16	13	.020	0
16	14	.020	1
16	15	.020	0
16	16	1	1
16	17	.020	0
16	18	.020	1
16	19	.020	0
16	20	.020	1
16	21	.020	1
16	22	.020	0
16	23	.020	0
16	24	.020	1
16	25	.020	0
16	26	.020	0
16	27	.020	0
16	28	.020	0
16	29	.020	1
16	30	.020	1
16	31	.020	0
16	32	.020	0
16	33	.020	1
16	34	.020	0
16	35	.020	0
16	36	.020	1
16	37	.020	1
16	38	.020	1
16	39	.020	1
16	40	.020	1
16	41	.020	1
16	42	.020	1
16	43	.020	1
16	44	.020	1
16	45	.020	1
16	46	.020	0
16	47	.020	1
16	48	.020	0
16	49	.020	0
16	0	.020	0
17	1	.020	1
17	2	.020	0
17	3	.020	0
17	4	.020	0
17	5	.020	0
17	6	.020	0
17	7	.020	0
17	8	.020	0
17	9	.020	1
17	10	.020	1
17	11	.020	1
17	12	.020	0
17	13	.020	1
17	14	.020	0
17	15	.020	1
17	16	.020	1
17	17	1	1
17	18	.020	0
17	19	.020	1
17	20	.020	0
17	21	.020	0
17	22	.020	1
17	23	.020	0
17	24	.020	1
17	25	.020	1
17	26	.020	0
17	27	.020	1
17	28	.020	1
17	29	.020	0
17	30	.020	0
17	31	.020	1
17	32	.020	1
17	33	.020	0
17	34	.020	1
17	35	.020	0
17	36	.020	1
17	37	.020	0
17	38	.020	0
17	39	.020	1
17	40	.020	0
17	41	.020	0
17	42	.020	0
17	43	.020	1
17	44	.020	0
17	45	.020	0
17	46	.020	1
17	47	.020	0
17	48	.020	1
17	49	.020	0
17	0	.020	0
18	1	.020	1
18	2	.020	0
18	3	.020	0
18	4	.020	1
18	5	.020	0
18	6	.020	0
18	7	.020	1
18	8	.020	0
18	9	.020	0
18	10	.020	1
18	11	.020	1
18	12	.020	0
18	13	.020	1
18	14	.020	1
18	15	.020	1
18	16	.020	1
18	17	.020	1
18	18	1	1
18	19	.020	1
18	20	.020	0
18	21	.020	0
18	22	.020	1
18	23	.020	1
18	24	.020	1
18	25	.020	1
18	26	.020	0
18	27	.020	1
18	28	.020	1
18	29	.020	0
18	30	.020	1
18	31	.020	0
18	32	.020	1
18	33	.020	0
18	34	.020	1
18	35	.020	1
18	36	.020	1
18	37	.020	0
18	38	.020	0
18	39	.020	1
18	40	.020	1
18	41	.020	0
18	42	.020	0
18	43	.020	1
18	44	.020	1
18	45	.020	0
18	46	.020	1
18	47	.020	1
18	48	.020	0
18	49	.020	0
18	0	.020	1
19	1	.020	1
19	2	.020	0
19	3	.020	1
19	4	.020	0
19	5	.020	1
19	6	.020	0
19	7	.020	0
19	8	.020	1
19	9	.020	0
19	10	.020	0
19	11	.020	1
19	12	.020	1
19	13	.020	1
19	14	.020	1
19	15	.020	0
19	16	.020	0
19	17	.020	1
19	18	.020	0
19	19	1	0
19	20	.020	1
19	21	.020	0
19	22	.020	1
19	23	.020	1
19	24	.020	0
19	25	.020	1
19	26	.020	1
19	27	.020	1
19	28	.020	0
19	29	.020	1
19	30	.020	0
19	31	.020	0
19	32	.020	0
19	33	.020	1
19	34	.020	0
19	35	.020	1
19	36	.020	1
19	37	.020	0
19	38	.020	0
19	39	.020	1
19	40	.020	1
19	41	.020	1
19	42	.020	1
19	43	.020	1
19	44	.020	1
19	45	.020	1
19	46	.020	0
19	47	.020	1
19	48	.020	0
19	49	.020	1
19	0	.020	1
20	1	.020	0
20	2	.020	0
20	3	.020	1
20	4	.020	0
20	5	.020	0
20	6	.020	0
20	7	.020	0
20	8	.020	0
20	9	.020	1
20	10	.020	0
20	11	.020	0
20	12	.020	1
20	13	.020	1
20	14	.020	0
20	15	.020	1
20	16	.020	1
20	17	.020	1
20	18	.020	1
20	19	.020	0
20	20	1	0
20	21	.020	1
20	22	.020	0
20	23	.020	0
20	24	.020	1
20	25	.020	1
20	26	.020	1
20	27	.020	0
20	28	.020	1
20	29	.020	0
20	30	.020	1
20	31	.020	1
20	32	.020	0
20	33	.020	0
20	34	.020	1
20	35	.020	1
20	36	.020	1
20	37	.020	1
20	38	.020	0
20	39	.020	0
20	40	.020	1
20	41	.020	0
20	42	.020	1
20	43	.020	1
20	44	.020	0
20	45	.020	1
20	46	.020	0
20	47	.020	1
20	48	.020	0
20	49	.020	0
20	0	.020	0
21	1	.020	0
21	2	.020	1
21	3	.020	0
21	4	.020	0
21	5	.020	1
21	6	.020	0
21	7	.020	1
21	8	.020	0
21	9	.020	0
21	10	.020	0
21	11	.020	0
21	12	.020	1
21	13	.020	0
21	14	.020	1
21	15	.020	0
21	16	.020	1
21	17	.020	1
21	18	.020	1
21	19	.020	1
21	20	.020	1
21	21	1	0
21	22	.020	1
21	23	.020	1
21	24	.020	0
21	25	.020	1
21	26	.020	0
21	27	.020	0
21	28	.020	0
21	29	.020	0
21	30	.020	0
21	31	.020	1
21	32	.020	1
21	33	.020	0
21	34	.020	1
21	35	.020	1
21	36	.020	1
21	37	.020	1
21	38	.020	1
21	39	.020	1
21	40	.020	0
21	41	.020	0
21	42	.020	0
21	43	.020	1
21	44	.020	1
21	45	.020	0
21	46	.020	1
21	47	.020	1
21	48	.020	1
21	49	.020	1
21	0	.020	0
22	1	.020	0
22	2	.020	1
22	3	.020	1
22	4	.020	1
22	5	.020	1
22	6	.020	0
22	7	.020	1
22	8	.020	0
22	9	.020	0
22	10	.020	0
22	11	.020	0
22	12	.020	1
22	13	.020	1
22	14	.020	0
22	15	.020	0
22	16	.020	1
22	17	.020	0
22	18	.020	1
22	19	.020	1
22	20	.020	1
22	21	.020	0
22	22	1	1
22	23	.020	0
22	24	.020	0
22	25	.020	0
22	26	.020	0
22	27	.020	1
22	28	.020	0
22	29	.020	0
22	30	.020	1
22	31	.020	0
22	32	.020	1
22	33	.020	1
22	34	.020	0
22	35	.020	0
22	36	.020	1
22	37	.020	0
22	38	.020	1
22	39	.020	0
22	40	.020	0
22	41	.020	0
22	42	.020	1
22	43	.020	1
22	44	.020	0
22	45	.020	0
22	46	.020	0
22	47	.020	1
22	48	.020	1
22	49	.020	0
22	0	.020	1
23	1	.020	0
23	2	.020	0
23	3	.020	1
23	4	.020	1
23	5	.020	0
23	6	.020	1
23	7	.020	0
23	8	.020	1
23	9	.020	0
23	10	.020	1
23	11	.020	0
23	12	.020	0
23	13	.020	1
23	14	.020	0
23	15	.020	1
23	16	.020	1
23	17	.020	0
23	18	.020	1
23	19	.020	0
23	20	.020	0
23	21	.020	1
23	22	.020	1
23	23	1	0
23	24	.020	1
23	25	.020	1
23	26	.020	0
23	27	.020	0
23	28	.020	0
23	29	.020	1
23	30	.020	1
23	31	.020	1
23	32	.020	1
23	33	.020	0
23	34	.020	1
23	35	.020	1
23	36	.020	1
23	37	.020	1
23	38	.020	1
23	39	.020	0
23	40	.020	1
23	41	.020	1
23	42	.020	0
23	43	.020	0
23	44	.020	0
23	45	.020	0
23	46	.020	1
23	47	.020	0
23	48	.020	0
23	49	.020	1
23	0	.020	0
24	1	.020	0
24	2	.020	0
24	3	.020	0
24	4	.020	1
24	5	.020	1
24	6	.020	1
24	7	.020	1
24	8	.020	0
24	9	.020	1
24	10	.020	0
24	11	.020	0
24	12	.020	0
24	13	.020	0
24	14	.020	0
24	15	.020	1
24	16	.020	1
24	17	.020	1
24	18	.020	1
24	19	.020	1
24	20	.020	0
24	21	.020	0
24	22	.020	0
24	23	.020	1
24	24	1	0
24	25	.020	1
24	26	.020	0
24	27	.020	1
24	28	.020	1
24	29	.020	1
24	30	.020	1
24	31	.020	0
24	32	.020	1
24	33	.020	0
24	34	.020	0
24	35	.020	0
24	36	.020	1
24	37	.020	1
24	38	.020	0
24	39	.020	0
24	40	.020	0
24	41	.020	0
24	42	.020	0
24	43	.020	0
24	44	.020	1
24	45	.020	0
24	46	.020	1
24	47	.020	0
24	48	.020	0
24	49	.020	0
24	0	.020	0
25	1	.020	0
25	2	.020	0
25	3	.020	1
25	4	.020	1
25	5	.020	1
25	6	.020	1
25	7	.020	1
25	8	.020	0
25	9	.020	0
25	10	.020	0
25	11	.020	0
25	12	.020	0
25	13	.020	0
25	14	.020	0
25	15	.020	1
25	16	.020	1
25	17	.020	1
25	18	.020	0
25	19	.020	1
25	20	.020	1
25	21	.020	0
25	22	.020	1
25	23	.020	0
25	24	.020	1
25	25	1	0
25	26	.020	1
25	27	.020	1
25	28	.020	1
25	29	.020	1
25	30	.020	0
25	31	.020	1
25	32	.020	0
25	33	.020	1
25	34	.020	1
25	35	.020	0
25	36	.020	0
25	37	.020	0
25	38	.020	0
25	39	.020	1
25	40	.020	0
25	41	.020	0
25	42	.020	1
25	43	.020	1
25	44	.020	1
25	45	.020	0
25	46	.020	0
25	47	.020	0
25	48	.020	1
25	49	.020	0
25	0	.020	1
26	1	.020	1
26	2	.020	0
26	3	.020	0
26	4	.020	0
26	5	.020	0
26	6	.020	0
26	7	.020	0
26	8	.020	0
26	9	.020	1
26	10	.020	0
26	11	.020	0
26	12	.020	1
26	13	.020	1
26	14	.020	0
26	15	.020	1
26	16	.020	0
26	17	.020	0
26	18	.020	0
26	19	.020	0
26	20	.020	1
26	21	.020	1
26	22	.020	0
26	23	.020	0
26	24	.020	1
26	25	.020	0
26	26	1	1
26	27	.020	0
26	28	.020	0
26	29	.020	1
26	30	.020	1
26	31	.020	0
26	32	.020	0
26	33	.020	0
26	34	.020	0
26	35	.020	0
26	36	.020	0
26	37	.020	1
26	38	.020	0
26	39	.020	1
26	40	.020	1
26	41	.020	1
26	42	.020	1
26	43	.020	0
26	44	.020	1
26	45	.020	1
26	46	.020	1
26	47	.020	0
26	48	.020	1
26	49	.020	1
26	0	.020	0
27	1	.020	0
27	2	.020	1
27	3	.020	0
27	4	.020	1
27	5	.020	1
27	6	.020	1
27	7	.020	0
27	8	.020	0
27	9	.020	1
27	10	.020	1
27	11	.020	1
27	12	.020	1
27	13	.020	1
27	14	.020	1
27	15	.020	0
27	16	.020	0
27	17	.020	0
27	18	.020	0
27	19	.020	1
27	20	.020	0
27	21	.020	1
27	22	.020	1
27	23	.020	0
27	24	.020	0
27	25	.020	1
27	26	.020	0
27	27	1	1
27	28	.020	0
27	29	.020	0
27	30	.020	1
27	31	.020	0
27	32	.020	1
27	33	.020	1
27	34	.020	0
27	35	.020	1
27	36	.020	1
27	37	.020	1
27	38	.020	1
27	39	.020	0
27	40	.020	0
27	41	.020	1
27	42	.020	1
27	43	.020	1
27	44	.020	1
27	45	.020	0
27	46	.020	0
27	47	.020	0
27	48	.020	0
27	49	.020	1
27	0	.020	0
28	1	.020	0
28	2	.020	1
28	3	.020	1
28	4	.020	1
28	5	.020	0
28	6	.020	0
28	7	.020	1
28	8	.020	1
28	9	.020	1
28	10	.020	0
28	11	.020	0
28	12	.020	1
28	13	.020	0
28	14	.020	0
28	15	.020	1
28	16	.020	0
28	17	.020	1
28	18	.020	1
28	19	.020	1
28	20	.020	1
28	21	.020	0
28	22	.020	1
28	23	.020	1
28	24	.020	1
28	25	.020	0
28	26	.020	1
28	27	.020	0
28	28	1	1
28	29	.020	1
28	30	.020	0
28	31	.020	0
28	32	.020	0
28	33	.020	1
28	34	.020	0
28	35	.020	1
28	36	.020	0
28	37	.020	1
28	38	.020	1
28	39	.020	0
28	40	.020	0
28	41	.020	0
28	42	.020	1
28	43	.020	1
28	44	.020	0
28	45	.020	0
28	46	.020	1
28	47	.020	1
28	48	.020	1
28	49	.020	0
28	0	.020	1
29	1	.020	0
29	2	.020	1
29	3	.020	1
29	4	.020	1
29	5	.020	0
29	6	.020	0
29	7	.020	1
29	8	.020	0
29	9	.020	0
29	10	.020	1
29	11	.020	1
29	12	.020	0
29	13	.020	0
29	14	.020	0
29	15	.020	0
29	16	.020	0
29	17	.020	1
29	18	.020	0
29	19	.020	1
29	20	.020	1
29	21	.020	1
29	22	.020	1
29	23	.020	1
29	24	.020	0
29	25	.020	0
29	26	.020	0
29	27	.020	0
29	28	.020	0
29	29	1	0
29	30	.020	0
29	31	.020	1
29	32	.020	1
29	33	.020	0
29	34	.020	0
29	35	.020	0
29	36	.020	0
29	37	.020	0
29	38	.020	1
29	39	.020	0
29	40	.020	0
29	41	.020	1
29	42	.020	0
29	43	.020	0
29	44	.020	0
29	45	.020	0
29	46	.020	0
29	47	.020	1
29	48	.020	1
29	49	.020	0
29	0	.020	1
30	1	.020	1
30	2	.020	1
30	3	.020	0
30	4	.020	1
30	5	.020	1
30	6	.020	1
30	7	.020	1
30	8	.020	1
30	9	.020	1
30	10	.020	0
30	11	.020	0
30	12	.020	1
30	13	.020	0
30	14	.020	1
30	15	.020	1
30	16	.020	0
30	17	.020	0
30	18	.020	1
30	19	.020	0
30	20	.020	1
30	21	.020	1
30	22	.020	1
30	23	.020	0
30	24	.020	1
30	25	.020	0
30	26	.020	1
30	27	.020	0
30	28	.020	1
30	29	.020	0
30	30	1	1
30	31	.020	1
30	32	.020	1
30	33	.020	1
30	34	.020	1
30	35	.020	0
30	36	.020	1
30	37	.020	0
30	38	.020	1
30	39	.020	0
30	40	.020	1
30	41	.020	0
30	42	.020	1
30	43	.020	1
30	44	.020	1
30	45	.020	0
30	46	.020	1
30	47	.020	1
30	48	.020	1
30	49	.020	0
30	0	.020	1
31	1	.020	1
31	2	.020	1
31	3	.020	1
31	4	.020	0
31	5	.020	0
31	6	.020	0
31	7	.020	0
31	8	.020	1
31	9	.020	1
31	10	.020	0
31	11	.020	0
31	12	.020	0
31	13	.020	0
31	14	.020	0
31	15	.020	0
31	16	.020	0
31	17	.020	0
31	18	.020	1
31	19	.020	0
31	20	.020	1
31	21	.020	0
31	22	.020	0
31	23	.020	1
31	24	.020	1
31	25	.020	0
31	26	.020	0
31	27	.020	1
31	28	.020	1
31	29	.020	1
31	30	.020	0
31	31	1	0
31	32	.020	0
31	33	.020	1
31	34	.020	0
31	35	.020	0
31	36	.020	1
31	37	.020	0
31	38	.020	0
31	39	.020	1
31	40	.020	0
31	41	.020	0
31	42	.020	0
31	43	.020	1
31	44	.020	1
31	45	.020	1
31	46	.020	0
31	47	.020	1
31	48	.020	0
31	49	.020	0
31	0	.020	1
32	1	.020	1
32	2	.020	0
32	3	.020	0
32	4	.020	0
32	5	.020	0
32	6	.020	1
32	7	.020	0
32	8	.020	0
32	9	.020	1
32	10	.020	1
32	11	.020	1
32	12	.020	1
32	13	.020	1
32	14	.020	1
32	15	.020	1
32	16	.020	1
32	17	.020	0
32	18	.020	0
32	19	.020	0
32	20	.020	1
32	21	.020	0
32	22	.020	1
32	23	.020	1
32	24	.020	1
32	25	.020	1
32	26	.020	0
32	27	.020	0
32	28	.020	0
32	29	.020	0
32	30	.020	1
32	31	.020	1
32	32	1	1
32	33	.020	1
32	34	.020	1
32	35	.020	1
32	36	.020	0
32	37	.020	1
32	38	.020	1
32	39	.020	0
32	40	.020	1
32	41	.020	1
32	42	.020	1
32	43	.020	0
32	44	.020	0
32	45	.020	1
32	46	.020	0
32	47	.020	1
32	48	.020	1
32	49	.020	1
32	0	.020	1
33	1	.020	1
33	2	.020	1
33	3	.020	1
33	4	.020	1
33	5	.020	1
33	6	.020	0
33	7	.020	0
33	8	.020	0
33	9	.020	1
33	10	.020	0
33	11	.020	1
33	12	.020	1
33	13	.020	0
33	14	.020	0
33	15	.020	1
33	16	.020	0
33	17	.020	0
33	18	.020	0
33	19	.020	1
33	20	.020	1
33	21	.020	1
33	22	.020	1
33	23	.020	0
33	24	.020	1
33	25	.020	1
33	26	.020	1
33	27	.020	1
33	28	.020	1
33	29	.020	1
33	30	.020	0
33	31	.020	1
33	32	.020	1
33	33	1	1
33	34	.020	0
33	35	.020	1
33	36	.020	0
33	37	.020	1
33	38	.020	1
33	39	.020	0
33	40	.020	1
33	41	.020	1
33	42	.020	0
33	43	.020	0
33	44	.020	0
33	45	.020	1
33	46	.020	1
33	47	.020	1
33	48	.020	1
33	49	.020	0
33	0	.020	0
34	1	.020	1
34	2	.020	0
34	3	.020	0
34	4	.020	1
34	5	.020	1
34	6	.020	0
34	7	.020	1
34	8	.020	1
34	9	.020	1
34	10	.020	1
34	11	.020	1
34	12	.020	1
34	13	.020	0
34	14	.020	0
34	15	.020	1
34	16	.020	1
34	17	.020	1
34	18	.020	0
34	19	.020	1
34	20	.020	0
34	21	.020	1
34	22	.020	0
34	23	.020	0
34	24	.020	0
34	25	.020	0
34	26	.020	1
34	27	.020	0
34	28	.020	1
34	29	.020	0
34	30	.020	1
34	31	.020	0
34	32	.020	1
34	33	.020	1
34	34	1	0
34	35	.020	1
34	36	.020	1
34	37	.020	1
34	38	.020	1
34	39	.020	1
34	40	.020	0
34	41	.020	1
34	42	.020	1
34	43	.020	0
34	44	.020	1
34	45	.020	0
34	46	.020	0
34	47	.020	1
34	48	.020	0
34	49	.020	1
34	0	.020	1
35	1	.020	1
35	2	.020	0
35	3	.020	1
35	4	.020	0
35	5	.020	1
35	6	.020	1
35	7	.020	0
35	8	.020	0
35	9	.020	0
35	10	.020	1
35	11	.020	0
35	12	.020	1
35	13	.020	0
35	14	.020	0
35	15	.020	0
35	16	.020	0
35	17	.020	0
35	18	.020	0
35	19	.020	1
35	20	.020	0
35	21	.020	0
35	22	.020	0
35	23	.020	1
35	24	.020	0
35	25	.020	0
35	26	.020	0
35	27	.020	1
35	28	.020	1
35	29	.020	1
35	30	.020	0
35	31	.020	1
35	32	.020	1
35	33	.020	0
35	34	.020	1
35	35	1	1
35	36	.020	1
35	37	.020	1
35	38	.020	0
35	39	.020	0
35	40	.020	1
35	41	.020	1
35	42	.020	1
35	43	.020	1
35	44	.020	0
35	45	.020	0
35	46	.020	0
35	47	.020	0
35	48	.020	0
35	49	.020	1
35	0	.020	0
36	1	.020	1
36	2	.020	0
36	3	.020	1
36	4	.020	1
36	5	.020	1
36	6	.020	0
36	7	.020	1
36	8	.020	1
36	9	.020	1
36	10	.020	1
36	11	.020	0
36	12	.020	1
36	13	.020	1
36	14	.020	0
36	15	.020	1
36	16	.020	0
36	17	.020	1
36	18	.020	0
36	19	.020	0
36	20	.020	0
36	21	.020	1
36	22	.020	0
36	23	.020	1
36	24	.020	0
36	25	.020	1
36	26	.020	1
36	27	.020	0
36	28	.020	0
36	29	.020	0
36	30	.020	0
36	31	.020	0
36	32	.020	1
36	33	.020	1
36	34	.020	0
36	35	.020	0
36	36	1	0
36	37	.020	0
36	38	.020	0
36	39	.020	0
36	40	.020	0
36	41	.020	0
36	42	.020	0
36	43	.020	1
36	44	.020	0
36	45	.020	0
36	46	.020	1
36	47	.020	0
36	48	.020	0
36	49	.020	0
36	0	.020	1
37	1	.020	0
37	2	.020	1
37	3	.020	0
37	4	.020	0
37	5	.020	0
37	6	.020	0
37	7	.020	0
37	8	.020	0
37	9	.020	0
37	10	.020	0
37	11	.020	1
37	12	.020	1
37	13	.020	1
37	14	.020	1
37	15	.020	1
37	16	.020	0
37	17	.020	1
37	18	.020	0
37	19	.020	1
37	20	.020	0
37	21	.020	1
37	22	.020	1
37	23	.020	1
37	24	.020	0
37	25	.020	0
37	26	.020	0
37	27	.020	1
37	28	.020	1
37	29	.020	0
37	30	.020	1
37	31	.020	0
37	32	.020	0
37	33	.020	1
37	34	.020	0
37	35	.020	1
37	36	.020	1
37	37	1	1
37	38	.020	1
37	39	.020	1
37	40	.020	0
37	41	.020	1
37	42	.020	0
37	43	.020	1
37	44	.020	1
37	45	.020	0
37	46	.020	0
37	47	.020	1
37	48	.020	1
37	49	.020	1
37	0	.020	1
38	1	.020	0
38	2	.020	1
38	3	.020	1
38	4	.020	1
38	5	.020	1
38	6	.020	0
38	7	.020	1
38	8	.020	0
38	9	.020	1
38	10	.020	1
38	11	.020	0
38	12	.020	0
38	13	.020	0
38	14	.020	1
38	15	.020	0
38	16	.020	1
38	17	.020	0
38	18	.020	0
38	19	.020	1
38	20	.020	0
38	21	.020	1
38	22	.020	1
38	23	.020	1
38	24	.020	1
38	25	.020	0
38	26	.020	1
38	27	.020	1
38	28	.020	0
38	29	.020	1
38	30	.020	0
38	31	.020	1
38	32	.020	0
38	33	.020	1
38	34	.020	1
38	35	.020	1
38	36	.020	1
38	37	.020	0
38	38	1	1
38	39	.020	1
38	40	.020	1
38	41	.020	0
38	42	.020	0
38	43	.020	0
38	44	.020	1
38	45	.020	1
38	46	.020	1
38	47	.020	0
38	48	.020	0
38	49	.020	1
38	0	.020	0
39	1	.020	1
39	2	.020	1
39	3	.020	1
39	4	.020	0
39	5	.020	1
39	6	.020	1
39	7	.020	0
39	8	.020	1
39	9	.020	1
39	10	.020	0
39	11	.020	1
39	12	.020	0
39	13	.020	1
39	14	.020	1
39	15	.020	1
39	16	.020	1
39	17	.020	0
39	18	.020	1
39	19	.020	1
39	20	.020	0
39	21	.020	1
39	22	.020	1
39	23	.020	1
39	24	.020	0
39	25	.020	0
39	26	.020	0
39	27	.020	1
39	28	.020	0
39	29	.020	0
39	30	.020	0
39	31	.020	1
39	32	.020	1
39	33	.020	0
39	34	.020	0
39	35	.020	1
39	36	.020	0
39	37	.020	1
39	38	.020	0
39	39	1	0
39	40	.020	1
39	41	.020	1
39	42	.020	0
39	43	.020	0
39	44	.020	0
39	45	.020	0
39	46	.020	0
39	47	.020	1
39	48	.020	0
39	49	.020	1
39	0	.020	0
40	1	.020	0
40	2	.020	0
40	3	.020	0
40	4	.020	1
40	5	.020	1
40	6	.020	1
40	7	.020	0
40	8	.020	0
40	9	.020	0
40	10	.020	1
40	11	.020	1
40	12	.020	0
40	13	.020	1
40	14	.020	1
40	15	.020	0
40	16	.020	1
40	17	.020	1
40	18	.020	1
40	19	.020	0
40	20	.020	1
40	21	.020	0
40	22	.020	1
40	23	.020	1
40	24	.020	1
40	25	.020	1
40	26	.020	1
40	27	.020	1
40	28	.020	1
40	29	.020	1
40	30	.020	1
40	31	.020	0
40	32	.020	0
40	33	.020	0
40	34	.020	1
40	35	.020	1
40	36	.020	1
40	37	.020	1
40	38	.020	0
40	39	.020	1
40	40	1	0
40	41	.020	1
40	42	.020	0
40	43	.020	1
40	44	.020	1
40	45	.020	0
40	46	.020	0
40	47	.020	1
40	48	.020	0
40	49	.020	0
40	0	.020	1
41	1	.020	1
41	2	.020	0
41	3	.020	1
41	4	.020	1
41	5	.020	0
41	6	.020	0
41	7	.020	1
41	8	.020	1
41	9	.020	0
41	10	.020	0
41	11	.020	0
41	12	.020	0
41	13	.020	1
41	14	.020	0
41	15	.020	1
41	16	.020	0
41	17	.020	0
41	18	.020	0
41	19	.020	0
41	20	.020	0
41	21	.020	0
41	22	.020	0
41	23	.020	1
41	24	.020	1
41	25	.020	1
41	26	.020	1
41	27	.020	1
41	28	.020	0
41	29	.020	1
41	30	.020	1
41	31	.020	1
41	32	.020	1
41	33	.020	0
41	34	.020	1
41	35	.020	1
41	36	.020	0
41	37	.020	1
41	38	.020	1
41	39	.020	1
41	40	.020	1
41	41	1	0
41	42	.020	1
41	43	.020	1
41	44	.020	1
41	45	.020	1
41	46	.020	1
41	47	.020	1
41	48	.020	1
41	49	.020	1
41	0	.020	0
42	1	.020	1
42	2	.020	0
42	3	.020	1
42	4	.020	0
42	5	.020	1
42	6	.020	0
42	7	.020	0
42	8	.020	1
42	9	.020	0
42	10	.020	0
42	11	.020	0
42	12	.020	1
42	13	.020	1
42	14	.020	0
42	15	.020	1
42	16	.020	1
42	17	.020	1
42	18	.020	1
42	19	.020	1
42	20	.020	1
42	21	.020	1
42	22	.020	0
42	23	.020	0
42	24	.020	1
42	25	.020	1
42	26	.020	0
42	27	.020	0
42	28	.020	1
42	29	.020	0
42	30	.020	0
42	31	.020	0
42	32	.020	0
42	33	.020	1
42	34	.020	1
42	35	.020	1
42	36	.020	1
42	37	.020	0
42	38	.020	0
42	39	.020	1
42	40	.020	1
42	41	.020	0
42	42	1	0
42	43	.020	0
42	44	.020	1
42	45	.020	1
42	46	.020	0
42	47	.020	0
42	48	.020	0
42	49	.020	1
42	0	.020	0
43	1	.020	1
43	2	.020	0
43	3	.020	1
43	4	.020	0
43	5	.020	1
43	6	.020	0
43	7	.020	1
43	8	.020	0
43	9	.020	0
43	10	.020	0
43	11	.020	1
43	12	.020	0
43	13	.020	0
43	14	.020	1
43	15	.020	1
43	16	.020	0
43	17	.020	0
43	18	.020	0
43	19	.020	1
43	20	.020	1
43	21	.020	0
43	22	.020	0
43	23	.020	0
43	24	.020	1
43	25	.020	1
43	26	.020	1
43	27	.020	1
43	28	.020	0
43	29	.020	1
43	30	.020	1
43	31	.020	0
43	32	.020	1
43	33	.020	0
43	34	.020	1
43	35	.020	0
43	36	.020	0
43	37	.020	1
43	38	.020	0
43	39	.020	1
43	40	.020	1
43	41	.020	1
43	42	.020	0
43	43	1	0
43	44	.020	1
43	45	.020	0
43	46	.020	0
43	47	.020	0
43	48	.020	0
43	49	.020	0
43	0	.020	0
44	1	.020	1
44	2	.020	0
44	3	.020	0
44	4	.020	0
44	5	.020	0
44	6	.020	1
44	7	.020	0
44	8	.020	1
44	9	.020	1
44	10	.020	1
44	11	.020	0
44	12	.020	1
44	13	.020	1
44	14	.020	0
44	15	.020	1
44	16	.020	1
44	17	.020	0
44	18	.020	1
44	19	.020	1
44	20	.020	1
44	21	.020	0
44	22	.020	1
44	23	.020	1
44	24	.020	0
44	25	.020	0
44	26	.020	0
44	27	.020	1
44	28	.020	0
44	29	.020	0
44	30	.020	1
44	31	.020	0
44	32	.020	0
44	33	.020	0
44	34	.020	1
44	35	.020	0
44	36	.020	1
44	37	.020	1
44	38	.020	0
44	39	.020	0
44	40	.020	1
44	41	.020	1
44	42	.020	1
44	43	.020	0
44	44	1	0
44	45	.020	0
44	46	.020	1
44	47	.020	1
44	48	.020	1
44	49	.020	0
44	0	.020	0
45	1	.020	0
45	2	.020	1
45	3	.020	1
45	4	.020	0
45	5	.020	1
45	6	.020	1
45	7	.020	1
45	8	.020	0
45	9	.020	0
45	10	.020	1
45	11	.020	0
45	12	.020	1
45	13	.020	0
45	14	.020	1
45	15	.020	1
45	16	.020	0
45	17	.020	0
45	18	.020	1
45	19	.020	0
45	20	.020	1
45	21	.020	0
45	22	.020	1
45	23	.020	0
45	24	.020	0
45	25	.020	0
45	26	.020	1
45	27	.020	0
45	28	.020	0
45	29	.020	0
45	30	.020	0
45	31	.020	1
45	32	.020	1
45	33	.020	0
45	34	.020	1
45	35	.020	0
45	36	.020	1
45	37	.020	1
45	38	.020	0
45	39	.020	0
45	40	.020	1
45	41	.020	1
45	42	.020	1
45	43	.020	1
45	44	.020	0
45	45	1	0
45	46	.020	0
45	47	.020	0
45	48	.020	0
45	49	.020	1
45	0	.020	1
46	1	.020	1
46	2	.020	0
46	3	.020	0
46	4	.020	1
46	5	.020	0
46	6	.020	0
46	7	.020	0
46	8	.020	0
46	9	.020	1
46	10	.020	0
46	11	.020	0
46	12	.020	0
46	13	.020	1
46	14	.020	1
46	15	.020	1
46	16	.020	0
46	17	.020	1
46	18	.020	0
46	19	.020	0
46	20	.020	0
46	21	.020	0
46	22	.020	0
46	23	.020	1
46	24	.020	1
46	25	.020	1
46	26	.020	1
46	27	.020	0
46	28	.020	1
46	29	.020	0
46	30	.020	0
46	31	.020	1
46	32	.020	1
46	33	.020	1
46	34	.020	1
46	35	.020	0
46	36	.020	1
46	37	.020	1
46	38	.020	0
46	39	.020	0
46	40	.020	1
46	41	.020	0
46	42	.020	0
46	43	.020	0
46	44	.020	0
46	45	.020	0
46	46	1	0
46	47	.020	1
46	48	.020	1
46	49	.020	0
46	0	.020	1
47	1	.020	1
47	2	.020	0
47	3	.020	0
47	4	.020	0
47	5	.020	1
47	6	.020	0
47	7	.020	1
47	8	.020	1
47	9	.020	0
47	10	.020	1
47	11	.020	0
47	12	.020	1
47	13	.020	0
47	14	.020	1
47	15	.020	0
47	16	.020	1
47	17	.020	1
47	18	.020	0
47	19	.020	0
47	20	.020	0
47	21	.020	0
47	22	.020	0
47	23	.020	0
47	24	.020	0
47	25	.020	1
47	26	.020	0
47	27	.020	0
47	28	.020	0
47	29	.020	1
47	30	.020	1
47	31	.020	1
47	32	.020	1
47	33	.020	0
47	34	.020	1
47	35	.020	0
47	36	.020	1
47	37	.020	0
47	38	.020	1
47	39	.020	1
47	40	.020	0
47	41	.020	0
47	42	.020	1
47	43	.020	0
47	44	.020	0
47	45	.020	0
47	46	.020	0
47	47	1	0
47	48	.020	0
47	49	.020	1
47	0	.020	0
48	1	.020	1
48	2	.020	1
48	3	.020	0
48	4	.020	0
48	5	.020	1
48	6	.020	0
48	7	.020	0
48	8	.020	1
48	9	.020	0
48	10	.020	1
48	11	.020	1
48	12	.020	1
48	13	.020	0
48	14	.020	0
48	15	.020	0
48	16	.020	1
48	17	.020	0
48	18	.020	0
48	19	.020	0
48	20	.020	1
48	21	.020	1
48	22	.020	0
48	23	.020	1
48	24	.020	1
48	25	.020	1
48	26	.020	1
48	27	.020	1
48	28	.020	0
48	29	.020	1
48	30	.020	0
48	31	.020	0
48	32	.020	1
48	33	.020	0
48	34	.020	1
48	35	.020	0
48	36	.020	1
48	37	.020	1
48	38	.020	0
48	39	.020	1
48	40	.020	1
48	41	.020	1
48	42	.020	0
48	43	.020	0
48	44	.020	1
48	45	.020	0
48	46	.020	1
48	47	.020	1
48	48	1	1
48	49	.020	1
48	0	.020	0
49	1	.020	1
49	2	.020	1
49	3	.020	0
49	4	.020	1
49	5	.020	0
49	6	.020	1
49	7	.020	1
49	8	.020	0
49	9	.020	0
49	10	.020	1
49	11	.020	1
49	12	.020	1
49	13	.020	1
49	14	.020	1
49	15	.020	0
49	16	.020	1
49	17	.020	0
49	18	.020	1
49	19	.020	1
49	20	.020	0
49	21	.020	0
49	22	.020	0
49	23	.020	1
49	24	.020	1
49	25	.020	0
49	26	.020	0
49	27	.020	0
49	28	.020	0
49	29	.020	0
49	30	.020	1
49	31	.020	0
49	32	.020	0
49	33	.020	1
49	34	.020	0
49	35	.020	1
49	36	.020	1
49	37	.020	1
49	38	.020	0
49	39	.020	1
49	40	.020	1
49	41	.020	0
49	42	.020	1
49	43	.020	1
49	44	.020	0
49	45	.020	1
49	46	.020	0
49	47	.020	1
49	48	.020	0
49	49	1	0
49	0	.020	1
