0	0	0.0201538	0
0	1	0.00750485	1
0	2	-0.016192	0
0	3	0.00707503	0
0	4	-0.0104773	1
0	5	-0.0154978	1
0	6	0.0127017	0
0	7	0.00788569	1
0	8	0.0369945	1
0	9	-0.0148893	0
0	10	-0.0158028	0
0	11	-0.00427334	0
0	12	0.00455052	1
0	13	0.00735752	1
0	14	-0.00614753	1
0	15	0.0165935	1
0	16	0.00273225	0
0	17	0.00082129	0
0	18	0.00510461	0
0	19	-0.00691898	0
0	20	-0.00817281	0
0	21	-0.0113248	1
0	22	-0.00377075	1
0	23	0.00565363	1
0	24	-0.00520248	1
0	25	0.00389874	0
0	26	0.024107	0
0	27	-0.00348663	0
0	28	0.0216664	0
0	29	0.0123291	0
0	30	-0.0122697	1
0	31	0.00505639	1
0	32	0.012053	0
0	33	0.0185955	1
0	34	-0.0162978	1
0	35	-0.0212243	1
0	36	0.0173955	0
0	37	0.00839716	1
0	38	0.0211276	1
0	39	-0.00097357	1
0	40	0.0102217	0
0	41	0.00953696	0
0	42	-0.00791459	1
0	43	-0.00119185	0
0	44	-0.0199186	0
0	45	0.00428632	1
0	46	-0.0170741	0
0	47	-0.0111344	1
0	48	-0.0235046	0
0	49	-0.0040481	0
0	50	-0.0177158	0
0	51	-0.00512375	0
0	52	-0.00547667	1
0	53	-0.0264182	1
0	54	-0.00914707	1
0	55	-0.00734418	0
0	56	0.0089332	1
0	57	0.00279214	1
0	58	-0.025057	0
0	59	-0.0110282	1
0	60	0.0200869	1
0	61	-0.0118847	0
0	62	-0.00227946	1
0	63	-0.000708293	0
0	64	0.00197703	0
0	65	0.00692457	0
0	66	-0.000849269	1
0	67	0.00309678	1
0	68	-0.00599333	1
0	69	0.00855805	1
0	70	0.015122	1
0	71	-0.0251657	0
0	72	-0.00337065	0
0	73	0.00690668	1
0	74	-0.00890092	1
0	75	-0.00366575	1
0	76	-0.00336151	1
0	77	-0.00202792	1
0	78	0.013714	1
0	79	0.0171624	1
0	80	-0.0217096	1
0	81	0.0134824	0
0	82	-0.00244082	0
0	83	-0.01127	1
0	84	0.011796	0
0	85	0.00171967	1
0	86	-0.00474258	0
0	87	0.0102323	0
0	88	0.0119528	1
0	89	-0.0183325	1
0	90	0.00264516	1
0	91	0.016905	0
0	92	0.00454257	1
0	93	0.000755896	1
0	94	-0.0114224	1
0	95	0.00666007	1
0	96	0.00468259	0
0	97	-0.0154191	1
0	98	0.0168666	1
0	99	0.0072484	1
1	0	-0.0127021	0
1	1	0.00893298	0
1	2	-0.00578281	0
1	3	0.00475793	0
1	4	0.00932417	1
1	5	-0.00189428	0
1	6	0.00727326	1
1	7	0.00665163	1
1	8	-0.0191265	0
1	9	-0.012285	1
1	10	0.0104138	1
1	11	-0.00699268	0
1	12	-0.027889	0
1	13	0.0127865	0
1	14	-0.0093758	0
1	15	0.0120352	1
1	16	-0.00779437	1
1	17	0.0116889	1
1	18	0.00327762	0
1	19	-0.00337261	1
1	20	0.012327	0
1	21	0.0250704	1
1	22	0.0239211	1
1	23	0.0219515	1
1	24	-0.00635692	0
1	25	0.00376584	0
1	26	0.0379209	0
1	27	-0.00314078	0
1	28	-0.00094679	0
1	29	-0.0127425	1
1	30	0.00451765	0
1	31	-0.011537	1
1	32	0.019674	1
1	33	0.00722417	0
1	34	0.0107796	0
1	35	0.0157859	0
1	36	0.00625638	1
1	37	-0.0110101	1
1	38	0.00177777	0
1	39	0.000353945	0
1	40	0.00726687	1
1	41	0.0116294	1
1	42	0.0262464	1
1	43	-0.015059	0
1	44	0.00128842	0
1	45	0.0121248	1
1	46	-0.00688011	0
1	47	-0.0107898	0
1	48	-0.0218566	1
1	49	-0.024888	1
1	50	-0.00147821	1
1	51	0.000531054	0
1	52	0.00474349	0
1	53	-0.019556	1
1	54	0.0210954	1
1	55	0.000307841	1
1	56	-0.0126278	1
1	57	-0.00066454	0
1	58	-0.00694153	1
1	59	0.0200177	0
1	60	-0.0362854	0
1	61	0.00146976	1
1	62	-0.0334672	0
1	63	-0.0117333	1
1	64	-0.00644438	0
1	65	0.00820717	1
1	66	0.00179954	0
1	67	0.0216607	0
1	68	-0.00607652	1
1	69	-0.00492428	0
1	70	0.00751552	1
1	71	0.0116765	1
1	72	0.0103402	0
1	73	0.00136204	1
1	74	-0.00368613	1
1	75	0.0121517	0
1	76	-0.00303056	0
1	77	-0.0149844	1
1	78	-0.0279711	0
1	79	-0.0218008	1
1	80	-0.00214627	0
1	81	0.00530167	0
1	82	0.0101083	0
1	83	-0.00777694	0
1	84	0.00572642	1
1	85	-0.0101361	0
1	86	-0.000211989	0
1	87	-0.00289177	0
1	88	-2.28361e-05	1
1	89	-0.0188812	1
1	90	-0.00545843	1
1	91	-0.0144868	1
1	92	-0.002422	0
1	93	-0.00433876	0
1	94	0.022034	0
1	95	0.00255802	0
1	96	0.000269435	1
1	97	0.0115575	1
1	98	0.00360217	1
1	99	-0.00819248	1
2	0	0.0234629	0
2	1	-0.0228531	1
2	2	0.000536173	1
2	3	0.0114957	1
2	4	-0.00794619	1
2	5	-0.00872224	0
2	6	-0.0284035	0
2	7	-0.0222982	0
2	8	-0.0154274	0
2	9	-0.00234964	1
2	10	0.0135958	0
2	11	0.00615382	0
2	12	0.00655797	0
2	13	0.00142987	0
2	14	-0.0120188	0
2	15	-0.00290827	0
2	16	-0.00539788	1
2	17	0.0033706	0
2	18	-0.00470859	0
2	19	0.0199024	1
2	20	-0.0314844	1
2	21	-0.00194412	0
2	22	0.00239323	1
2	23	0.0228671	0
2	24	0.00793736	0
2	25	0.0190245	0
2	26	-0.00520002	1
2	27	-0.0169304	1
2	28	-0.0205344	0
2	29	-0.0211321	0
2	30	-0.00107998	0
2	31	0.0109761	1
2	32	0.0209055	1
2	33	0.013217	1
2	34	-0.0142683	1
2	35	0.00970159	0
2	36	-0.0085354	0
2	37	0.00376697	0
2	38	-0.00803521	1
2	39	-0.0217616	0
2	40	0.00827699	0
2	41	-0.0171996	0
2	42	0.0208151	0
2	43	0.00666722	0
2	44	0.0149785	1
2	45	-0.00133179	0
2	46	-0.00364675	1
2	47	-0.000564157	1
2	48	-0.0347621	0
2	49	-0.0271955	1
2	50	0.000591824	1
2	51	-0.0119384	1
2	52	0.00258902	0
2	53	0.0205828	1
2	54	-0.0134838	1
2	55	0.0215342	0
2	56	-0.0066171	0
2	57	0.0170515	0
2	58	0.00598386	0
2	59	-0.00928041	1
2	60	0.0216893	0
2	61	0.0264014	0
2	62	0.0101323	0
2	63	-0.0113044	0
2	64	-0.0182429	1
2	65	-0.00703438	1
2	66	-0.0209664	0
2	67	0.00244371	1
2	68	0.0299767	0
2	69	0.00741013	1
2	70	-0.00361841	1
2	71	-0.0141477	1
2	72	0.00177217	1
2	73	0.00157739	0
2	74	0.00401532	1
2	75	-0.000189697	1
2	76	-0.0140005	0
2	77	0.010902	0
2	78	0.00380567	1
2	79	-0.0114552	0
2	80	0.00473002	0
2	81	0.012316	0
2	82	0.0151186	1
2	83	-0.0230282	0
2	84	0.00700297	1
2	85	0.0120894	1
2	86	0.00136936	1
2	87	0.0306731	1
2	88	0.0193422	1
2	89	0.00871119	1
2	90	0.00428281	1
2	91	-0.0262279	1
2	92	0.00815863	1
2	93	-0.00680413	0
2	94	0.0200905	1
2	95	-0.00380221	1
2	96	-0.0227487	1
2	97	0.00883027	1
2	98	-0.0143896	1
2	99	0.0187128	0
3	0	0.00111187	1
3	1	0.0147215	1
3	2	-0.000445225	1
3	3	-0.016921	0
3	4	-0.042368	1
3	5	-0.00193187	0
3	6	-0.00348522	1
3	7	-0.0144887	0
3	8	0.0101441	1
3	9	0.00165034	1
3	10	-0.0109372	0
3	11	-0.00231015	1
3	12	-0.0102487	0
3	13	0.00359843	0
3	14	0.000506679	0
3	15	0.00184157	0
3	16	0.00739972	0
3	17	0.00842598	1
3	18	-0.0151372	0
3	19	-0.024811	1
3	20	0.0146963	1
3	21	-0.00123984	0
3	22	0.0143555	0
3	23	0.0084588	0
3	24	-0.00669218	0
3	25	0.00412952	1
3	26	0.0119982	1
3	27	-0.0042527	1
3	28	-0.0097303	0
3	29	0.00387485	0
3	30	-0.0166369	0
3	31	-0.0105329	0
3	32	-0.0198972	0
3	33	0.0273905	0
3	34	-0.0215975	0
3	35	0.0135658	0
3	36	-0.0158406	1
3	37	0.0196597	0
3	38	-0.0170109	1
3	39	-0.0226966	0
3	40	-0.000280856	1
3	41	-0.0144962	0
3	42	-0.000380708	1
3	43	0.000881866	1
3	44	0.0222884	0
3	45	-0.0151815	1
3	46	-0.0142689	0
3	47	-0.00130213	1
3	48	-0.0054714	1
3	49	-0.00437448	0
3	50	-0.0148909	1
3	51	0.00827609	1
3	52	0.00105857	0
3	53	-0.00459528	0
3	54	0.0203843	1
3	55	-0.00164498	1
3	56	-0.0079058	0
3	57	0.00905121	1
3	58	0.00935298	0
3	59	-0.00867898	0
3	60	0.00621156	1
3	61	0.00520165	0
3	62	-0.00358466	0
3	63	0.0132158	1
3	64	-0.00577981	1
3	65	-0.00417795	0
3	66	-0.00248096	0
3	67	0.0132508	0
3	68	-0.00135295	1
3	69	-0.00700902	1
3	70	-0.00756836	1
3	71	-0.00507898	0
3	72	-0.0023313	1
3	73	0.00221052	0
3	74	-0.00787941	0
3	75	0.0122046	1
3	76	-0.0160986	1
3	77	0.00237346	0
3	78	-0.0139441	1
3	79	-0.00265324	0
3	80	0.00823388	1
3	81	-0.0101803	0
3	82	0.00643537	0
3	83	0.0192779	1
3	84	0.00266498	1
3	85	0.014873	0
3	86	-0.0101392	0
3	87	0.0286278	1
3	88	0.0101717	0
3	89	0.0096125	1
3	90	0.0238781	1
3	91	0.02054	1
3	92	-0.00819695	0
3	93	0.00627881	1
3	94	-0.00204901	0
3	95	0.0147472	1
3	96	-0.0112692	0
3	97	0.0142296	1
3	98	0.0253687	0
3	99	0.00602729	0
4	0	-0.00260219	1
4	1	0.00726817	1
4	2	0.0306799	0
4	3	-0.00176239	0
4	4	0.0308561	0
4	5	-0.0156932	0
4	6	-0.0178628	0
4	7	0.00521355	1
4	8	-0.0145498	1
4	9	0.0122462	1
4	10	-0.00627979	1
4	11	0.00209429	1
4	12	0.000663541	1
4	13	0.00672929	0
4	14	-0.00302281	1
4	15	-0.000358355	0
4	16	-0.0224465	0
4	17	-0.00110884	0
4	18	0.0214693	1
4	19	-0.00969907	0
4	20	0.0271145	1
4	21	0.000102265	1
4	22	-0.00183445	1
4	23	0.015503	1
4	24	-0.00455301	1
4	25	-0.0114912	1
4	26	-0.00242495	0
4	27	0.0160837	1
4	28	-0.0127706	0
4	29	-0.0155548	0
4	30	0.0043332	1
4	31	0.0194853	0
4	32	0.0128592	1
4	33	-0.0210143	1
4	34	-0.0156211	1
4	35	-0.0373569	1
4	36	0.00970872	1
4	37	0.0074761	0
4	38	-0.00292202	0
4	39	-0.00306166	1
4	40	-0.00684542	0
4	41	0.00499607	0
4	42	-0.0190679	1
4	43	-0.0171743	0
4	44	-0.00253726	0
4	45	0.0202128	0
4	46	0.0184078	0
4	47	-0.0178733	0
4	48	0.00193749	1
4	49	0.0052532	0
4	50	-0.00535852	1
4	51	-0.0116654	0
4	52	-0.0128285	1
4	53	-0.0109091	0
4	54	-0.00898148	1
4	55	-0.00254115	1
4	56	0.0128085	0
4	57	0.0031709	1
4	58	0.00232076	0
4	59	-0.0132919	0
4	60	-0.00470953	1
4	61	-0.0135462	1
4	62	0.0232462	1
4	63	0.00698292	0
4	64	0.0157434	0
4	65	-0.0010752	0
4	66	0.012845	0
4	67	0.00335428	1
4	68	0.0084484	1
4	69	-0.0141604	1
4	70	-0.0209173	0
4	71	0.0171456	0
4	72	0.00633139	0
4	73	-0.00121948	1
4	74	0.00377835	1
4	75	0.00414331	0
4	76	0.020988	1
4	77	-0.00721891	1
4	78	-0.022051	1
4	79	-0.00353245	0
4	80	0.00111859	0
4	81	-0.00484913	0
4	82	-0.00530036	0
4	83	0.0161265	1
4	84	-0.00643305	0
4	85	0.0097407	0
4	86	-0.0192806	1
4	87	-0.00524756	1
4	88	0.00309438	0
4	89	-0.0308448	1
4	90	-0.00618203	0
4	91	-0.0131122	0
4	92	0.0162989	1
4	93	-0.00711321	1
4	94	-0.00135235	0
4	95	0.0075101	1
4	96	0.0318721	1
4	97	0.00803868	0
4	98	0.021809	0
4	99	0.00360121	1
5	0	-0.0260286	0
5	1	0.0120903	0
5	2	0.00431569	1
5	3	-0.00871125	1
5	4	-0.012335	0
5	5	0.0124762	0
5	6	0.0208848	1
5	7	0.00262713	1
5	8	-0.00227611	0
5	9	-0.00822115	0
5	10	-0.00446315	0
5	11	-0.0350081	0
5	12	0.0157595	0
5	13	0.00308753	1
5	14	-0.0112304	0
5	15	-0.0136756	1
5	16	0.000804721	0
5	17	0.0151868	0
5	18	-0.0148594	1
5	19	-0.00506964	0
5	20	0.010643	0
5	21	-0.00468467	0
5	22	-0.00423054	0
5	23	0.00731469	1
5	24	0.0101821	1
5	25	-0.00182682	1
5	26	-0.024254	1
5	27	0.00759443	0
5	28	-0.0201369	1
5	29	0.00116341	0
5	30	0.0183499	1
5	31	-0.0317395	1
5	32	0.00866289	1
5	33	-0.0211487	1
5	34	-0.00859463	0
5	35	0.0304917	0
5	36	-0.0123734	1
5	37	0.0140554	0
5	38	0.00199762	0
5	39	0.017707	1
5	40	0.0434666	1
5	41	0.0195562	0
5	42	0.0121002	1
5	43	0.00755304	1
5	44	0.0163789	1
5	45	-0.00517184	0
5	46	0.0142354	0
5	47	0.00727191	0
5	48	-0.0311816	1
5	49	0.00173438	1
5	50	0.00799608	1
5	51	-0.0153069	0
5	52	0.00892923	0
5	53	-0.0125855	0
5	54	-0.00835272	0
5	55	-0.0197159	1
5	56	0.0337443	0
5	57	0.0092141	0
5	58	0.00870346	1
5	59	0.0135997	1
5	60	-0.0189816	1
5	61	0.0134169	0
5	62	0.00546729	0
5	63	-0.0115914	0
5	64	0.00197127	0
5	65	0.0014708	1
5	66	0.0185012	1
5	67	-0.00267738	0
5	68	0.020813	1
5	69	0.0124556	0
5	70	0.0224765	1
5	71	0.0103357	1
5	72	-0.0031852	1
5	73	0.0117491	1
5	74	-0.0206681	1
5	75	-0.0108223	0
5	76	-0.0118795	1
5	77	-0.0156258	1
5	78	-0.0126093	1
5	79	0.00584104	1
5	80	-0.0267091	0
5	81	0.0119337	0
5	82	0.000461634	0
5	83	-0.00083093	0
5	84	-0.00562935	1
5	85	-0.0133471	0
5	86	-0.0171965	0
5	87	-0.0271923	1
5	88	0.000421013	1
5	89	0.00313542	0
5	90	0.0172456	0
5	91	0.00295922	0
5	92	-0.00330058	0
5	93	-0.0230183	1
5	94	0.0117782	1
5	95	-0.0181039	1
5	96	-0.0113582	1
5	97	-0.00759861	1
5	98	0.0300832	1
5	99	0.00311271	0
6	0	-0.0094629	0
6	1	0.00245445	1
6	2	0.000445857	1
6	3	-0.0212	1
6	4	-0.00412335	1
6	5	-0.00947637	0
6	6	-0.0141164	1
6	7	-0.00438942	0
6	8	0.00392631	0
6	9	-0.0126013	1
6	10	0.00191676	1
6	11	-0.00491802	0
6	12	0.00266867	0
6	13	0.00285798	1
6	14	0.0147474	1
6	15	-0.00737724	1
6	16	0.0410394	1
6	17	-0.0110105	1
6	18	0.00308388	1
6	19	0.012243	0
6	20	0.0156468	0
6	21	-0.0152846	1
6	22	0.0189159	0
6	23	-0.0155075	1
6	24	0.0170811	0
6	25	0.00324658	1
6	26	-0.00206255	0
6	27	-0.0157402	0
6	28	0.0129988	1
6	29	0.00197298	1
6	30	-0.00339262	0
6	31	-0.0114225	1
6	32	-0.00210624	0
6	33	0.010734	1
6	34	-0.00306208	0
6	35	0.0184266	1
6	36	0.00367559	0
6	37	-0.00111782	1
6	38	-0.00544958	1
6	39	-0.000971276	0
6	40	0.0192821	0
6	41	-0.0137458	0
6	42	0.0215816	1
6	43	0.0080797	0
6	44	-0.00302833	0
6	45	-0.0138481	1
6	46	-0.0114658	1
6	47	-0.0233081	0
6	48	-0.00966409	1
6	49	0.00737471	0
6	50	-0.0257799	1
6	51	-0.00957861	1
6	52	0.0142263	0
6	53	0.0177934	1
6	54	-0.0141133	0
6	55	-0.000829017	0
6	56	-0.00963011	1
6	57	-0.0106792	0
6	58	0.016349	1
6	59	0.010745	0
6	60	0.00472428	0
6	61	-0.00540839	0
6	62	-0.0241906	0
6	63	-0.00139013	1
6	64	0.0409124	1
6	65	0.011947	1
6	66	-0.00679799	0
6	67	0.00393558	1
6	68	0.00016794	1
6	69	0.00833361	1
6	70	0.0106721	0
6	71	-0.000327318	1
6	72	0.00904721	0
6	73	0.00246588	1
6	74	0.0241808	0
6	75	0.00951009	0
6	76	-0.0148989	1
6	77	0.00630249	0
6	78	-0.0117666	1
6	79	-0.0309048	1
6	80	0.0110795	1
6	81	0.00232709	0
6	82	0.0138928	0
6	83	-0.00438118	1
6	84	0.00505154	0
6	85	0.00252589	0
6	86	-0.0256941	0
6	87	-0.000645099	0
6	88	0.0426739	0
6	89	-0.0235285	0
6	90	0.0129657	1
6	91	0.00115802	0
6	92	-0.00475622	1
6	93	-0.0278489	0
6	94	0.00471043	1
6	95	0.00736515	0
6	96	-0.00937318	0
6	97	-0.00884439	1
6	98	-0.0129702	0
6	99	-0.00527418	0
7	0	-0.0134635	0
7	1	-0.00289225	0
7	2	0.00443388	0
7	3	-0.0100709	1
7	4	0.0186056	0
7	5	-0.0149695	1
7	6	-0.0042944	1
7	7	-0.0228832	0
7	8	-0.000509016	0
7	9	0.00332307	0
7	10	0.0356748	0
7	11	0.0189688	0
7	12	0.00760442	0
7	13	0.00253677	0
7	14	0.0129185	0
7	15	-0.00624864	0
7	16	0.000530751	0
7	17	0.00558824	1
7	18	-0.0112394	0
7	19	0.0137638	1
7	20	0.0108085	1
7	21	0.00336137	0
7	22	0.00905124	1
7	23	-0.00772932	0
7	24	0.00201709	0
7	25	-0.00855333	0
7	26	0.00656278	1
7	27	0.00667468	1
7	28	-0.00720622	0
7	29	-0.0204371	1
7	30	0.0142224	1
7	31	-0.00989032	1
7	32	0.000621971	0
7	33	-0.00496145	0
7	34	-0.00908308	0
7	35	0.0101617	1
7	36	0.0198492	0
7	37	-0.012123	0
7	38	0.00761755	1
7	39	0.014637	0
7	40	-0.00648231	0
7	41	0.0126536	1
7	42	0.0229549	0
7	43	-0.0218954	0
7	44	0.00852047	1
7	45	0.00914545	1
7	46	-0.0209302	0
7	47	-0.0293827	0
7	48	-0.0190142	0
7	49	-0.00978864	1
7	50	0.0107477	1
7	51	0.00604326	1
7	52	0.0282537	1
7	53	0.0174028	1
7	54	-0.000202217	0
7	55	-0.016394	1
7	56	-0.017955	1
7	57	0.0145348	1
7	58	-0.00431088	1
7	59	-0.00769638	1
7	60	-0.0081667	0
7	61	0.00708222	0
7	62	0.00323192	1
7	63	-0.0160139	0
7	64	-0.0100447	1
7	65	-0.00937375	0
7	66	0.00168605	0
7	67	-0.00077307	1
7	68	0.00480117	1
7	69	-0.0137348	0
7	70	-0.0148653	0
7	71	0.0151921	1
7	72	-0.00364798	1
7	73	-0.000684158	1
7	74	0.0362814	1
7	75	-0.00653535	1
7	76	-0.00878212	1
7	77	0.0234956	0
7	78	-0.0172512	1
7	79	0.0033204	1
7	80	0.00661333	0
7	81	-0.024535	1
7	82	-0.00691691	1
7	83	-0.0142669	0
7	84	-0.0109648	0
7	85	-0.0130528	1
7	86	-0.0117357	0
7	87	0.0157147	1
7	88	0.0238796	1
7	89	-0.0099859	0
7	90	-0.00937273	0
7	91	0.00783206	0
7	92	0.010803	1
7	93	-0.00271991	0
7	94	-0.00387901	0
7	95	0.0327883	1
7	96	0.00359565	1
7	97	-0.0102466	0
7	98	-0.00229343	0
7	99	-0.00565895	1
8	0	-0.0232085	0
8	1	0.0106935	0
8	2	0.00266958	1
8	3	-0.00858367	1
8	4	0.0167156	1
8	5	0.00799652	1
8	6	0.0197203	0
8	7	-0.0174656	1
8	8	0.0104088	1
8	9	0.00109025	0
8	10	-0.0080155	0
8	11	-0.00744312	1
8	12	-0.0171053	1
8	13	-0.00465366	0
8	14	0.00814504	1
8	15	0.0187842	0
8	16	-0.0168529	0
8	17	0.012745	1
8	18	-0.00202215	0
8	19	0.00544451	1
8	20	-0.0172138	1
8	21	-0.0124793	1
8	22	-0.027485	1
8	23	0.00754709	1
8	24	-0.0229113	0
8	25	-0.00560971	0
8	26	0.0350904	1
8	27	-0.00889955	1
8	28	-0.00624874	1
8	29	-0.00588681	0
8	30	-0.0154239	1
8	31	0.0184802	0
8	32	-0.00256649	0
8	33	0.00298735	0
8	34	-0.000410782	0
8	35	-0.013929	0
8	36	0.0143684	0
8	37	0.00945288	0
8	38	0.00445168	0
8	39	-0.0155071	1
8	40	-0.0148846	1
8	41	-0.0189112	0
8	42	0.00952965	0
8	43	-0.0165785	0
8	44	-0.00822844	1
8	45	-0.0102858	0
8	46	-0.00979843	0
8	47	0.0203243	1
8	48	0.014422	0
8	49	-0.0108228	1
8	50	0.0166231	1
8	51	-0.00268478	1
8	52	0.00660095	0
8	53	-0.0192686	1
8	54	0.0291146	0
8	55	-0.0119524	1
8	56	-0.00286413	1
8	57	0.00901267	1
8	58	0.0128626	0
8	59	-0.0253309	1
8	60	0.0160975	0
8	61	-0.0105812	0
8	62	0.0104217	0
8	63	0.0270345	1
8	64	0.00336069	0
8	65	-0.036337	0
8	66	0.0163399	1
8	67	0.000626265	0
8	68	0.00599713	1
8	69	0.0110313	1
8	70	-0.0105869	1
8	71	0.0126766	0
8	72	-0.0126504	0
8	73	-0.0201133	0
8	74	0.0143487	0
8	75	-0.018412	0
8	76	-0.00948914	0
8	77	-0.0150988	0
8	78	0.0154884	0
8	79	0.0183145	1
8	80	0.0161711	0
8	81	0.00941447	1
8	82	-0.0094996	0
8	83	-0.00401002	1
8	84	0.00884098	1
8	85	0.0228789	1
8	86	0.00277355	0
8	87	0.00773755	1
8	88	-0.0105414	1
8	89	-0.00694258	1
8	90	0.00181632	0
8	91	0.00394857	1
8	92	0.00736618	0
8	93	-0.0103841	1
8	94	-0.00683482	0
8	95	-0.00497445	0
8	96	0.0172788	1
8	97	0.0142037	1
8	98	-0.00974006	0
8	99	0.0182799	1
9	0	-0.00206496	1
9	1	-0.00653074	1
9	2	0.00663605	0
9	3	0.010107	0
9	4	0.00788827	1
9	5	-0.00335132	1
9	6	0.0144459	0
9	7	0.00145513	0
9	8	0.00558796	0
9	9	-0.0082332	0
9	10	-0.0187463	1
9	11	0.00366631	0
9	12	-0.0202693	0
9	13	0.00475667	0
9	14	0.000256369	1
9	15	-0.00593593	1
9	16	0.016469	1
9	17	-0.00262891	0
9	18	-0.00683167	1
9	19	0.0123205	1
9	20	0.0201738	0
9	21	0.00942528	0
9	22	0.0212003	0
9	23	-0.0123836	1
9	24	-0.0253144	0
9	25	-0.00163894	0
9	26	0.0065896	1
9	27	0.00152777	0
9	28	-0.00114714	0
9	29	0.0170307	0
9	30	-0.0224799	0
9	31	-0.0188881	0
9	32	-0.0020319	0
9	33	-0.00966623	1
9	34	-0.0119832	1
9	35	-0.00222901	1
9	36	-0.00980829	0
9	37	0.0197709	0
9	38	-0.000230645	0
9	39	-0.00931882	0
9	40	-0.00219994	0
9	41	0.0357921	1
9	42	0.00269385	1
9	43	0.0147484	0
9	44	0.00998345	1
9	45	0.0102425	1
9	46	0.0124163	1
9	47	0.0146826	1
9	48	-0.00868244	1
9	49	-0.00496034	1
9	50	0.0197283	0
9	51	-0.00393133	0
9	52	-0.019455	0
9	53	0.021426	0
9	54	-0.0190783	1
9	55	-0.00415462	0
9	56	-0.0148222	0
9	57	0.0151504	0
9	58	-0.0153337	0
9	59	-0.00531035	0
9	60	0.0147491	0
9	61	0.0199549	1
9	62	-0.0136093	0
9	63	-0.00435991	1
9	64	-0.0264115	0
9	65	0.0170636	1
9	66	-0.0131828	0
9	67	0.00993654	0
9	68	0.00867572	0
9	69	0.00752026	0
9	70	-0.000169827	1
9	71	0.00685027	1
9	72	0.00572492	1
9	73	-0.00919993	0
9	74	-0.0039905	1
9	75	0.0135865	0
9	76	-0.00558342	0
9	77	0.022735	1
9	78	-0.0245292	1
9	79	-0.000965453	0
9	80	-0.0256792	1
9	81	-0.0167261	0
9	82	0.0108778	0
9	83	-0.0193482	1
9	84	0.00452553	0
9	85	-0.00347819	1
9	86	-0.0148954	0
9	87	0.01398	1
9	88	-0.0105335	0
9	89	-0.0243385	1
9	90	0.019011	0
9	91	0.0153962	0
9	92	0.00928898	0
9	93	-0.0157416	0
9	94	0.0196365	0
9	95	0.00702381	0
9	96	-0.00114923	0
9	97	-0.0180794	1
9	98	-0.0102527	0
9	99	-0.000843494	1
10	0	0.00151502	1
10	1	-0.00175835	1
10	2	-0.00224258	1
10	3	0.0251785	1
10	4	-0.0131351	1
10	5	0.00285437	1
10	6	0.0139741	1
10	7	-0.0200876	1
10	8	-0.0263359	1
10	9	-0.0153594	1
10	10	0.0231434	1
10	11	0.00371449	0
10	12	-0.0181198	0
10	13	-0.016562	1
10	14	-0.00335184	1
10	15	0.0082449	1
10	16	0.00605064	1
10	17	0.017459	0
10	18	0.00148459	1
10	19	-0.00608668	1
10	20	-0.0117928	0
10	21	-0.0252069	0
10	22	-0.0251363	0
10	23	0.0249821	0
10	24	0.0252189	1
10	25	-0.0216083	1
10	26	-0.0337851	1
10	27	0.00932895	0
10	28	0.00653589	0
10	29	-0.0206796	1
10	30	-0.00770466	0
10	31	0.00331877	1
10	32	0.0155837	1
10	33	0.0221514	1
10	34	-0.020576	0
10	35	3.99426e-05	1
10	36	0.0204799	0
10	37	0.00191182	1
10	38	0.0158988	0
10	39	0.00135821	1
10	40	-0.025276	0
10	41	0.0077372	0
10	42	-0.0108301	1
10	43	-0.0174831	0
10	44	0.00666597	0
10	45	0.0194762	1
10	46	-0.00563987	0
10	47	-0.00508435	0
10	48	-0.000591221	0
10	49	0.00779641	0
10	50	-0.0224358	1
10	51	-0.00500645	1
10	52	0.00233607	0
10	53	0.0129842	1
10	54	-0.00225462	0
10	55	-0.00190986	0
10	56	-0.000794909	1
10	57	0.00429143	0
10	58	-0.0145884	1
10	59	-0.0139992	1
10	60	0.0120875	1
10	61	0.00544038	1
10	62	0.0160193	1
10	63	0.00351816	0
10	64	0.0028521	1
10	65	-0.000786241	0
10	66	0.00855279	1
10	67	-0.00447006	0
10	68	-0.0285508	1
10	69	0.0111538	0
10	70	0.0170493	1
10	71	0.0194818	1
10	72	-0.00785719	0
10	73	-0.0260188	1
10	74	0.013492	0
10	75	-0.000146952	0
10	76	0.00842782	1
10	77	0.00248554	0
10	78	0.0130629	1
10	79	0.0088765	0
10	80	0.0131623	0
10	81	0.0149649	0
10	82	0.00610924	1
10	83	-0.012007	1
10	84	0.026543	1
10	85	0.00143368	1
10	86	0.00943867	1
10	87	-0.00175049	1
10	88	0.0136985	1
10	89	-0.00996482	0
10	90	0.00311433	1
10	91	0.00833374	1
10	92	-0.0201792	1
10	93	-0.00553363	1
10	94	-0.0100152	1
10	95	0.0207513	1
10	96	-0.00412878	0
10	97	-0.00607359	0
10	98	-0.00644237	1
10	99	-0.0124163	1
11	0	0.0205419	1
11	1	-0.00428287	1
11	2	-0.0161589	1
11	3	0.0111206	1
11	4	-0.0327353	1
11	5	-0.0113393	1
11	6	0.00719447	0
11	7	-0.0107263	0
11	8	-0.00301281	0
11	9	0.0124167	1
11	10	-0.00608934	0
11	11	0.0319451	1
11	12	0.0162436	0
11	13	-0.00615171	1
11	14	-0.00622418	1
11	15	0.0116597	1
11	16	-0.0138816	0
11	17	0.0142332	0
11	18	0.00191346	0
11	19	0.0181006	1
11	20	-0.0216868	1
11	21	-0.0260348	1
11	22	-0.0119662	1
11	23	0.00229985	1
11	24	-0.00257656	1
11	25	0.0205636	1
11	26	-0.000385618	1
11	27	-0.00335614	1
11	28	-0.00708581	0
11	29	0.0171918	0
11	30	-0.00495946	0
11	31	0.00796942	1
11	32	0.00573849	0
11	33	-0.0189268	1
11	34	-0.0111253	0
11	35	-0.0181462	0
11	36	-0.00424217	0
11	37	-0.00370365	0
11	38	-0.00103096	0
11	39	0.0119671	0
11	40	-0.00611548	1
11	41	-0.00203429	1
11	42	-0.0224006	0
11	43	-0.00404332	0
11	44	-0.0120964	0
11	45	-0.00878108	1
11	46	7.44714e-05	0
11	47	0.00390014	0
11	48	-0.0238463	0
11	49	0.0234847	0
11	50	0.0138871	0
11	51	-0.0190867	1
11	52	-0.00647924	1
11	53	-0.0149426	1
11	54	0.0113555	0
11	55	0.00648328	0
11	56	-0.0013296	1
11	57	0.00856518	1
11	58	-0.0131915	0
11	59	-0.00136867	1
11	60	0.0126486	1
11	61	0.00590628	1
11	62	0.0151522	1
11	63	-0.0032455	0
11	64	-0.00249821	1
11	65	0.0011065	1
11	66	0.0286849	1
11	67	0.00270237	1
11	68	-0.0084963	0
11	69	-0.0035216	0
11	70	0.0139704	1
11	71	-0.00815697	0
11	72	0.00120358	1
11	73	0.00129757	0
11	74	-0.0101435	0
11	75	0.0121854	1
11	76	-0.000867232	1
11	77	0.0045731	1
11	78	0.0182075	1
11	79	-0.00312904	1
11	80	-0.000560212	1
11	81	0.00710696	0
11	82	-0.004673	0
11	83	-0.0132999	1
11	84	0.0190931	1
11	85	-0.0184663	1
11	86	0.00423859	1
11	87	0.0317457	0
11	88	0.00805898	1
11	89	0.0164675	1
11	90	-0.0162513	1
11	91	-0.022343	1
11	92	-0.0122675	1
11	93	0.00912961	0
11	94	-0.016687	1
11	95	0.0240169	0
11	96	-0.0100139	1
11	97	0.00978933	1
11	98	0.00521281	0
11	99	0.00481706	1
12	0	0.00938409	0
12	1	-0.00390555	0
12	2	-0.0286113	0
12	3	-0.00220446	1
12	4	0.00520187	1
12	5	0.0070321	1
12	6	0.000526749	0
12	7	0.0123167	0
12	8	0.00779337	1
12	9	-0.00521816	0
12	10	0.000507658	1
12	11	-0.0211211	0
12	12	0.0220382	1
12	13	0.00690121	1
12	14	-0.0293713	1
12	15	0.00930858	0
12	16	0.00670728	0
12	17	-0.0117297	0
12	18	-0.0284326	1
12	19	-0.00143354	0
12	20	-0.00496133	1
12	21	0.0066633	1
12	22	-0.0307205	1
12	23	0.00231548	1
12	24	0.00145995	1
12	25	-0.0027793	1
12	26	0.0146818	1
12	27	-0.0153922	0
12	28	0.00912523	1
12	29	0.0126431	0
12	30	0.024268	0
12	31	0.0186637	0
12	32	-0.00569876	1
12	33	0.0144422	1
12	34	0.00868937	1
12	35	0.0295024	1
12	36	0.0211054	0
12	37	0.0079531	0
12	38	0.0168632	0
12	39	0.00243627	0
12	40	0.011241	1
12	41	-0.000336204	1
12	42	-0.00400204	0
12	43	0.00334405	1
12	44	-0.0151971	0
12	45	-0.0143088	1
12	46	-0.000789629	1
12	47	0.0102465	0
12	48	0.0161324	1
12	49	0.00915628	1
12	50	-0.00508391	0
12	51	0.00619005	1
12	52	0.00313321	0
12	53	-0.00772115	0
12	54	0.00361848	0
12	55	0.0147293	0
12	56	-0.017634	0
12	57	-0.00444517	1
12	58	0.00408247	1
12	59	0.0212672	0
12	60	-0.0116934	1
12	61	-0.00264259	1
12	62	0.000508377	0
12	63	-0.01815	1
12	64	-0.0111309	1
12	65	0.0181542	0
12	66	0.00574031	0
12	67	0.0112745	0
12	68	-0.00888882	0
12	69	0.0196487	1
12	70	0.0050037	1
12	71	-0.0243769	0
12	72	-0.0219729	0
12	73	-0.00892009	1
12	74	-0.00662639	1
12	75	-0.0271996	1
12	76	-0.0158753	1
12	77	0.0121235	0
12	78	0.00599546	0
12	79	-0.032408	1
12	80	-0.00794638	1
12	81	0.0231793	0
12	82	0.00360291	0
12	83	-0.0101543	0
12	84	-0.00362285	1
12	85	-0.00605986	0
12	86	0.00515495	0
12	87	-0.00767039	0
12	88	-0.0112872	1
12	89	-0.00935766	1
12	90	0.0213924	1
12	91	0.0103408	1
12	92	0.0055134	1
12	93	0.0109488	1
12	94	-0.00906893	0
12	95	-0.0218476	0
12	96	0.0109184	1
12	97	-0.0219217	1
12	98	0.00289275	0
12	99	0.00585577	0
13	0	-0.00377639	1
13	1	-0.0278338	1
13	2	-0.0048247	0
13	3	0.0195969	0
13	4	-0.0167524	1
13	5	0.0237474	1
13	6	-0.0259758	1
13	7	0.00268689	0
13	8	0.018541	1
13	9	-0.00638552	1
13	10	0.0111275	0
13	11	-0.0100891	0
13	12	0.0107517	1
13	13	0.0201913	0
13	14	0.00172026	0
13	15	0.0120386	1
13	16	0.0046795	0
13	17	0.00183114	1
13	18	-0.00552031	0
13	19	-0.026903	1
13	20	-0.0117881	1
13	21	-0.0105832	0
13	22	0.00332496	1
13	23	-0.00578713	0
13	24	-0.0216923	0
13	25	-0.00320707	0
13	26	0.000955687	0
13	27	-0.0121045	1
13	28	-0.0067997	1
13	29	0.00679192	0
13	30	0.0275446	1
13	31	-0.00260805	1
13	32	0.0131506	0
13	33	-0.0237878	1
13	34	-0.00340173	1
13	35	-0.00202668	0
13	36	-0.0225188	1
13	37	0.0158196	1
13	38	-0.00673743	1
13	39	-0.00726629	1
13	40	-0.0055169	1
13	41	0.0114217	1
13	42	0.0200352	0
13	43	0.00690792	1
13	44	0.0285309	0
13	45	0.0163415	1
13	46	-0.00253009	0
13	47	0.00134445	0
13	48	0.00397577	1
13	49	-0.00151128	0
13	50	-0.00653871	0
13	51	0.016689	0
13	52	0.00952297	1
13	53	-0.0162311	1
13	54	-0.00671738	1
13	55	-0.0019892	0
13	56	0.00574578	1
13	57	-0.00927783	0
13	58	0.000245881	0
13	59	-0.00788097	0
13	60	-0.00575726	0
13	61	-0.0131591	1
13	62	-0.00372352	0
13	63	0.00759176	1
13	64	-0.0334661	1
13	65	0.015812	0
13	66	-0.00702557	1
13	67	-0.0239099	1
13	68	-0.0146019	1
13	69	-0.0124917	0
13	70	0.0173957	0
13	71	0.0145336	0
13	72	-0.023385	1
13	73	0.015117	1
13	74	0.00888458	1
13	75	-0.0156995	1
13	76	0.0135041	0
13	77	-0.0246627	1
13	78	-0.00935873	1
13	79	-0.000120933	1
13	80	0.00429996	0
13	81	0.0282164	0
13	82	0.00895175	0
13	83	2.63172e-05	0
13	84	-0.0129702	1
13	85	-0.0165056	1
13	86	0.0238281	1
13	87	0.00798457	1
13	88	0.00893188	0
13	89	0.016328	1
13	90	0.0190086	1
13	91	0.0225815	1
13	92	-0.0018567	0
13	93	-0.020093	1
13	94	0.00222166	1
13	95	0.0171906	0
13	96	-0.0160011	0
13	97	-0.00476512	0
13	98	0.0268022	1
13	99	-0.00835389	1
14	0	0.0023931	1
14	1	0.00044995	1
14	2	0.0108864	1
14	3	0.00216731	1
14	4	-0.0115537	0
14	5	0.0106879	0
14	6	-0.000133144	1
14	7	-0.00522481	1
14	8	0.0106428	1
14	9	0.0167828	1
14	10	0.00661698	0
14	11	-0.00926219	1
14	12	0.000525806	1
14	13	0.00699058	1
14	14	0.0218248	1
14	15	0.0345753	0
14	16	0.0148293	1
14	17	-0.0140696	1
14	18	-0.0127051	1
14	19	0.00623995	0
14	20	-0.00321337	1
14	21	-0.00697429	0
14	22	0.017296	1
14	23	0.0112021	1
14	24	-0.00314421	0
14	25	-0.0127899	1
14	26	-0.0121177	0
14	27	-0.0290152	0
14	28	0.0242901	1
14	29	-0.00777468	1
14	30	0.0139782	1
14	31	-0.0133995	0
14	32	-0.01083	0
14	33	0.00821834	0
14	34	0.00163936	0
14	35	-0.00568353	1
14	36	-0.00146682	0
14	37	-0.0110044	1
14	38	-0.00372831	1
14	39	-0.0113824	0
14	40	0.00175401	1
14	41	0.00766765	0
14	42	-0.00316078	1
14	43	-0.0201997	1
14	44	0.00306071	1
14	45	-0.00336318	0
14	46	0.0134313	0
14	47	0.016975	0
14	48	0.0106949	1
14	49	0.00549886	0
14	50	-0.0120447	1
14	51	0.0011882	1
14	52	-0.000145604	0
14	53	0.00460914	1
14	54	-0.0127872	1
14	55	0.00367958	0
14	56	0.00710263	0
14	57	-0.00323489	0
14	58	0.0187488	0
14	59	-0.0055574	0
14	60	0.0232321	1
14	61	-0.020188	1
14	62	-0.0153667	1
14	63	-0.0105466	1
14	64	-0.015698	1
14	65	0.0121049	0
14	66	-0.00663749	1
14	67	-0.0294108	0
14	68	-0.0417229	0
14	69	-0.00584923	0
14	70	-0.00367547	0
14	71	0.00879822	0
14	72	0.0160141	1
14	73	0.0213891	1
14	74	0.0137303	0
14	75	-0.00478496	1
14	76	0.000790675	0
14	77	-0.014143	0
14	78	-0.00036397	1
14	79	0.0413446	0
14	80	-0.00439521	0
14	81	0.00378776	1
14	82	-0.00901667	0
14	83	0.0150997	1
14	84	0.000330506	0
14	85	-0.0320062	0
14	86	-0.0021809	0
14	87	0.0132029	0
14	88	0.00731864	0
14	89	-0.0108738	1
14	90	0.0138123	0
14	91	-0.0217235	0
14	92	0.000802695	1
14	93	-0.0264216	0
14	94	-0.019628	0
14	95	0.00879956	1
14	96	0.00552202	0
14	97	0.0216718	0
14	98	-0.0109978	0
14	99	0.00719743	1
15	0	0.00330546	0
15	1	0.0406156	0
15	2	0.00723567	1
15	3	-0.0248918	0
15	4	-0.00361449	1
15	5	-0.0202274	1
15	6	-0.000655712	0
15	7	0.0168903	0
15	8	0.0106267	0
15	9	0.00982818	1
15	10	-0.003339	1
15	11	-0.0282496	1
15	12	-0.0172124	0
15	13	-0.0166702	1
15	14	0.00364329	1
15	15	0.0117336	0
15	16	0.026503	0
15	17	-0.0197279	1
15	18	-0.018517	0
15	19	-0.00472374	1
15	20	-0.00647668	1
15	21	0.00410279	1
15	22	-0.00349616	1
15	23	0.0223632	0
15	24	0.0133526	1
15	25	0.0240211	0
15	26	0.00788401	0
15	27	-0.0103826	0
15	28	0.0020512	0
15	29	0.0159971	0
15	30	-0.0313192	0
15	31	0.0168746	0
15	32	-0.0368055	1
15	33	-0.00238659	1
15	34	-0.00377471	1
15	35	0.00163301	1
15	36	0.00429697	1
15	37	-0.014919	1
15	38	-0.0245974	1
15	39	-0.00526138	0
15	40	-0.00880641	1
15	41	-0.00498844	0
15	42	0.0015974	0
15	43	-0.00264185	0
15	44	0.0333199	0
15	45	-0.000522329	0
15	46	-0.021839	0
15	47	-0.00415696	0
15	48	-0.00143772	0
15	49	-0.00697004	1
15	50	0.0144634	0
15	51	0.000963869	0
15	52	-0.0153903	1
15	53	0.0131471	1
15	54	0.0325677	1
15	55	0.0049498	1
15	56	0.00971956	1
15	57	-0.0114229	0
15	58	-0.0126692	1
15	59	0.0287854	1
15	60	-0.0255859	1
15	61	-0.00875405	1
15	62	-0.0133769	1
15	63	-0.00963027	1
15	64	-0.00946454	0
15	65	-0.00395102	0
15	66	0.0132256	1
15	67	0.00381526	1
15	68	-0.0179571	0
15	69	-0.00508839	1
15	70	0.00410225	0
15	71	-0.0194215	0
15	72	-0.00482955	0
15	73	0.00726365	1
15	74	-0.00382766	0
15	75	0.0095094	1
15	76	0.00848486	0
15	77	0.00725101	1
15	78	-0.00354513	0
15	79	0.00560139	0
15	80	0.0192609	0
15	81	0.00317388	1
15	82	0.0084168	0
15	83	0.0115456	1
15	84	-0.0113401	1
15	85	0.0186067	0
15	86	0.0144798	1
15	87	-0.00331077	1
15	88	-0.032639	0
15	89	-0.0185824	1
15	90	-0.00725873	1
15	91	0.0157702	1
15	92	0.0142178	1
15	93	-0.000766838	0
15	94	-0.0039596	1
15	95	0.013839	1
15	96	-0.00602912	1
15	97	0.0123079	0
15	98	0.0189641	0
15	99	0.00510348	1
16	0	0.00570683	0
16	1	0.00595652	0
16	2	0.0207883	0
16	3	0.00313099	0
16	4	-0.0240402	1
16	5	-0.0474823	0
16	6	-0.0153596	0
16	7	0.0265977	0
16	8	0.0234565	0
16	9	0.00597757	1
16	10	-0.00216631	0
16	11	-0.00135693	0
16	12	0.0186745	0
16	13	-0.0106752	1
16	14	-0.0137044	1
16	15	-0.00151117	0
16	16	0.0155409	1
16	17	0.00250116	1
16	18	-0.00737481	0
16	19	4.84624e-05	0
16	20	0.0127471	1
16	21	-0.00704595	0
16	22	0.0246139	0
16	23	0.00115584	0
16	24	-0.023527	0
16	25	-0.00591261	0
16	26	0.00465312	0
16	27	0.00835656	1
16	28	0.0282554	0
16	29	0.000606807	0
16	30	-0.00719567	0
16	31	0.00301369	0
16	32	-0.00388484	0
16	33	0.0133743	0
16	34	-0.00902863	0
16	35	-0.043597	0
16	36	-0.010075	1
16	37	-0.00765068	1
16	38	0.0217694	0
16	39	0.0171442	1
16	40	-0.000881456	0
16	41	0.0144482	1
16	42	0.00122991	1
16	43	-0.0149148	0
16	44	0.010565	1
16	45	-0.00385219	0
16	46	-0.0021597	1
16	47	0.000779611	0
16	48	0.017632	1
16	49	0.00569575	0
16	50	-0.00479523	0
16	51	-0.00548686	0
16	52	-0.00559019	1
16	53	0.00768045	1
16	54	-0.00196471	1
16	55	-0.0133028	1
16	56	-0.00267042	1
16	57	0.00808119	1
16	58	-0.0229086	1
16	59	0.00144308	1
16	60	-0.0111536	1
16	61	0.00902981	1
16	62	0.0037522	1
16	63	0.0121621	0
16	64	-0.0142828	0
16	65	0.00804074	0
16	66	0.0116588	0
16	67	-0.0111751	0
16	68	-0.00528998	1
16	69	0.0343263	1
16	70	0.00364871	1
16	71	0.0131615	0
16	72	-0.024851	1
16	73	0.0187331	1
16	74	-0.000625603	0
16	75	-0.00337374	1
16	76	-0.0115245	0
16	77	-0.0273827	0
16	78	0.00304878	0
16	79	-2.19942e-05	0
16	80	-0.0167245	0
16	81	0.00133644	1
16	82	0.00490397	0
16	83	0.0203155	1
16	84	0.00831806	1
16	85	-0.0016405	0
16	86	0.00483974	0
16	87	-0.0142195	1
16	88	-0.0121962	0
16	89	0.0031479	1
16	90	0.0264547	1
16	91	0.00147586	0
16	92	0.00746909	1
16	93	-0.00281002	0
16	94	-0.0239896	1
16	95	-0.00408353	0
16	96	-0.00427053	1
16	97	-0.000750351	0
16	98	0.00700193	0
16	99	-0.0239694	0
17	0	0.00940683	0
17	1	0.00382109	1
17	2	0.0229431	0
17	3	0.00263502	1
17	4	-0.0141377	1
17	5	-0.0093071	1
17	6	-0.0140493	1
17	7	0.00673661	0
17	8	-0.0296941	0
17	9	-0.0059447	0
17	10	0.00301999	0
17	11	0.0105206	0
17	12	-0.00188997	1
17	13	0.0141986	1
17	14	-0.00909531	1
17	15	0.0219964	1
17	16	0.00319501	0
17	17	-0.000456208	1
17	18	0.0151534	1
17	19	0.00195711	0
17	20	-0.0199038	0
17	21	0.00196665	1
17	22	-0.00843488	1
17	23	-0.00501756	0
17	24	0.00291247	0
17	25	0.00318345	0
17	26	-0.0170404	0
17	27	-0.00771669	1
17	28	-0.0146784	0
17	29	0.00973282	1
17	30	0.000892655	1
17	31	-0.00473926	0
17	32	-0.00745287	1
17	33	0.00872013	1
17	34	-0.0296334	1
17	35	-0.007971	1
17	36	0.0109872	0
17	37	0.00650055	0
17	38	0.0302521	1
17	39	0.0046895	1
17	40	0.00290935	1
17	41	0.0167742	1
17	42	-0.0173689	0
17	43	0.0155338	0
17	44	0.00961452	1
17	45	0.00376828	0
17	46	0.00753293	1
17	47	0.00682757	0
17	48	0.000767557	0
17	49	0.0157441	1
17	50	-0.00116461	1
17	51	0.00169488	0
17	52	-0.00778899	1
17	53	-0.0136109	1
17	54	0.01483	0
17	55	-0.00787932	0
17	56	0.0142443	0
17	57	0.0157614	1
17	58	-0.000336349	0
17	59	0.028127	0
17	60	-0.0126196	0
17	61	-0.0231117	0
17	62	0.00598441	1
17	63	-0.0235217	0
17	64	0.00591747	1
17	65	-0.000864942	1
17	66	-0.0125349	0
17	67	-0.00901182	0
17	68	-0.0193777	1
17	69	0.00661578	1
17	70	-0.0203923	0
17	71	-0.0143003	0
17	72	-0.0218099	0
17	73	0.0333974	1
17	74	-0.00858863	1
17	75	0.0107627	1
17	76	0.0209	1
17	77	0.0125694	1
17	78	0.00687578	1
17	79	-0.00460694	0
17	80	-0.014883	1
17	81	-0.0169448	1
17	82	0.0234091	0
17	83	0.00943901	0
17	84	-0.00798545	1
17	85	0.000588145	1
17	86	-0.00927824	1
17	87	0.0315619	0
17	88	-0.0229637	1
17	89	-0.0214849	0
17	90	-0.00372811	0
17	91	-0.00329564	0
17	92	0.00357056	1
17	93	-0.0162629	0
17	94	-0.00355416	1
17	95	0.004522	1
17	96	-0.0349637	1
17	97	0.0124765	0
17	98	0.0257522	1
17	99	0.0175032	1
18	0	-0.00107173	1
18	1	-0.00806916	1
18	2	-0.0102241	1
18	3	0.0281802	0
18	4	0.0240569	1
18	5	0.000116531	0
18	6	0.00760775	0
18	7	0.00719919	1
18	8	0.0142892	0
18	9	0.0100233	0
18	10	-0.00187871	1
18	11	0.0257623	1
18	12	0.00212627	1
18	13	-0.00479381	1
18	14	-0.0142566	1
18	15	-0.00977578	1
18	16	0.00512369	1
18	17	0.00487769	0
18	18	-0.00796179	0
18	19	-0.00343838	1
18	20	0.00341239	0
18	21	-0.0185663	0
18	22	-0.00736928	1
18	23	0.000145954	1
18	24	-0.00762093	0
18	25	0.00477088	1
18	26	0.00249728	1
18	27	-0.0021618	1
18	28	-0.01118	1
18	29	0.000366528	1
18	30	0.015119	0
18	31	-0.00835079	0
18	32	0.00985114	1
18	33	-0.00830239	1
18	34	0.0078894	1
18	35	-0.0326169	0
18	36	0.030727	1
18	37	0.00185604	1
18	38	0.000540778	0
18	39	0.0213518	0
18	40	0.00475509	1
18	41	0.0209915	0
18	42	-0.00409675	1
18	43	-0.00938731	0
18	44	-5.48083e-05	1
18	45	0.0139777	0
18	46	-0.0129586	0
18	47	0.0206507	0
18	48	0.0244527	1
18	49	-0.0272145	1
18	50	-0.00792922	1
18	51	-0.0124022	0
18	52	0.015266	0
18	53	-0.00765883	0
18	54	0.0113702	1
18	55	-0.00311479	1
18	56	0.0234188	1
18	57	0.0107524	0
18	58	-9.53637e-05	0
18	59	0.0159409	1
18	60	0.0309162	0
18	61	-0.0162632	1
18	62	-0.00225873	1
18	63	-0.0208868	0
18	64	0.00897693	1
18	65	-0.00491275	0
18	66	-0.0103224	0
18	67	-0.02198	0
18	68	-0.00235084	1
18	69	-0.0272326	0
18	70	-0.00359804	1
18	71	-0.0119205	1
18	72	-0.0313286	1
18	73	0.00732383	1
18	74	0.011479	1
18	75	0.020507	0
18	76	-0.00284845	1
18	77	-0.0108654	1
18	78	-0.00523513	0
18	79	-0.0164542	1
18	80	0.00772534	1
18	81	-0.0129586	0
18	82	0.0104975	1
18	83	-0.0163282	1
18	84	0.00977483	0
18	85	-0.0189407	0
18	86	-0.0377029	1
18	87	-0.0103444	0
18	88	0.00772941	1
18	89	0.00159432	0
18	90	-0.00465033	1
18	91	0.0137428	1
18	92	0.00563814	1
18	93	-0.00381269	0
18	94	0.00244757	1
18	95	0.0117789	1
18	96	0.00337319	0
18	97	0.0117594	1
18	98	0.00613246	0
18	99	-0.0251177	1
19	0	-0.0090696	1
19	1	0.00976249	0
19	2	-0.0227609	1
19	3	0.0082771	0
19	4	0.000257404	0
19	5	-0.0263559	0
19	6	0.00770363	0
19	7	0.0163671	1
19	8	0.00811603	0
19	9	0.0163772	1
19	10	0.0184454	1
19	11	-0.0309672	1
19	12	-0.0052694	0
19	13	0.00259769	1
19	14	-0.011771	1
19	15	0.0032813	1
19	16	-0.0249828	1
19	17	0.00247798	0
19	18	-0.0107222	0
19	19	-0.00364241	1
19	20	-0.00948825	1
19	21	0.00808236	0
19	22	0.0267464	1
19	23	0.0113614	0
19	24	0.000774697	0
19	25	-0.00878462	1
19	26	0.0122657	0
19	27	0.00693623	0
19	28	0.0150877	1
19	29	0.013333	1
19	30	-0.0126909	0
19	31	0.0192914	0
19	32	-0.00883353	0
19	33	0.00644924	1
19	34	-0.021644	1
19	35	-0.0187609	0
19	36	0.0114171	0
19	37	-0.000605919	1
19	38	-0.00754578	1
19	39	0.0100539	1
19	40	0.00936739	0
19	41	0.0201135	0
19	42	0.00398364	1
19	43	0.00400392	1
19	44	0.011847	1
19	45	0.00361643	0
19	46	-0.0148327	0
19	47	-0.00233116	0
19	48	-0.0192795	1
19	49	0.00268105	1
19	50	0.0127098	1
19	51	-0.00933862	0
19	52	0.00976462	1
19	53	0.0278548	1
19	54	-0.00393435	1
19	55	0.00641462	0
19	56	-0.0304655	0
19	57	0.00892553	1
19	58	0.000142061	1
19	59	0.0251117	1
19	60	0.0312264	1
19	61	-0.0137759	0
19	62	-0.0173732	0
19	63	-0.00708305	0
19	64	0.000326516	1
19	65	0.0170791	0
19	66	-0.037152	0
19	67	0.00542286	0
19	68	-0.00481563	1
19	69	0.00549444	0
19	70	0.0224959	0
19	71	-0.00469056	1
19	72	0.00094315	0
19	73	-0.00951272	1
19	74	0.00180043	0
19	75	-0.00642034	1
19	76	-0.00338512	1
19	77	-0.011835	1
19	78	-0.020708	1
19	79	0.0267626	1
19	80	0.00456374	0
19	81	-0.0127903	0
19	82	0.000767434	1
19	83	-0.0147631	1
19	84	-0.0196282	0
19	85	0.0080483	1
19	86	0.0069312	1
19	87	-0.0137204	0
19	88	0.0228274	0
19	89	0.0082821	1
19	90	-0.0142829	0
19	91	-0.00354871	1
19	92	-0.00120609	1
19	93	-0.00134239	1
19	94	0.0182836	0
19	95	0.00862461	1
19	96	0.00410167	1
19	97	0.0101537	0
19	98	-0.0297856	0
19	99	-0.024237	0
20	0	0.0110279	1
20	1	-0.0117897	0
20	2	0.0148769	1
20	3	-0.0031397	0
20	4	-0.00225263	1
20	5	0.0213317	1
20	6	0.00111744	1
20	7	-0.00406399	0
20	8	0.0124964	1
20	9	0.00598383	0
20	10	-0.00244273	0
20	11	-0.0135231	0
20	12	0.0118718	0
20	13	-0.00624382	1
20	14	0.0153842	1
20	15	-0.00602748	0
20	16	-0.0210587	1
20	17	0.00337579	1
20	18	0.0110012	1
20	19	-0.0075559	1
20	20	-0.00242033	0
20	21	-0.00128864	0
20	22	0.00786613	0
20	23	0.000594675	0
20	24	-0.0040956	1
20	25	-0.00416968	1
20	26	-0.00731408	1
20	27	0.0156268	0
20	28	-0.0102144	0
20	29	-0.0121929	1
20	30	-0.00401601	0
20	31	0.00208107	1
20	32	0.0141304	0
20	33	-0.00184419	0
20	34	0.00106925	1
20	35	-0.000372852	1
20	36	-0.00552872	0
20	37	-0.0127084	1
20	38	-0.0299578	0
20	39	-0.00119202	1
20	40	-0.0112593	1
20	41	-0.0199645	1
20	42	0.0135096	0
20	43	-0.00176302	0
20	44	0.0145932	1
20	45	0.00953408	1
20	46	-0.0027581	0
20	47	0.0342005	1
20	48	-0.0109549	0
20	49	-0.00773728	0
20	50	-0.000402395	0
20	51	-0.0140515	1
20	52	0.00264006	0
20	53	-0.00911434	0
20	54	0.00833087	1
20	55	0.0164216	0
20	56	-0.0145972	0
20	57	-0.00486992	0
20	58	0.00208273	0
20	59	-0.0177472	0
20	60	-0.00357473	1
20	61	0.0100005	1
20	62	-0.0057441	0
20	63	0.00578794	0
20	64	0.0086089	1
20	65	-0.00504209	1
20	66	-0.00826061	0
20	67	-0.0220579	0
20	68	-0.0048256	1
20	69	-0.013824	1
20	70	0.0236772	1
20	71	-0.0133292	0
20	72	-0.00263009	1
20	73	-0.0139509	1
20	74	-0.00607869	0
20	75	-0.000479648	1
20	76	-0.0123891	0
20	77	-0.0135145	1
20	78	-0.0125073	1
20	79	-0.00808292	1
20	80	0.0158605	0
20	81	0.00166592	1
20	82	-0.000516907	0
20	83	-0.00145534	1
20	84	0.00612352	1
20	85	0.028416	1
20	86	-0.00805017	1
20	87	0.0114032	1
20	88	0.0274476	0
20	89	0.00186265	1
20	90	-0.0157164	0
20	91	0.0176349	1
20	92	-0.00699653	1
20	93	0.0138085	1
20	94	0.0194309	1
20	95	0.0202779	0
20	96	-0.000596128	0
20	97	0.0187604	0
20	98	-0.00643076	1
20	99	-0.00522849	0
21	0	0.004747	0
21	1	0.0300133	0
21	2	-0.0264609	0
21	3	0.00773174	0
21	4	0.0172637	1
21	5	0.0072925	0
21	6	-0.0144972	0
21	7	-0.00681352	1
21	8	0.0148139	0
21	9	-0.000478785	1
21	10	-0.0124345	0
21	11	0.00343087	0
21	12	0.0153994	1
21	13	-0.00389048	0
21	14	-0.00205891	1
21	15	-0.0118144	0
21	16	-0.0233789	0
21	17	-0.00222994	1
21	18	0.0252948	1
21	19	-0.000541275	0
21	20	-0.0170648	1
21	21	-0.00237309	1
21	22	0.00648074	1
21	23	-0.0226769	0
21	24	-0.00372577	1
21	25	-0.0100059	0
21	26	-0.00187009	1
21	27	-0.00374631	0
21	28	0.0307966	0
21	29	0.00554764	1
21	30	-0.00874155	1
21	31	0.010109	1
21	32	-0.00550889	1
21	33	0.0129176	1
21	34	-0.0120642	0
21	35	-7.15971e-05	1
21	36	0.000955555	1
21	37	-0.00823457	0
21	38	0.0102165	1
21	39	-0.00562872	0
21	40	0.00234894	1
21	41	-0.0125678	0
21	42	-0.00771266	0
21	43	-0.00902533	0
21	44	0.0410449	1
21	45	-0.000973492	1
21	46	-0.0228289	0
21	47	0.0106482	1
21	48	0.0117859	1
21	49	0.00271985	1
21	50	0.0120817	0
21	51	-0.000543485	0
21	52	0.0191786	0
21	53	-0.0300332	0
21	54	-0.00968208	1
21	55	-0.00728638	1
21	56	0.00790635	1
21	57	-0.0167092	0
21	58	-0.00748871	0
21	59	-0.00605347	0
21	60	-0.0178279	0
21	61	0.0109326	0
21	62	0.0175288	0
21	63	-0.0255373	0
21	64	-0.0226082	0
21	65	-0.00578602	0
21	66	-0.0100307	1
21	67	-0.00620119	1
21	68	-0.00387425	1
21	69	-7.13974e-05	0
21	70	0.00604727	1
21	71	0.0330518	0
21	72	0.00314409	1
21	73	-0.0195804	1
21	74	-0.00724698	1
21	75	0.0122967	1
21	76	0.00224083	0
21	77	0.0128793	1
21	78	-0.00111052	1
21	79	0.00236984	0
21	80	0.0226709	0
21	81	0.0211006	0
21	82	0.0183464	1
21	83	0.00512144	0
21	84	0.0153824	1
21	85	0.00856171	1
21	86	0.00131006	0
21	87	-0.00873008	1
21	88	-0.00804	1
21	89	-0.0152486	1
21	90	0.0181862	0
21	91	-0.0224545	0
21	92	-0.0240255	0
21	93	0.00616005	1
21	94	-0.0076256	1
21	95	0.00142104	1
21	96	0.00345723	0
21	97	-0.00866188	0
21	98	0.0156104	0
21	99	0.00333203	1
22	0	0.00571411	1
22	1	-0.00365553	0
22	2	0.00156399	1
22	3	0.0090245	1
22	4	-0.0240898	0
22	5	-0.00381928	0
22	6	-0.00934281	0
22	7	-0.00157394	1
22	8	0.0104418	0
22	9	-0.029931	1
22	10	-0.0140408	1
22	11	0.00200989	1
22	12	0.0243441	1
22	13	-0.00348684	0
22	14	0.00815659	0
22	15	-0.00542335	0
22	16	0.0154251	1
22	17	-0.00360367	0
22	18	-0.0191031	0
22	19	-0.00542562	1
22	20	0.0020816	0
22	21	0.0174166	0
22	22	-0.0104075	0
22	23	-0.00559088	1
22	24	0.0131836	0
22	25	-0.00426587	1
22	26	0.0223813	0
22	27	0.0121988	0
22	28	-0.00504445	1
22	29	-0.00749373	0
22	30	-0.0124143	0
22	31	-0.00441167	0
22	32	0.0215787	0
22	33	0.0097421	1
22	34	0.0194641	0
22	35	0.00585012	1
22	36	-0.0457812	0
22	37	-0.0118208	1
22	38	-0.00121141	0
22	39	-0.0246165	0
22	40	-0.0140121	0
22	41	-0.00373567	0
22	42	0.0108948	0
22	43	-0.00685714	0
22	44	-0.0181062	0
22	45	0.0126	0
22	46	-0.00712606	0
22	47	-0.0181902	0
22	48	0.00191877	0
22	49	0.00609373	1
22	50	0.00626814	1
22	51	-0.0154791	0
22	52	0.00776211	1
22	53	0.0026453	0
22	54	-0.0179429	0
22	55	0.0303443	1
22	56	0.0107374	1
22	57	0.00472155	1
22	58	-0.0115752	1
22	59	0.0183265	0
22	60	0.0323777	0
22	61	0.0205248	1
22	62	-0.0156008	0
22	63	-0.0143002	0
22	64	-0.0154918	0
22	65	-0.00444397	1
22	66	-0.0049782	0
22	67	-0.012108	0
22	68	-0.00628487	1
22	69	0.0483911	0
22	70	0.00318633	0
22	71	-0.0111138	1
22	72	0.0139343	1
22	73	-0.00751013	1
22	74	-0.0100659	1
22	75	-0.00549929	1
22	76	-0.0221176	0
22	77	0.0241112	0
22	78	0.000317134	0
22	79	0.0119442	0
22	80	-0.00112404	1
22	81	-0.0124816	0
22	82	0.0157907	1
22	83	-0.0149475	0
22	84	0.00388482	0
22	85	0.0140456	1
22	86	-0.00525664	0
22	87	-0.00229364	0
22	88	-0.00190379	1
22	89	-0.0133887	0
22	90	0.0163566	1
22	91	0.00157043	1
22	92	0.0243319	1
22	93	-0.0105409	1
22	94	0.00684658	1
22	95	-0.0010877	0
22	96	0.0188707	1
22	97	-0.000550719	1
22	98	7.49438e-05	1
22	99	-0.00678021	0
23	0	0.00651522	1
23	1	-0.0133289	0
23	2	-0.00996678	1
23	3	0.00363698	0
23	4	-0.0215635	0
23	5	0.0230584	0
23	6	-0.0314156	1
23	7	-0.00467552	1
23	8	-0.00732555	0
23	9	-0.00699607	1
23	10	-0.00667405	1
23	11	-0.00944408	0
23	12	-0.00990494	0
23	13	-0.00946314	0
23	14	-0.0102075	0
23	15	0.0211842	1
23	16	-0.0054387	1
23	17	-0.000143399	0
23	18	-0.00916422	0
23	19	-0.00793548	1
23	20	0.00682025	1
23	21	0.00953516	1
23	22	0.0215495	0
23	23	0.00540632	0
23	24	0.0128984	1
23	25	-0.0141662	0
23	26	-0.0183864	0
23	27	0.0208125	0
23	28	-0.0173557	0
23	29	-0.000112176	1
23	30	0.00809798	1
23	31	-0.0118443	0
23	32	-0.0131041	0
23	33	0.0311183	1
23	34	0.00840787	0
23	35	0.00580342	0
23	36	-0.00466644	1
23	37	-0.000567729	1
23	38	-0.00864169	1
23	39	-0.00146139	1
23	40	-0.00334736	1
23	41	-0.0118795	1
23	42	0.00177415	1
23	43	0.0131828	0
23	44	0.00519221	0
23	45	-0.0356316	0
23	46	-0.00513532	1
23	47	0.00463985	1
23	48	-0.0196543	0
23	49	-0.00501048	1
23	50	0.0142824	1
23	51	-0.00401617	1
23	52	-0.00405102	0
23	53	-0.00979369	1
23	54	-0.0121679	0
23	55	-0.00923326	0
23	56	-0.0228284	1
23	57	0.0115524	1
23	58	-0.0149873	0
23	59	-0.00516851	0
23	60	-0.0300744	0
23	61	-0.00565531	1
23	62	0.00592127	0
23	63	0.00426855	0
23	64	-0.0055508	0
23	65	-0.0168866	1
23	66	0.00940166	1
23	67	0.02499	1
23	68	0.00505374	1
23	69	0.00257332	1
23	70	0.00189568	1
23	71	0.00262325	1
23	72	0.00619611	0
23	73	0.0259916	0
23	74	0.0117059	0
23	75	0.0120438	0
23	76	-0.00283764	0
23	77	0.00922781	0
23	78	0.016398	1
23	79	-0.0117897	0
23	80	-0.0109822	0
23	81	0.0179369	0
23	82	0.00436956	1
23	83	0.00155139	0
23	84	0.00633409	1
23	85	0.0112133	0
23	86	0.0166953	0
23	87	-0.00428976	0
23	88	-0.0240785	0
23	89	0.000157534	0
23	90	-0.00140126	0
23	91	0.00523259	1
23	92	0.0156492	0
23	93	0.0061408	1
23	94	-0.00427864	0
23	95	0.0167282	1
23	96	0.0195784	0
23	97	0.019418	0
23	98	0.0272519	0
23	99	-0.007333	0
24	0	0.00931015	0
24	1	0.00441982	1
24	2	0.00617065	1
24	3	5.63629e-05	0
24	4	-0.0117969	1
24	5	-0.0150895	1
24	6	0.00305688	1
24	7	0.00775331	0
24	8	0.0146539	0
24	9	-0.0138954	0
24	10	0.000914629	0
24	11	0.00171843	0
24	12	0.0100597	0
24	13	0.00549749	0
24	14	-0.0172746	0
24	15	-0.0201769	0
24	16	-0.00325754	0
24	17	0.00147079	1
24	18	-0.00249738	1
24	19	0.00281725	1
24	20	0.0105211	0
24	21	-0.0200192	0
24	22	-0.0170433	0
24	23	-0.0175837	0
24	24	-0.00126215	0
24	25	0.0136163	0
24	26	0.00677819	0
24	27	-0.0246433	0
24	28	-0.00134567	1
24	29	-0.0230435	1
24	30	-0.000821591	1
24	31	0.0211865	1
24	32	0.00110773	1
24	33	0.0138732	0
24	34	0.0135022	1
24	35	0.0153508	0
24	36	0.000715971	0
24	37	0.00857834	1
24	38	-0.00621691	0
24	39	0.015994	0
24	40	0.000650347	0
24	41	0.00586667	1
24	42	0.00203085	0
24	43	-0.018386	1
24	44	0.0113818	0
24	45	-0.00175962	0
24	46	0.0391323	1
24	47	0.030926	1
24	48	-0.0085069	1
24	49	0.00693412	1
24	50	0.0101229	1
24	51	0.00985017	1
24	52	-0.0132625	1
24	53	-0.0214014	0
24	54	0.00308177	0
24	55	0.00572421	0
24	56	0.0054348	1
24	57	-0.00858455	1
24	58	-0.00231481	0
24	59	0.00706096	1
24	60	-0.0179156	1
24	61	-0.0259563	0
24	62	0.00229336	0
24	63	-0.0133412	0
24	64	-0.00702032	0
24	65	-0.0312691	0
24	66	-0.00545912	1
24	67	-0.0120858	1
24	68	0.0111468	0
24	69	0.00917949	0
24	70	-0.0173967	1
24	71	0.00316997	1
24	72	0.0230385	1
24	73	-0.00276031	0
24	74	0.000980738	1
24	75	0.00831198	0
24	76	0.00945183	0
24	77	-0.00446757	0
24	78	0.00267687	0
24	79	0.00193816	1
24	80	-0.00132055	0
24	81	0.0215768	1
24	82	-0.0100774	1
24	83	0.00263103	0
24	84	-0.00996879	1
24	85	0.00401689	1
24	86	-0.00883018	0
24	87	0.015775	1
24	88	-0.00351174	1
24	89	-0.00909	1
24	90	-0.00483534	1
24	91	0.00355486	0
24	92	0.0259854	1
24	93	-0.00848644	0
24	94	0.00395776	1
24	95	-0.00226936	1
24	96	0.00937429	0
24	97	-0.00800607	1
24	98	-0.0106611	1
24	99	-0.00146799	0
25	0	-0.00351108	0
25	1	0.0326965	1
25	2	-0.000412592	1
25	3	-0.00849574	1
25	4	-0.00466044	0
25	5	0.0231295	0
25	6	0.00474694	1
25	7	0.0089628	0
25	8	-0.0143978	1
25	9	0.0097165	0
25	10	-0.00949337	1
25	11	-0.015069	1
25	12	-0.0146122	1
25	13	0.0185505	0
25	14	-0.0132061	0
25	15	0.00882463	0
25	16	-0.00735972	1
25	17	0.00471601	0
25	18	-0.00294366	1
25	19	0.00270588	1
25	20	0.00869553	0
25	21	0.00741176	0
25	22	0.0220331	0
25	23	-0.00735796	1
25	24	-0.0071296	0
25	25	-0.00460131	0
25	26	0.00546486	1
25	27	-0.00892357	0
25	28	-0.00125408	0
25	29	0.0153598	1
25	30	-0.00941101	1
25	31	0.00872952	0
25	32	0.00396006	0
25	33	0.000363533	1
25	34	0.0117013	1
25	35	-0.0161182	1
25	36	-0.00926701	1
25	37	-0.00175115	1
25	38	0.0196653	0
25	39	0.0127826	1
25	40	0.00957343	1
25	41	-0.0104173	0
25	42	-0.00797316	1
25	43	0.0256475	0
25	44	-0.013385	1
25	45	-0.00613202	0
25	46	0.00277484	1
25	47	0.0121394	1
25	48	-0.00423078	1
25	49	0.0010664	1
25	50	0.00319943	1
25	51	0.0253803	1
25	52	0.0198046	0
25	53	-0.0105318	0
25	54	-0.0149147	0
25	55	-0.0281074	1
25	56	-0.00581088	0
25	57	0.00871422	1
25	58	-0.00405167	0
25	59	0.00445131	1
25	60	0.00990659	0
25	61	0.00102815	0
25	62	0.000773108	1
25	63	-0.00881273	0
25	64	0.00424217	1
25	65	-0.00824962	0
25	66	-0.00133229	0
25	67	-0.0203622	1
25	68	-0.0245858	0
25	69	0.00533383	1
25	70	-0.00222067	0
25	71	-0.00709621	0
25	72	0.0207395	1
25	73	-1.99047e-05	0
25	74	-0.016012	1
25	75	-0.00352883	1
25	76	0.00876404	0
25	77	-0.000222662	0
25	78	-0.00214384	0
25	79	-0.00786102	1
25	80	0.00110133	1
25	81	0.0333192	0
25	82	0.00470656	1
25	83	-0.0161432	1
25	84	0.0127262	1
25	85	-0.00134936	1
25	86	-0.00867755	1
25	87	0.0151723	0
25	88	0.0246187	1
25	89	-0.012586	0
25	90	0.0141663	1
25	91	0.00171647	0
25	92	0.00112863	1
25	93	-0.00875654	1
25	94	-0.0201536	0
25	95	-0.00130492	1
25	96	-0.0397681	0
25	97	-0.0215145	1
25	98	-0.0141516	0
25	99	0.00997242	0
26	0	-0.00599282	1
26	1	0.0135633	1
26	2	-0.0105769	0
26	3	0.000609541	0
26	4	0.00156322	1
26	5	0.0278277	0
26	6	-0.00485256	0
26	7	-0.00294157	1
26	8	0.0125931	0
26	9	0.0142882	1
26	10	0.0304603	0
26	11	-0.0122668	1
26	12	0.00714619	1
26	13	-0.0248437	1
26	14	0.00892871	1
26	15	0.0121527	1
26	16	0.00996551	0
26	17	-0.00525333	0
26	18	-0.00584879	0
26	19	-0.0184604	0
26	20	-0.0191839	0
26	21	0.0300036	0
26	22	0.000315489	0
26	23	-0.0081265	0
26	24	4.55939e-06	1
26	25	-0.0160609	1
26	26	0.0177471	1
26	27	-0.00305591	0
26	28	-0.00870628	1
26	29	0.00152677	0
26	30	-0.00753999	1
26	31	0.00241141	0
26	32	0.00873438	0
26	33	0.0116753	1
26	34	0.00417053	0
26	35	0.02876	0
26	36	-0.00386371	0
26	37	0.0015391	1
26	38	-0.0380014	1
26	39	-0.00905792	1
26	40	-0.006869	1
26	41	-0.00521183	0
26	42	-0.0132006	0
26	43	0.00327871	0
26	44	0.00372084	0
26	45	0.0133072	0
26	46	0.0209841	0
26	47	0.00582812	1
26	48	0.00205512	1
26	49	-0.00788446	0
26	50	0.00525134	1
26	51	-0.000416457	0
26	52	0.0164136	0
26	53	-0.000940423	1
26	54	-0.0135555	1
26	55	-0.0200347	1
26	56	-0.00440812	1
26	57	8.77631e-05	0
26	58	-0.0300494	1
26	59	-0.0235344	0
26	60	0.00334808	0
26	61	-0.0166359	1
26	62	0.0223533	0
26	63	0.0308848	0
26	64	-0.00971646	0
26	65	-0.00378332	0
26	66	0.0018263	1
26	67	-0.00847179	1
26	68	-0.015366	0
26	69	0.00835499	0
26	70	0.00310221	1
26	71	0.0113518	0
26	72	-0.0108274	0
26	73	-0.000734808	0
26	74	-0.0130358	1
26	75	0.0133378	0
26	76	0.0238065	0
26	77	0.00381947	0
26	78	-0.00750497	1
26	79	-0.0071135	0
26	80	0.00970368	0
26	81	-0.0250396	1
26	82	-0.0235624	0
26	83	0.00576221	1
26	84	0.00718507	0
26	85	0.0235908	1
26	86	-0.00106433	0
26	87	-0.00722955	0
26	88	0.021139	1
26	89	0.00421385	0
26	90	-0.00370363	1
26	91	0.00202618	1
26	92	0.0152538	0
26	93	0.0126521	1
26	94	-0.000887569	1
26	95	-0.0257181	1
26	96	-0.0016976	0
26	97	-0.0288127	1
26	98	0.0055687	0
26	99	-0.00455043	0
27	0	0.0126177	0
27	1	0.00319774	0
27	2	-0.0221556	1
27	3	-0.00212914	1
27	4	-0.00299705	0
27	5	-0.00871403	1
27	6	0.00270653	1
27	7	-0.00389823	1
27	8	0.00891458	1
27	9	-0.00566713	0
27	10	-0.0100615	1
27	11	0.00485458	1
27	12	0.00741513	1
27	13	0.00157116	0
27	14	0.0114711	1
27	15	0.0123322	1
27	16	0.00152615	1
27	17	0.0246628	1
27	18	-0.000905104	0
27	19	-0.00592455	0
27	20	-0.00857491	1
27	21	-0.000339484	1
27	22	-0.00312581	1
27	23	0.000985877	0
27	24	-0.00590762	1
27	25	0.00145297	0
27	26	-0.000334562	0
27	27	-0.018134	1
27	28	0.00614315	0
27	29	-0.0183913	1
27	30	0.00831924	0
27	31	0.0063425	0
27	32	0.0146228	0
27	33	-0.0107183	1
27	34	-0.0191842	0
27	35	-0.0136815	0
27	36	-0.0268718	1
27	37	0.0273943	0
27	38	0.00195539	1
27	39	0.0387814	1
27	40	0.0185521	0
27	41	-0.0119021	1
27	42	-0.00557812	0
27	43	-0.010011	1
27	44	0.00563492	0
27	45	-0.0113195	1
27	46	0.00262533	0
27	47	-0.00240438	1
27	48	0.00612815	1
27	49	0.00569034	1
27	50	-0.0233757	1
27	51	-0.0034351	1
27	52	0.0322514	1
27	53	-0.00798072	1
27	54	0.00804901	1
27	55	0.00484388	0
27	56	0.0185211	0
27	57	0.0119483	1
27	58	0.00295716	0
27	59	-0.0112073	1
27	60	-0.0176349	0
27	61	-0.017315	0
27	62	0.0248401	0
27	63	-0.000329576	0
27	64	-0.00458723	1
27	65	0.00104597	1
27	66	-0.00557424	0
27	67	-0.0139705	1
27	68	-0.00987089	0
27	69	-0.00157972	0
27	70	-0.00519519	0
27	71	-0.00289966	0
27	72	-0.0099734	0
27	73	0.00264725	0
27	74	0.0255998	1
27	75	-0.025246	1
27	76	-0.0165545	0
27	77	0.0258487	0
27	78	0.00914044	0
27	79	0.00283241	0
27	80	0.00767673	1
27	81	-0.0286708	1
27	82	0.0235389	1
27	83	-0.0158935	1
27	84	-0.00552747	0
27	85	0.000297217	1
27	86	0.00980666	1
27	87	0.00477592	0
27	88	-0.0031166	1
27	89	0.00171592	1
27	90	0.00718905	1
27	91	0.00554713	1
27	92	-0.0177416	1
27	93	-0.0121067	1
27	94	-0.00991354	1
27	95	0.00715859	0
27	96	-0.00723961	0
27	97	0.0288408	1
27	98	0.00317434	0
27	99	-0.000274485	1
28	0	0.00335983	0
28	1	-0.0163833	0
28	2	0.00781328	1
28	3	0.00242754	0
28	4	-0.00297585	1
28	5	-0.00813413	1
28	6	0.0134057	1
28	7	-0.0149911	1
28	8	-0.000166268	1
28	9	-0.0119639	0
28	10	-0.0105042	1
28	11	-0.00499609	0
28	12	0.000898414	0
28	13	0.00688312	0
28	14	-0.00746487	0
28	15	-0.000932981	1
28	16	0.00155471	0
28	17	0.0169709	0
28	18	0.00141377	1
28	19	0.0275274	0
28	20	0.0259673	0
28	21	0.0113352	1
28	22	0.0276126	1
28	23	0.0192724	1
28	24	0.0158806	0
28	25	-0.0191101	0
28	26	0.00898917	0
28	27	0.00157617	1
28	28	0.00416671	0
28	29	-0.0241488	1
28	30	0.007454	1
28	31	0.00909204	1
28	32	0.00620132	0
28	33	-0.000395201	0
28	34	-0.0114733	0
28	35	0.0186886	0
28	36	-0.00501294	0
28	37	-0.00899989	1
28	38	-0.019553	1
28	39	0.0120487	1
28	40	0.0168676	1
28	41	-0.00422069	1
28	42	0.00302652	0
28	43	-0.00414304	1
28	44	-0.0096709	0
28	45	-0.0146236	0
28	46	-0.000657448	0
28	47	0.00235457	0
28	48	0.00580702	1
28	49	-0.015785	0
28	50	-0.00481147	0
28	51	-0.00490603	0
28	52	0.00491188	0
28	53	0.0132469	0
28	54	-0.01499	1
28	55	0.000587099	0
28	56	0.0169428	0
28	57	0.0103879	0
28	58	-0.0235382	0
28	59	-0.00724591	0
28	60	-0.00390824	1
28	61	-0.0145681	1
28	62	-0.0514985	0
28	63	-0.00231895	0
28	64	-0.0228433	0
28	65	0.00503093	1
28	66	0.00297176	1
28	67	-0.0119763	1
28	68	0.0170441	1
28	69	0.0173753	1
28	70	-0.0153024	1
28	71	-0.000820879	0
28	72	0.010528	0
28	73	0.0234112	0
28	74	-0.00908885	0
28	75	0.00196137	0
28	76	0.00295472	0
28	77	0.00461857	1
28	78	0.00350992	1
28	79	-0.0340996	1
28	80	-0.0231673	0
28	81	0.00673811	1
28	82	-0.00116891	1
28	83	-0.00837665	1
28	84	0.0271644	0
28	85	-0.0168549	1
28	86	-0.000574191	1
28	87	-0.0114053	0
28	88	0.00623457	0
28	89	0.0156534	0
28	90	-0.00840718	0
28	91	-0.00855097	1
28	92	0.00283675	0
28	93	0.0138793	0
28	94	0.00458831	1
28	95	-0.00307617	1
28	96	0.0262306	0
28	97	0.00198261	1
28	98	-0.00129334	1
28	99	0.00171232	0
29	0	-0.00422936	1
29	1	-0.00264578	1
29	2	-0.00760493	0
29	3	0.0142824	0
29	4	-0.0231098	0
29	5	0.0234518	0
29	6	0.00556712	0
29	7	-0.00853249	0
29	8	0.0103897	0
29	9	-0.00384793	1
29	10	-0.00645057	0
29	11	-0.0229658	1
29	12	0.000376575	0
29	13	-0.00746469	0
29	14	0.00636964	0
29	15	-0.00179225	1
29	16	0.0175715	0
29	17	0.0175723	0
29	18	-0.0119611	0
29	19	0.014567	0
29	20	0.00210521	0
29	21	0.0124033	1
29	22	0.0249099	1
29	23	0.00903647	0
29	24	-0.000761215	0
29	25	0.00473797	1
29	26	-0.0181017	1
29	27	-0.0190266	0
29	28	0.00385006	0
29	29	0.00562969	0
29	30	0.000692091	0
29	31	-0.00949713	1
29	32	0.00542747	0
29	33	-6.03536e-05	0
29	34	0.00648331	1
29	35	-0.00494111	1
29	36	-0.0038374	0
29	37	0.00862169	1
29	38	-0.000720274	1
29	39	0.00691458	0
29	40	-0.0189134	0
29	41	0.0106625	0
29	42	-0.0108066	0
29	43	0.000538442	1
29	44	-0.0231961	1
29	45	0.0150205	1
29	46	-0.0023311	0
29	47	0.0105722	1
29	48	-0.0142394	0
29	49	0.00127549	1
29	50	0.0279146	1
29	51	0.00439059	1
29	52	0.0148357	1
29	53	-0.0215824	1
29	54	-0.00596577	0
29	55	0.000771502	1
29	56	0.00559522	0
29	57	0.0195999	0
29	58	0.000412121	0
29	59	-0.00254895	1
29	60	-0.0128886	1
29	61	0.00034697	1
29	62	-0.00151906	1
29	63	-0.00417999	0
29	64	-0.0305616	0
29	65	0.0064649	0
29	66	-0.00853922	0
29	67	-0.00596363	0
29	68	-0.00150878	1
29	69	0.00365679	0
29	70	0.00764593	1
29	71	-0.00235195	0
29	72	-0.00629836	1
29	73	0.0251256	0
29	74	0.00780608	0
29	75	-0.00893998	0
29	76	-0.0378471	0
29	77	-0.0225193	0
29	78	0.00983785	1
29	79	0.0209404	0
29	80	-0.000790171	1
29	81	-0.0266725	0
29	82	0.0127179	1
29	83	-0.000714753	0
29	84	0.00995287	1
29	85	0.02265	0
29	86	-0.0129934	0
29	87	0.000990401	1
29	88	0.00420997	0
29	89	0.00218119	0
29	90	0.0237812	0
29	91	-0.00195363	1
29	92	0.00100072	1
29	93	0.00154173	0
29	94	-0.00460534	1
29	95	-0.000721074	1
29	96	0.00400312	0
29	97	-0.00858922	1
29	98	-0.029012	0
29	99	0.00890192	1
30	0	0.0291187	0
30	1	0.00745821	1
30	2	0.0189969	0
30	3	-0.00789025	0
30	4	0.00627831	0
30	5	0.0187862	1
30	6	-0.00335447	0
30	7	-0.0234111	0
30	8	0.0136005	0
30	9	-0.00268217	1
30	10	-0.0142305	1
30	11	0.00664879	1
30	12	-0.0212219	1
30	13	-0.00968155	0
30	14	-0.0365236	1
30	15	0.0050802	1
30	16	6.58687e-05	0
30	17	-0.00407051	0
30	18	-0.0118651	1
30	19	-0.00147158	1
30	20	-0.00698604	0
30	21	-0.0227125	1
30	22	0.0174168	0
30	23	0.00465537	1
30	24	-0.0213342	1
30	25	-0.00686775	1
30	26	0.00517397	1
30	27	-0.00665309	0
30	28	0.0237473	1
30	29	0.00263	0
30	30	0.0265136	0
30	31	-0.00363514	1
30	32	0.0119001	0
30	33	-0.00547549	0
30	34	0.0087331	1
30	35	-0.0331621	0
30	36	-0.0075231	1
30	37	-0.0056051	1
30	38	0.0163323	0
30	39	-0.0129607	0
30	40	-0.0109693	0
30	41	0.0156288	0
30	42	-0.021898	0
30	43	0.0173082	0
30	44	0.00723363	0
30	45	-0.006118	0
30	46	-0.0177765	0
30	47	0.0184841	1
30	48	-0.0284892	0
30	49	0.0351982	1
30	50	-0.00103544	1
30	51	-0.0366032	0
30	52	0.0150199	1
30	53	-0.008812	1
30	54	0.00483386	1
30	55	-0.00396838	1
30	56	0.00479232	0
30	57	0.00673582	0
30	58	-0.00823706	1
30	59	-0.00828206	0
30	60	0.000935203	0
30	61	0.00734596	1
30	62	-0.0112395	0
30	63	0.00925648	0
30	64	-0.00706223	1
30	65	0.022501	0
30	66	-0.00624459	0
30	67	-0.027837	1
30	68	-0.00909537	1
30	69	0.00204338	1
30	70	0.00424179	0
30	71	0.0088061	1
30	72	-0.00168915	1
30	73	0.00544975	1
30	74	0.00738879	0
30	75	0.0120762	0
30	76	-0.00643148	1
30	77	-0.0199952	1
30	78	0.00287616	0
30	79	0.0215369	0
30	80	-0.00511104	0
30	81	0.0382201	0
30	82	0.00465078	1
30	83	0.0133103	0
30	84	0.0118839	0
30	85	-0.0133288	1
30	86	-0.0294806	0
30	87	0.00730158	1
30	88	-0.00292653	1
30	89	0.0199843	0
30	90	-0.0125975	0
30	91	-0.00622167	1
30	92	0.00309885	0
30	93	0.00034152	0
30	94	-0.023886	0
30	95	0.00590464	1
30	96	0.00372544	0
30	97	0.00651429	0
30	98	0.0235606	0
30	99	0.0133286	0
31	0	0.00974018	0
31	1	0.021374	0
31	2	0.0229648	1
31	3	-0.0332693	1
31	4	0.0351029	1
31	5	0.00319488	0
31	6	0.0127584	0
31	7	-0.00988057	0
31	8	-0.00723954	1
31	9	-0.00295192	1
31	10	-0.000919547	1
31	11	-0.0112707	1
31	12	-0.0125523	0
31	13	0.0166095	1
31	14	0.0265466	0
31	15	-0.0283353	0
31	16	0.00671392	0
31	17	0.0183718	1
31	18	-0.00577881	0
31	19	-0.0189348	1
31	20	-0.00331813	1
31	21	-0.00308575	0
31	22	-0.013496	0
31	23	-0.0153906	1
31	24	-0.0177146	1
31	25	0.0223906	0
31	26	-0.00694544	1
31	27	-0.00734704	1
31	28	-0.00217346	1
31	29	-0.0017799	0
31	30	-0.00308219	1
31	31	0.00875193	0
31	32	-0.0222216	1
31	33	-0.0164958	0
31	34	0.00688786	1
31	35	-0.0040793	0
31	36	-0.027823	0
31	37	-0.00326153	0
31	38	0.00244761	0
31	39	0.0126576	0
31	40	-0.00300395	1
31	41	-0.0163278	1
31	42	0.0061436	0
31	43	-0.0125317	1
31	44	-0.00376147	1
31	45	-0.000109624	1
31	46	-0.00570578	0
31	47	0.0111576	1
31	48	0.00251184	1
31	49	-4.75729e-05	0
31	50	0.00987663	1
31	51	-0.0090053	0
31	52	-0.0153562	1
31	53	0.0102392	1
31	54	-0.00722107	0
31	55	-0.0173137	0
31	56	-0.0152936	0
31	57	0.00782185	0
31	58	-0.0144325	1
31	59	-0.0121194	1
31	60	0.0110614	0
31	61	0.00774946	1
31	62	0.02046	0
31	63	0.00254029	0
31	64	0.00159129	0
31	65	0.0276429	0
31	66	0.0136249	0
31	67	0.0139956	1
31	68	-0.0266029	1
31	69	-0.0134598	1
31	70	0.0168618	1
31	71	-0.0185351	0
31	72	-0.0089411	0
31	73	-0.0187416	0
31	74	0.0330126	0
31	75	-0.00607578	1
31	76	0.0140597	1
31	77	-0.00404601	0
31	78	-0.00301932	1
31	79	0.00240497	1
31	80	-0.00859782	0
31	81	-0.00451662	0
31	82	0.000777349	0
31	83	0.0150368	1
31	84	0.0186072	0
31	85	0.00255489	1
31	86	0.0143374	0
31	87	-0.00157264	0
31	88	0.00411942	1
31	89	-0.00315414	0
31	90	-0.0168872	0
31	91	0.020041	0
31	92	0.0121582	0
31	93	0.00623801	0
31	94	0.0151744	0
31	95	-0.0121678	1
31	96	0.00875715	1
31	97	-0.00274184	0
31	98	-0.0142725	0
31	99	0.0178392	1
32	0	0.0189576	1
32	1	-0.00876503	0
32	2	0.00596813	0
32	3	-0.0167591	1
32	4	-0.000297974	0
32	5	0.00844672	0
32	6	0.000127842	0
32	7	-0.00843996	0
32	8	-0.00103861	1
32	9	0.0178221	1
32	10	0.0019326	0
32	11	0.0106867	1
32	12	0.00881169	0
32	13	0.0112787	1
32	14	-0.000612049	0
32	15	-0.00487725	0
32	16	0.00990907	0
32	17	-0.00809201	0
32	18	-0.00901461	1
32	19	0.0116514	1
32	20	-0.0066874	0
32	21	-0.00935876	0
32	22	-0.00843402	1
32	23	0.000851131	0
32	24	-0.0220646	0
32	25	0.0180131	1
32	26	-0.010143	1
32	27	0.00510297	0
32	28	0.00821994	1
32	29	0.00799174	0
32	30	0.0184264	0
32	31	0.019659	0
32	32	-0.00242129	0
32	33	-0.0251377	0
32	34	-0.00981407	1
32	35	-0.0132049	1
32	36	0.0182415	1
32	37	0.0188753	0
32	38	0.0130433	1
32	39	-6.13462e-05	1
32	40	0.00220246	1
32	41	-0.00385219	1
32	42	0.0134623	1
32	43	-0.00923856	0
32	44	0.00580429	0
32	45	0.00476716	1
32	46	-0.00608024	0
32	47	-0.00162101	1
32	48	-0.00655539	0
32	49	-0.00318781	1
32	50	-0.027188	0
32	51	-0.0133121	1
32	52	-0.0170846	0
32	53	-0.00749554	1
32	54	0.0124464	1
32	55	-0.0189082	0
32	56	-0.0298901	0
32	57	-0.0173454	0
32	58	0.00033363	0
32	59	-0.0193012	1
32	60	-0.0178	1
32	61	0.0110016	0
32	62	0.00637392	0
32	63	-0.011438	0
32	64	0.0125067	1
32	65	-0.00418288	1
32	66	-0.000674409	0
32	67	-0.00812045	1
32	68	-0.0100975	1
32	69	0.00204795	0
32	70	0.00699728	0
32	71	0.00954704	0
32	72	0.0025432	0
32	73	-0.00802683	0
32	74	-0.00755583	1
32	75	-0.0116202	1
32	76	0.0269715	0
32	77	0.00710442	1
32	78	0.0389102	1
32	79	-0.0324634	0
32	80	0.0102725	0
32	81	-0.000553728	0
32	82	0.00149165	1
32	83	-0.00733905	0
32	84	-0.0202367	0
32	85	-0.00203965	0
32	86	1.07954e-05	0
32	87	0.015032	0
32	88	0.00940433	1
32	89	0.0025244	1
32	90	0.000352077	1
32	91	-0.00299189	0
32	92	-0.00330492	1
32	93	0.0165327	1
32	94	-0.000664049	0
32	95	-0.0149365	1
32	96	0.0146713	0
32	97	0.000705775	0
32	98	0.0248991	0
32	99	0.0173965	0
33	0	0.00382423	1
33	1	-0.0129016	0
33	2	0.0214614	1
33	3	2.47492e-05	1
33	4	0.00475268	0
33	5	0.0135916	0
33	6	-0.0230807	0
33	7	-0.0195017	1
33	8	-0.0193746	0
33	9	0.0128501	0
33	10	-0.00292172	1
33	11	-0.00154103	0
33	12	0.0174024	0
33	13	-0.00250018	0
33	14	0.00612672	0
33	15	-0.0247272	0
33	16	0.0162891	1
33	17	-0.0204754	0
33	18	-0.00711653	1
33	19	0.0174321	1
33	20	0.0257003	0
33	21	0.00360302	0
33	22	0.0307465	1
33	23	0.0247412	0
33	24	-0.0135168	0
33	25	0.00115842	0
33	26	-0.0203775	1
33	27	0.014101	0
33	28	0.015778	0
33	29	-0.00426876	1
33	30	-0.0109454	1
33	31	0.00396088	1
33	32	-0.00627948	1
33	33	0.00505654	0
33	34	0.0147737	0
33	35	-0.0228416	1
33	36	0.0364932	1
33	37	-0.00224826	1
33	38	-0.0191007	0
33	39	0.014998	0
33	40	-0.0232406	0
33	41	0.0256841	0
33	42	-0.0106486	1
33	43	0.00399056	0
33	44	0.00396449	1
33	45	-0.0106339	0
33	46	0.0115849	1
33	47	-0.000617031	1
33	48	0.0198705	1
33	49	0.00777552	1
33	50	0.0113303	0
33	51	-0.00861696	1
33	52	-0.0166145	0
33	53	0.0185031	1
33	54	0.0176915	1
33	55	-0.0162882	1
33	56	-0.00484382	0
33	57	-0.0181721	0
33	58	0.00481564	1
33	59	-0.0102975	0
33	60	0.00659834	1
33	61	-0.000880412	1
33	62	-0.00931374	0
33	63	0.00714722	1
33	64	0.0171851	1
33	65	0.0158925	1
33	66	-0.010849	0
33	67	-0.0296191	0
33	68	0.00287464	0
33	69	0.0149289	0
33	70	-0.0249307	1
33	71	-0.0222129	0
33	72	-0.0171576	1
33	73	-0.00408167	0
33	74	-0.00463312	1
33	75	-0.00637151	0
33	76	-0.0229484	1
33	77	0.00614177	0
33	78	0.0172095	1
33	79	0.0294417	1
33	80	0.00459966	0
33	81	0.0163091	0
33	82	-0.00493926	0
33	83	-0.00219474	1
33	84	0.011511	1
33	85	0.000912488	0
33	86	-0.0158009	1
33	87	0.0143433	1
33	88	-0.000652676	0
33	89	-0.00495993	1
33	90	-0.0199082	1
33	91	0.000485431	0
33	92	-0.0058486	0
33	93	-0.00196434	0
33	94	0.0147257	0
33	95	-0.0189685	0
33	96	0.00115244	0
33	97	0.0139898	0
33	98	-0.0241365	0
33	99	-0.0194611	1
34	0	0.0212233	0
34	1	0.018813	0
34	2	0.00462454	0
34	3	-0.00183697	0
34	4	-0.00798609	0
34	5	0.00639798	0
34	6	-0.00101654	0
34	7	-0.0214578	1
34	8	-0.00810553	0
34	9	-0.0108983	0
34	10	0.00821489	1
34	11	0.000181941	1
34	12	-0.00892779	0
34	13	-0.00579624	0
34	14	-0.00313033	0
34	15	0.0221556	0
34	16	0.00458224	1
34	17	-0.00577599	0
34	18	0.0102202	1
34	19	-0.00817709	0
34	20	-0.0163217	1
34	21	0.00520796	1
34	22	0.00764328	0
34	23	-0.015776	0
34	24	0.0056131	1
34	25	-0.00420945	1
34	26	0.0250481	1
34	27	-0.0130889	0
34	28	5.92849e-05	1
34	29	-0.00101374	1
34	30	0.0111576	0
34	31	1.26767e-05	1
34	32	-0.0156733	0
34	33	0.0409896	1
34	34	-0.00872431	0
34	35	0.00771883	0
34	36	0.00238409	0
34	37	0.0123758	0
34	38	-0.0120618	0
34	39	0.00194374	1
34	40	-0.0185884	1
34	41	-0.0137439	1
34	42	0.00795649	1
34	43	-0.000455013	1
34	44	0.00733086	0
34	45	-0.00575092	0
34	46	0.0320602	0
34	47	-0.00214062	0
34	48	0.00915156	0
34	49	-0.00479609	0
34	50	0.0191736	1
34	51	-0.00631958	1
34	52	0.0128391	1
34	53	0.0113575	0
34	54	-0.00668962	0
34	55	0.0114607	1
34	56	0.00419115	1
34	57	-0.0184319	0
34	58	0.00310988	1
34	59	-0.00324403	0
34	60	-0.00431547	1
34	61	-0.00248572	1
34	62	0.00237429	1
34	63	0.0105961	1
34	64	-0.00968808	0
34	65	-0.0078608	1
34	66	-0.00449905	0
34	67	0.0242859	1
34	68	-0.00522676	1
34	69	-0.00442032	0
34	70	0.00358074	1
34	71	0.0138309	0
34	72	0.015397	1
34	73	-0.00941057	1
34	74	0.0141944	1
34	75	0.00106877	0
34	76	-0.00377691	1
34	77	0.0234913	1
34	78	0.0155955	0
34	79	-0.0270773	1
34	80	-0.011336	0
34	81	-0.0215875	0
34	82	-0.0160635	1
34	83	-0.00396365	0
34	84	0.0093859	1
34	85	-0.00139364	0
34	86	-0.00170332	0
34	87	-0.0189283	0
34	88	-0.0119662	1
34	89	-0.00543761	0
34	90	0.00730751	0
34	91	-0.000114018	0
34	92	-0.0158996	1
34	93	0.00243595	1
34	94	-0.00635356	0
34	95	0.00227741	1
34	96	-0.00518006	1
34	97	-0.0310098	1
34	98	-0.00766009	1
34	99	0.00647514	1
35	0	0.00404236	0
35	1	-0.00898904	1
35	2	0.00752022	1
35	3	-0.00484082	1
35	4	1.97641e-05	1
35	5	0.0104919	0
35	6	-0.00775574	1
35	7	0.0118654	0
35	8	0.000497697	1
35	9	7.27957e-06	0
35	10	0.0153102	1
35	11	0.0188688	0
35	12	-0.00213128	0
35	13	0.0135711	0
35	14	-0.00869156	0
35	15	-0.000499414	1
35	16	0.0086357	1
35	17	0.00651981	0
35	18	0.0142145	0
35	19	0.00816062	1
35	20	0.0123736	1
35	21	0.0105865	1
35	22	-0.00560589	0
35	23	-0.00599146	0
35	24	-0.012006	1
35	25	-0.010817	1
35	26	-0.00513415	1
35	27	-0.0193566	0
35	28	0.0342448	0
35	29	-0.0356028	0
35	30	-0.00640568	1
35	31	0.0106315	0
35	32	0.011186	0
35	33	-0.0136959	1
35	34	-0.0061428	1
35	35	-0.00634995	1
35	36	-0.0179635	1
35	37	-0.0186872	1
35	38	-0.0234593	1
35	39	-0.00653225	1
35	40	-0.0248573	1
35	41	0.00422159	1
35	42	0.0105836	1
35	43	0.0211514	0
35	44	-0.00343665	1
35	45	-0.00400611	0
35	46	0.00259729	1
35	47	-0.00647358	1
35	48	-0.00375379	1
35	49	-0.00988956	0
35	50	-0.0178517	1
35	51	0.00171908	0
35	52	0.0246533	1
35	53	-0.0156926	1
35	54	0.0135814	0
35	55	0.0129053	1
35	56	0.0232358	0
35	57	0.0268185	0
35	58	0.00329073	1
35	59	0.0199802	0
35	60	-0.00673517	0
35	61	0.00380832	1
35	62	0.0156206	1
35	63	-0.00773729	0
35	64	-0.0109538	0
35	65	0.00618917	0
35	66	0.00887722	1
35	67	-0.018053	1
35	68	0.00907924	0
35	69	-0.0142804	1
35	70	-0.00573357	1
35	71	0.0232488	1
35	72	0.0171978	0
35	73	0.00162683	1
35	74	-0.00749717	0
35	75	-0.00562946	1
35	76	0.00859423	0
35	77	0.00599575	0
35	78	-0.0202465	1
35	79	0.0064469	0
35	80	-0.00188955	0
35	81	-0.0131154	1
35	82	-0.0272951	0
35	83	-0.00383486	0
35	84	-0.014284	1
35	85	-0.00528996	0
35	86	-0.00312165	1
35	87	0.0207946	1
35	88	-0.0230416	0
35	89	-0.0307669	1
35	90	-0.00248992	0
35	91	-0.00442028	0
35	92	0.00681179	1
35	93	-0.00495802	1
35	94	-0.00542858	0
35	95	0.0152473	0
35	96	-0.000538164	1
35	97	0.0129162	0
35	98	0.000723	0
35	99	0.0232966	1
36	0	-0.0028392	0
36	1	0.0254585	0
36	2	-0.00744247	0
36	3	0.0165166	1
36	4	-0.0197165	0
36	5	0.0157009	1
36	6	0.0126714	1
36	7	-0.0160828	0
36	8	-0.0102689	1
36	9	0.000611277	0
36	10	-0.00107757	0
36	11	0.00860417	0
36	12	0.0111743	1
36	13	-0.00472297	0
36	14	-0.0130261	1
36	15	0.00848834	0
36	16	-0.0079739	0
36	17	0.00963094	1
36	18	-0.00410324	0
36	19	-0.0192941	1
36	20	0.00820784	1
36	21	0.0166521	0
36	22	0.00724032	1
36	23	0.00776697	0
36	24	0.0157993	1
36	25	-0.0519125	1
36	26	-0.00370947	1
36	27	-0.00417283	0
36	28	0.0107745	0
36	29	0.00178286	0
36	30	-0.0224512	0
36	31	-0.0212646	1
36	32	-0.0234017	1
36	33	0.00937747	1
36	34	-0.00361303	0
36	35	0.00173398	1
36	36	-0.00661437	1
36	37	-0.0148568	1
36	38	0.0290791	1
36	39	-0.0222496	0
36	40	0.0172787	1
36	41	-0.0041003	1
36	42	0.00199675	0
36	43	0.00588768	0
36	44	-0.0112391	1
36	45	-0.00218155	0
36	46	-0.0071358	0
36	47	-0.00717367	1
36	48	-0.00370473	1
36	49	0.0117645	1
36	50	-0.0107801	0
36	51	-0.0151048	0
36	52	-0.0172928	1
36	53	0.00784692	0
36	54	0.0151088	0
36	55	0.0167933	1
36	56	0.00410007	1
36	57	0.00284246	0
36	58	-0.00187545	0
36	59	0.00712876	0
36	60	0.0085657	0
36	61	0.0226498	1
36	62	0.0194855	0
36	63	0.00611677	1
36	64	-0.00332999	0
36	65	0.0120355	0
36	66	-0.00790497	1
36	67	0.0163583	1
36	68	0.00692135	1
36	69	0.0106665	1
36	70	-0.0212606	0
36	71	-0.0233549	1
36	72	0.00811106	0
36	73	0.00469513	0
36	74	-0.000688343	1
36	75	-0.0130609	1
36	76	-0.00353971	0
36	77	0.0136597	1
36	78	0.0100342	1
36	79	0.0202167	0
36	80	-0.0104153	1
36	81	0.00991175	0
36	82	0.00478789	1
36	83	-0.00447527	1
36	84	-0.00617388	1
36	85	0.0145414	0
36	86	-0.0152114	1
36	87	-0.0182418	1
36	88	0.0110562	0
36	89	-0.0248166	1
36	90	0.00719532	0
36	91	-0.00446316	1
36	92	0.00215907	1
36	93	-0.00589736	0
36	94	0.0270402	1
36	95	-0.00454402	1
36	96	-0.00874291	0
36	97	0.00921091	0
36	98	-0.00690246	1
36	99	-0.00903185	0
37	0	0.0135429	0
37	1	-0.0250448	1
37	2	0.00603255	0
37	3	0.00484311	0
37	4	0.0078262	1
37	5	0.0111532	0
37	6	0.0171662	0
37	7	0.00701762	0
37	8	0.00579392	0
37	9	0.00867866	0
37	10	-0.0067055	0
37	11	0.0124878	1
37	12	-0.0196806	1
37	13	0.00399249	0
37	14	-0.000963797	1
37	15	0.00877399	0
37	16	-0.0147683	0
37	17	0.00580624	0
37	18	-0.00297993	1
37	19	0.0148147	0
37	20	0.0167869	1
37	21	8.32912e-05	0
37	22	0.0175434	0
37	23	0.0194734	1
37	24	-0.00540769	1
37	25	-0.00849006	0
37	26	-0.0139819	0
37	27	-0.0123048	0
37	28	0.010457	0
37	29	-0.0245258	0
37	30	-0.0168559	1
37	31	0.026295	0
37	32	-0.0218219	1
37	33	0.0148984	0
37	34	0.0211571	1
37	35	-0.00312144	1
37	36	0.000303413	1
37	37	-0.00181317	0
37	38	0.00215437	0
37	39	-0.00222797	1
37	40	0.0124675	1
37	41	0.00359758	0
37	42	-0.0239993	1
37	43	-0.00375532	0
37	44	-0.00346816	0
37	45	0.0112337	1
37	46	-0.013966	0
37	47	0.00978075	0
37	48	0.00342492	1
37	49	0.0190852	0
37	50	0.000401288	0
37	51	-0.015809	1
37	52	-0.0189807	0
37	53	-0.0135016	0
37	54	0.0190159	1
37	55	0.00759951	1
37	56	-0.00806493	0
37	57	-0.0170401	1
37	58	-0.00545112	1
37	59	-0.0175764	0
37	60	-0.0173793	1
37	61	-0.0134639	0
37	62	0.00468652	1
37	63	-0.00935944	1
37	64	0.0207458	1
37	65	-0.0125238	0
37	66	0.00223486	0
37	67	0.0119915	1
37	68	-0.0226308	1
37	69	0.00268783	0
37	70	0.00273822	1
37	71	0.0183446	0
37	72	-0.010958	0
37	73	0.0186084	1
37	74	0.00554408	1
37	75	0.0239746	1
37	76	0.00246949	1
37	77	-0.0288935	0
37	78	0.000346944	1
37	79	-0.0108571	0
37	80	-0.0113182	0
37	81	0.0339292	0
37	82	-0.00832003	0
37	83	-0.00642281	1
37	84	-0.00315193	0
37	85	-0.0143361	1
37	86	0.00138222	1
37	87	-0.0208739	0
37	88	0.0217784	0
37	89	-0.00473483	1
37	90	0.00449425	1
37	91	-0.00672427	1
37	92	0.0081237	0
37	93	-0.0235428	1
37	94	1.49972e-05	0
37	95	0.0148973	1
37	96	0.00750025	0
37	97	-0.00679447	0
37	98	-0.00684372	0
37	99	0.011254	0
38	0	0.0237042	1
38	1	-0.00989019	1
38	2	0.00647554	0
38	3	0.0347271	1
38	4	0.00238273	1
38	5	-0.00312416	0
38	6	0.00440066	1
38	7	0.0170699	0
38	8	-0.020032	1
38	9	0.0242461	1
38	10	-0.00361172	1
38	11	0.00194848	0
38	12	0.00817799	0
38	13	0.00582781	1
38	14	0.00148427	0
38	15	-0.0108665	1
38	16	-0.000315495	1
38	17	0.00199547	0
38	18	-0.0210513	0
38	19	0.00467484	1
38	20	0.0056769	0
38	21	-0.0130637	0
38	22	0.00611623	0
38	23	0.0136204	0
38	24	-0.0165404	0
38	25	0.0143039	0
38	26	0.000793191	1
38	27	-0.00380276	0
38	28	-0.00808809	1
38	29	-0.00107198	1
38	30	0.00979739	0
38	31	0.0108784	1
38	32	-0.00729836	1
38	33	0.0124685	0
38	34	-0.00463005	0
38	35	-0.0124415	0
38	36	-0.019538	1
38	37	-0.00525339	1
38	38	0.00999923	1
38	39	0.00299616	0
38	40	0.000755467	1
38	41	-0.00216786	1
38	42	0.00980729	1
38	43	-0.00217342	0
38	44	0.00892079	1
38	45	0.0229628	1
38	46	0.00356029	0
38	47	0.00783425	1
38	48	-0.00248032	1
38	49	0.0189451	0
38	50	-0.00562098	0
38	51	-0.00775846	0
38	52	-0.00153795	1
38	53	-0.00393419	0
38	54	0.0224994	1
38	55	-0.0203586	0
38	56	-0.0147571	0
38	57	-0.00190228	1
38	58	-0.00096224	0
38	59	-0.0347033	1
38	60	-0.00578649	0
38	61	0.00672906	1
38	62	0.00260596	1
38	63	-0.000782526	1
38	64	-0.0136497	1
38	65	0.000491907	0
38	66	-0.0155965	1
38	67	-0.0236913	0
38	68	-0.00370024	1
38	69	-0.00360216	1
38	70	0.00216274	0
38	71	0.000474352	0
38	72	0.0150784	1
38	73	0.00581602	1
38	74	-0.000519796	0
38	75	-0.0269676	0
38	76	0.0205742	1
38	77	-0.00623827	0
38	78	0.00729605	0
38	79	0.000280234	0
38	80	-0.0250862	0
38	81	0.0151084	1
38	82	0.00556612	0
38	83	-0.00537086	1
38	84	-0.00824313	1
38	85	0.00372117	0
38	86	-0.00351174	1
38	87	-0.0161234	1
38	88	0.00910543	0
38	89	0.0298781	0
38	90	-0.0230592	0
38	91	0.0112673	1
38	92	-0.0128809	1
38	93	-0.0215838	1
38	94	-0.0089053	0
38	95	-0.00789019	1
38	96	-0.0194156	1
38	97	0.0219618	0
38	98	0.0156402	1
38	99	0.0187729	1
39	0	-0.000272059	1
39	1	-0.00736561	1
39	2	-0.0186782	0
39	3	0.0132176	0
39	4	0.0187379	1
39	5	-0.0151078	0
39	6	-0.00537715	1
39	7	-0.0259032	1
39	8	0.0151351	1
39	9	0.000397603	1
39	10	-0.00143594	0
39	11	-0.010398	1
39	12	4.60874e-06	1
39	13	-0.00805685	0
39	14	-0.0170825	1
39	15	0.0145312	0
39	16	-0.0156603	1
39	17	-0.0102953	0
39	18	-0.00385539	1
39	19	0.00594128	0
39	20	0.0013647	1
39	21	0.0104303	1
39	22	-0.0128066	1
39	23	-0.0162662	1
39	24	-0.0207107	1
39	25	0.0124845	1
39	26	0.0142231	1
39	27	0.000492992	0
39	28	0.0213175	0
39	29	0.00312664	0
39	30	0.0263149	1
39	31	0.0104465	0
39	32	0.00621435	0
39	33	-0.0321145	0
39	34	0.00839245	1
39	35	-0.00297354	0
39	36	0.016035	1
39	37	-0.00309603	1
39	38	-0.00133602	0
39	39	0.0140375	0
39	40	0.00610225	1
39	41	-0.0129932	1
39	42	0.000204031	1
39	43	-0.00592127	0
39	44	0.0277747	1
39	45	-0.00368508	0
39	46	0.00777133	0
39	47	0.00126788	1
39	48	0.0212802	1
39	49	-0.00437749	0
39	50	0.00611989	0
39	51	0.00949479	0
39	52	-0.00816176	1
39	53	-0.00962039	1
39	54	-0.00371776	1
39	55	0.00959939	0
39	56	0.0234123	1
39	57	-0.0061057	0
39	58	-0.0169404	1
39	59	0.00157295	0
39	60	-0.00473739	0
39	61	-0.00468781	1
39	62	-0.000764691	0
39	63	-0.00356131	1
39	64	-0.0056346	0
39	65	-0.0127949	0
39	66	-0.0029983	0
39	67	0.00176406	1
39	68	0.00106972	1
39	69	0.00300403	1
39	70	-0.0260751	1
39	71	-0.0132325	0
39	72	0.00167609	0
39	73	0.00869259	0
39	74	0.0140044	0
39	75	0.00261244	0
39	76	-0.0167494	1
39	77	0.0201332	0
39	78	0.0141247	0
39	79	-0.00443579	1
39	80	-0.0117507	1
39	81	0.0144887	1
39	82	-0.00527762	0
39	83	0.00659771	1
39	84	0.014773	0
39	85	0.00123469	0
39	86	-0.00936025	0
39	87	0.0183642	1
39	88	0.00688178	1
39	89	0.00876298	1
39	90	-0.00765097	0
39	91	-0.0290932	1
39	92	-0.0147841	0
39	93	-0.0303207	0
39	94	0.0115646	1
39	95	-0.00751697	0
39	96	-0.0181336	0
39	97	0.0290007	1
39	98	0.0180927	0
39	99	0.00558727	0
40	0	0.00243676	1
40	1	-0.000528214	0
40	2	-0.0097828	0
40	3	0.00967292	1
40	4	0.00815849	1
40	5	0.0108188	1
40	6	-0.0154931	1
40	7	-0.0152093	1
40	8	0.0120615	0
40	9	-0.00494358	0
40	10	0.0268809	1
40	11	1.87578e-05	0
40	12	-0.0193524	1
40	13	-0.0116714	1
40	14	-0.0113629	0
40	15	-0.00269111	1
40	16	-0.0134911	0
40	17	-0.0211666	0
40	18	-0.012494	1
40	19	0.00848544	1
40	20	-0.0175098	1
40	21	-0.0250056	0
40	22	0.00134593	0
40	23	0.0287005	1
40	24	0.00805062	1
40	25	0.0114202	0
40	26	0.0190742	0
40	27	0.0223536	1
40	28	0.0202884	0
40	29	-0.00602192	1
40	30	-0.0186767	1
40	31	0.0129568	1
40	32	-0.00494593	0
40	33	-0.00989778	0
40	34	-0.00448399	1
40	35	0.0044715	1
40	36	0.0178881	1
40	37	-0.022657	0
40	38	0.00629952	1
40	39	-0.00185207	1
40	40	0.00462144	1
40	41	0.0271203	0
40	42	0.00276941	0
40	43	-0.00413058	0
40	44	-0.0140902	1
40	45	0.0167589	1
40	46	0.00605198	1
40	47	0.00425938	0
40	48	-0.0319404	0
40	49	0.0178052	0
40	50	0.010765	1
40	51	-0.00489424	1
40	52	-0.0166738	0
40	53	-0.00315263	1
40	54	0.0103076	1
40	55	-0.00695401	1
40	56	-0.0238568	1
40	57	0.0192976	1
40	58	-0.0172749	1
40	59	0.00572699	0
40	60	-0.0166955	0
40	61	0.00588826	1
40	62	-0.0272614	1
40	63	-0.00517256	1
40	64	-0.0133978	0
40	65	0.00250572	0
40	66	0.00544599	0
40	67	0.00447148	0
40	68	0.0124853	0
40	69	-0.0203011	0
40	70	-0.00265006	0
40	71	0.0208232	1
40	72	-0.0178353	1
40	73	0.00492738	0
40	74	-0.0123586	1
40	75	0.0101326	0
40	76	0.0074394	1
40	77	0.00344714	0
40	78	0.0165817	1
40	79	0.010034	1
40	80	0.00300231	0
40	81	-0.0177133	0
40	82	0.0189588	0
40	83	-0.0136758	0
40	84	0.00427291	1
40	85	0.0109902	0
40	86	-0.0100877	1
40	87	0.00527842	1
40	88	0.0292204	1
40	89	-0.00202672	0
40	90	0.0126893	1
40	91	-0.0144409	0
40	92	0.013176	0
40	93	-0.0119116	0
40	94	0.00442545	1
40	95	-0.0110556	0
40	96	-0.00428324	0
40	97	0.020545	1
40	98	-0.010083	0
40	99	-0.000452618	1
41	0	0.0150812	1
41	1	-0.0104798	1
41	2	-0.00677038	0
41	3	-0.0210008	1
41	4	-0.00095814	0
41	5	0.0219862	1
41	6	0.00687355	1
41	7	-0.00426436	0
41	8	-0.0293099	1
41	9	0.00307621	0
41	10	0.0143217	1
41	11	-0.0245399	0
41	12	0.00985622	1
41	13	0.00137422	0
41	14	-0.00544439	0
41	15	0.0104717	1
41	16	-3.22432e-05	1
41	17	-0.0194549	0
41	18	0.00848171	1
41	19	0.000849444	0
41	20	-0.00489311	1
41	21	-0.0377208	1
41	22	0.0109714	0
41	23	0.00566719	1
41	24	-0.0219143	1
41	25	0.00584943	1
41	26	-0.00807562	1
41	27	-0.0183682	0
41	28	-0.0172178	0
41	29	0.0117731	1
41	30	-0.000372979	0
41	31	0.013837	0
41	32	-0.00780329	0
41	33	0.00151309	0
41	34	0.0225438	1
41	35	0.00538034	0
41	36	-0.0072226	0
41	37	0.010521	0
41	38	0.0254834	0
41	39	-0.00505199	1
41	40	0.0223352	1
41	41	0.0135568	1
41	42	-0.00900429	1
41	43	0.011528	1
41	44	0.00185095	0
41	45	-0.0180008	0
41	46	0.00758557	0
41	47	-0.0149297	0
41	48	-0.00238347	0
41	49	-0.0133391	0
41	50	0.0038632	0
41	51	0.00828302	1
41	52	-0.00438189	1
41	53	-0.0293759	1
41	54	0.00286649	1
41	55	0.00222595	0
41	56	-0.0181852	1
41	57	-0.00301649	1
41	58	-0.0107806	0
41	59	0.0021436	1
41	60	0.00843883	0
41	61	0.00751384	0
41	62	-0.0183669	0
41	63	-0.010171	1
41	64	0.00796301	0
41	65	0.0139382	1
41	66	-0.00114028	1
41	67	-0.00803262	1
41	68	0.0177092	0
41	69	0.00560934	1
41	70	0.00139326	0
41	71	0.00770518	0
41	72	0.0156112	1
41	73	-0.000251456	0
41	74	0.0132021	0
41	75	0.00898838	1
41	76	-0.0111508	1
41	77	-0.0115412	1
41	78	0.0132464	0
41	79	-0.00734429	0
41	80	-0.00244064	0
41	81	0.0170068	1
41	82	0.00864555	1
41	83	0.023489	1
41	84	-0.00620036	1
41	85	0.0304971	0
41	86	0.00952794	0
41	87	0.00754906	0
41	88	0.00512077	0
41	89	0.0190456	0
41	90	-0.0252118	0
41	91	-0.0097494	1
41	92	-0.0193892	0
41	93	-0.013478	1
41	94	0.0028052	0
41	95	-0.0165806	1
41	96	-0.0198648	0
41	97	0.0020364	1
41	98	0.0119663	1
41	99	0.0140472	0
42	0	-0.0020858	1
42	1	-0.0067122	0
42	2	-0.00793416	0
42	3	0.00038361	1
42	4	-0.000414652	0
42	5	0.00708534	1
42	6	-0.00185373	1
42	7	-0.0124304	1
42	8	-0.00662028	0
42	9	-0.0213937	0
42	10	0.00321343	0
42	11	-0.00183272	0
42	12	0.010608	0
42	13	-0.00482807	0
42	14	-0.0201285	1
42	15	-0.0103587	1
42	16	0.0227932	1
42	17	-0.025104	1
42	18	0.0157197	0
42	19	-0.020019	0
42	20	-0.00250695	1
42	21	0.00983073	1
42	22	0.00458629	1
42	23	0.00899119	0
42	24	0.00110287	0
42	25	-0.00268433	1
42	26	0.00356974	0
42	27	-0.00643702	1
42	28	-0.0198181	0
42	29	-0.0134682	0
42	30	0.0116018	0
42	31	0.0142369	0
42	32	-0.0166844	1
42	33	-0.00983299	1
42	34	0.00188457	1
42	35	0.0201603	1
42	36	-0.00190291	1
42	37	-0.00448116	1
42	38	0.0184423	0
42	39	-0.00530898	1
42	40	0.00145753	1
42	41	0.0240075	1
42	42	-0.0101563	0
42	43	0.00982564	1
42	44	0.00670971	1
42	45	-0.00680018	1
42	46	-0.0155661	0
42	47	-0.00480677	1
42	48	0.00536051	1
42	49	-0.0279179	1
42	50	-0.00438971	1
42	51	-0.0065374	0
42	52	0.0217881	1
42	53	-0.0117149	0
42	54	-0.00285145	0
42	55	-0.0085861	0
42	56	0.00939046	1
42	57	-0.00449106	0
42	58	0.0138121	1
42	59	-0.00263893	1
42	60	-0.01457	0
42	61	-0.0103407	0
42	62	0.0172231	1
42	63	-0.00466254	1
42	64	-0.00961007	1
42	65	-0.0157709	0
42	66	0.00368648	0
42	67	-0.00751927	0
42	68	-0.00735162	1
42	69	0.0124293	0
42	70	-0.00137812	1
42	71	0.0444646	0
42	72	0.0046561	1
42	73	0.0115054	0
42	74	-0.0139019	0
42	75	-0.00336213	0
42	76	-0.00600351	1
42	77	-0.000289737	0
42	78	0.0151886	0
42	79	0.00170189	0
42	80	0.00626036	0
42	81	-0.00609267	1
42	82	0.021361	0
42	83	-0.00968417	0
42	84	0.00832689	0
42	85	-0.00860697	1
42	86	0.0193695	0
42	87	-0.00962368	1
42	88	0.0303769	0
42	89	-0.0107418	0
42	90	0.0101048	0
42	91	0.0103326	0
42	92	-0.00161341	0
42	93	-0.0182315	0
42	94	-0.0144975	0
42	95	0.0193808	0
42	96	0.00791678	1
42	97	-0.00659439	1
42	98	0.0034119	1
42	99	0.0174857	0
43	0	0.00429917	1
43	1	-0.00888693	1
43	2	-0.00387457	1
43	3	0.00997867	1
43	4	0.010524	0
43	5	-0.0294553	0
43	6	0.0286636	0
43	7	0.00389773	1
43	8	0.0021358	1
43	9	0.001291	1
43	10	0.00888948	0
43	11	0.00209292	1
43	12	-0.00883917	0
43	13	-0.00890267	1
43	14	0.0227249	1
43	15	0.00503883	0
43	16	0.00860373	0
43	17	0.00178285	0
43	18	-0.00839997	1
43	19	-0.000948637	1
43	20	-0.00251074	0
43	21	-0.0161764	1
43	22	-0.0207152	1
43	23	-0.00814122	1
43	24	0.0181265	1
43	25	0.00337631	0
43	26	0.00693774	0
43	27	-0.0044639	1
43	28	-0.0140281	0
43	29	0.00196294	0
43	30	-0.00796262	1
43	31	0.015642	1
43	32	-0.0151846	0
43	33	-0.0267856	1
43	34	-0.0177445	1
43	35	0.0229699	0
43	36	0.0344477	0
43	37	-0.0146131	1
43	38	-0.00772951	0
43	39	0.00182518	1
43	40	0.0149801	0
43	41	-0.0172051	1
43	42	-0.00703576	0
43	43	-0.00318785	0
43	44	-0.00537371	1
43	45	-0.00295069	1
43	46	0.00775642	0
43	47	-0.00759683	0
43	48	0.0193119	1
43	49	-0.026896	1
43	50	0.0123822	0
43	51	0.016593	1
43	52	-0.000680514	0
43	53	-0.0315961	1
43	54	0.00962416	1
43	55	0.000964542	1
43	56	-0.000180472	1
43	57	0.00972292	1
43	58	-0.00503857	0
43	59	-0.00533645	0
43	60	0.0219907	1
43	61	0.0367307	0
43	62	0.00162402	0
43	63	-0.00566612	1
43	64	-0.00777667	1
43	65	0.0244604	0
43	66	0.00432497	1
43	67	0.0243628	0
43	68	0.00395459	0
43	69	0.00849333	0
43	70	-0.0129198	0
43	71	-0.0217451	0
43	72	-0.00401952	1
43	73	0.00114271	0
43	74	0.0107726	0
43	75	-0.00287237	0
43	76	-0.00222899	0
43	77	-0.0234253	0
43	78	0.00811372	1
43	79	0.0204969	1
43	80	-0.00420653	0
43	81	0.00114057	0
43	82	-0.0198133	1
43	83	0.0105364	0
43	84	0.00209164	0
43	85	0.0023048	1
43	86	-0.000163149	1
43	87	-0.00061949	1
43	88	-0.00788103	0
43	89	-0.00269093	0
43	90	0.0079111	1
43	91	0.0174321	0
43	92	0.00271037	1
43	93	-0.00732819	0
43	94	-0.0172057	0
43	95	-0.0182733	1
43	96	-0.00520811	1
43	97	-0.00916623	0
43	98	-0.0231579	1
43	99	0.0176682	1
44	0	-0.00994551	0
44	1	-0.014507	1
44	2	0.00839057	0
44	3	-0.00656056	1
44	4	0.0208993	1
44	5	-0.00178427	1
44	6	0.005533	0
44	7	-0.0149405	0
44	8	-0.000986736	1
44	9	-0.0156204	1
44	10	0.0112337	1
44	11	-0.00246437	0
44	12	0.000745062	0
44	13	0.00156792	0
44	14	0.00105237	1
44	15	0.00761061	0
44	16	0.0102043	1
44	17	0.00629293	0
44	18	-0.00682449	0
44	19	0.0243954	1
44	20	0.00500773	0
44	21	-0.00258951	1
44	22	0.00635112	0
44	23	0.00410572	1
44	24	0.0143804	0
44	25	-0.00609874	0
44	26	-0.0214361	1
44	27	-0.0102328	1
44	28	-0.00327152	0
44	29	-0.00516391	0
44	30	-0.0173322	0
44	31	-0.0189937	1
44	32	0.0121589	1
44	33	0.0160902	0
44	34	-0.0146214	0
44	35	0.0237788	0
44	36	-0.0130312	0
44	37	-0.0201514	0
44	38	-0.00174915	1
44	39	0.00741859	1
44	40	-0.0188349	0
44	41	-0.0249563	1
44	42	-0.00277124	0
44	43	-0.00136475	0
44	44	0.00312257	1
44	45	-0.0273045	1
44	46	0.0207043	1
44	47	0.0197575	1
44	48	-0.00408445	0
44	49	-0.0139736	1
44	50	-0.00513172	1
44	51	0.0072374	1
44	52	-0.0144197	0
44	53	-0.00651726	1
44	54	0.0179442	0
44	55	-0.0146306	1
44	56	0.0164877	1
44	57	0.00595624	0
44	58	0.0246641	0
44	59	-0.0317806	1
44	60	0.0175265	1
44	61	-0.00967437	1
44	62	0.0146083	1
44	63	0.0230958	0
44	64	-0.012125	0
44	65	-0.0033093	0
44	66	0.00838508	0
44	67	-0.00330081	1
44	68	0.0215135	0
44	69	-0.0112391	0
44	70	0.0171923	1
44	71	0.0388318	0
44	72	0.0104186	0
44	73	0.00798918	0
44	74	-0.0149866	1
44	75	0.017609	1
44	76	-0.00866586	1
44	77	-0.000771399	1
44	78	0.0195437	0
44	79	-0.00479127	0
44	80	-0.0144602	0
44	81	-0.0249352	1
44	82	-0.015942	1
44	83	0.0123579	0
44	84	0.0021165	0
44	85	-0.0151838	0
44	86	-0.0193241	1
44	87	-0.026766	0
44	88	0.0126871	1
44	89	0.00439128	0
44	90	0.00116711	1
44	91	0.000533808	0
44	92	0.00381522	1
44	93	0.0142292	0
44	94	0.0147427	0
44	95	-0.00717362	0
44	96	0.00542681	0
44	97	-0.0071867	0
44	98	0.0150792	1
44	99	-0.0124414	1
45	0	0.0192615	0
45	1	-0.0113936	1
45	2	0.000346376	1
45	3	-0.0028977	1
45	4	-0.0109436	0
45	5	-0.00598947	0
45	6	0.00297978	1
45	7	0.0321352	1
45	8	0.00475668	1
45	9	-0.000956754	0
45	10	-0.00701204	0
45	11	-0.00156031	0
45	12	-0.0133823	1
45	13	0.00583377	1
45	14	-0.0174129	1
45	15	-3.59261e-05	1
45	16	0.0101824	1
45	17	-0.0224555	0
45	18	-0.00122802	1
45	19	-0.00297946	1
45	20	0.006383	0
45	21	0.0129195	1
45	22	0.00945763	1
45	23	0.00491203	1
45	24	0.0378625	1
45	25	-0.00640741	0
45	26	-0.00244764	0
45	27	0.00806809	0
45	28	-0.00321071	1
45	29	-0.0142241	0
45	30	0.00779929	1
45	31	-0.000681914	1
45	32	-0.00584028	1
45	33	-0.00396283	0
45	34	0.00501707	0
45	35	-0.00233549	1
45	36	0.00965636	1
45	37	-0.0292916	1
45	38	-0.00380878	1
45	39	0.0136075	0
45	40	0.00358456	1
45	41	0.0128446	0
45	42	0.0157725	1
45	43	-0.0358978	1
45	44	0.0209677	0
45	45	-0.0179221	0
45	46	0.0100037	1
45	47	-0.00461027	1
45	48	0.0273228	0
45	49	-0.0164633	1
45	50	0.000428456	0
45	51	0.0028881	0
45	52	-0.0065478	0
45	53	0.0194473	0
45	54	-0.0147728	1
45	55	-0.00772545	1
45	56	-0.00894161	0
45	57	0.00800585	0
45	58	-0.0121831	1
45	59	0.0102149	1
45	60	0.00236632	1
45	61	-0.00389186	0
45	62	0.00143352	0
45	63	0.0427031	1
45	64	0.0156042	0
45	65	-0.0129671	1
45	66	-0.020668	0
45	67	0.00206807	1
45	68	0.000737048	1
45	69	-0.00911972	1
45	70	-0.00607515	0
45	71	-0.00767977	1
45	72	-0.00184737	1
45	73	0.0111598	0
45	74	-0.0111746	1
45	75	-0.020211	1
45	76	0.00462774	0
45	77	0.00772059	1
45	78	0.00163608	1
45	79	0.000698587	0
45	80	-0.000227331	0
45	81	0.0225732	1
45	82	0.0129925	0
45	83	0.00471651	1
45	84	0.0102291	0
45	85	-0.0278641	0
45	86	-0.0236299	1
45	87	0.000719126	0
45	88	-0.0143929	1
45	89	-0.00913013	1
45	90	0.00436568	0
45	91	0.0027732	0
45	92	-0.00315987	0
45	93	0.0015592	1
45	94	0.0204791	1
45	95	0.0125396	1
45	96	-0.0144209	1
45	97	-0.0116494	1
45	98	-0.0197179	0
45	99	0.00698791	0
46	0	-0.0131614	1
46	1	-0.0125769	1
46	2	-0.0319362	1
46	3	-0.00165804	0
46	4	-0.00231753	1
46	5	0.00478115	1
46	6	0.0245707	1
46	7	0.00398703	0
46	8	-0.0195331	1
46	9	-0.0129169	0
46	10	-0.0153419	1
46	11	-0.0206198	0
46	12	-0.00226348	1
46	13	0.00954429	0
46	14	-0.0061136	0
46	15	-0.0120695	1
46	16	-0.00127183	1
46	17	0.0223121	1
46	18	0.00449129	0
46	19	-0.0159545	0
46	20	-0.00627273	0
46	21	-0.0106081	0
46	22	-0.00524224	1
46	23	0.0146072	0
46	24	0.00394416	1
46	25	0.0340739	1
46	26	0.0240233	1
46	27	0.00678227	0
46	28	0.00709775	1
46	29	0.0130649	1
46	30	0.0153326	1
46	31	-0.00379885	0
46	32	-0.015775	1
46	33	-0.00536084	0
46	34	-0.00353439	1
46	35	-0.0159706	1
46	36	0.019706	1
46	37	0.00406049	1
46	38	0.00872307	0
46	39	-0.0135293	0
46	40	-0.00505425	1
46	41	0.0107326	1
46	42	0.0112552	0
46	43	0.0154204	0
46	44	0.00248186	0
46	45	-0.0238265	0
46	46	-0.0229614	1
46	47	0.0156576	0
46	48	0.00724393	0
46	49	0.00723806	1
46	50	0.0114808	0
46	51	-0.0184003	1
46	52	-0.0153494	0
46	53	-0.0119429	1
46	54	-0.00726155	0
46	55	-0.0111095	1
46	56	-0.0138664	0
46	57	-0.00176796	1
46	58	0.0103369	1
46	59	0.00610791	1
46	60	0.00838672	0
46	61	0.00849959	1
46	62	-0.0319926	0
46	63	-0.0035809	0
46	64	-0.0262831	0
46	65	-0.00741868	1
46	66	-0.00650777	0
46	67	-0.00124235	1
46	68	-0.00848439	0
46	69	0.0141706	1
46	70	-0.000510621	0
46	71	0.0244384	0
46	72	-0.0116474	0
46	73	0.0162778	1
46	74	-0.016908	1
46	75	0.00539067	0
46	76	0.00749445	0
46	77	-0.00697028	0
46	78	0.0240981	0
46	79	-0.00534575	1
46	80	0.00701717	1
46	81	-0.00979537	1
46	82	0.0139968	1
46	83	0.00854109	0
46	84	-0.0183216	1
46	85	-0.00986116	0
46	86	-0.0093537	1
46	87	0.00636925	1
46	88	0.0169754	0
46	89	0.00993628	1
46	90	-0.0018413	0
46	91	0.0421493	0
46	92	-0.000864954	1
46	93	0.0197152	1
46	94	-0.00547188	0
46	95	0.00750804	1
46	96	-0.0007479	1
46	97	-0.0196828	0
46	98	0.00718109	0
46	99	0.0149956	1
47	0	-0.00718573	1
47	1	-0.0197134	1
47	2	-0.00949892	1
47	3	0.00200244	0
47	4	-0.00527278	0
47	5	0.00829928	0
47	6	0.0181326	0
47	7	-0.00118386	0
47	8	-0.00658682	0
47	9	-0.00695108	1
47	10	0.00165259	0
47	11	-0.0116175	0
47	12	0.00472119	1
47	13	0.00364099	1
47	14	0.0124189	0
47	15	0.00283182	1
47	16	-0.0103544	1
47	17	0.0254171	0
47	18	-0.0032129	1
47	19	0.0216639	1
47	20	-0.00668304	0
47	21	0.0196491	0
47	22	-0.00296842	1
47	23	0.00661877	1
47	24	-0.0097375	1
47	25	-0.00444031	0
47	26	-0.00112242	1
47	27	0.0120016	1
47	28	-0.00951637	1
47	29	0.00323722	1
47	30	-0.00527351	0
47	31	-0.0185038	0
47	32	0.0165824	1
47	33	0.0243446	1
47	34	-0.0158716	0
47	35	-0.0320474	1
47	36	0.00482453	0
47	37	0.0101244	0
47	38	-0.00794462	1
47	39	-0.013672	0
47	40	-0.0139402	1
47	41	-0.02423	0
47	42	-0.00216078	0
47	43	-0.0147929	1
47	44	0.0153409	0
47	45	0.0150199	1
47	46	-0.0192225	1
47	47	0.0189832	0
47	48	-0.00529527	0
47	49	0.00564557	0
47	50	0.0150025	1
47	51	-0.0105622	1
47	52	0.00846287	1
47	53	0.00921626	0
47	54	0.015658	1
47	55	-0.00530964	1
47	56	0.0228313	1
47	57	0.0133577	0
47	58	0.0086785	1
47	59	0.026022	0
47	60	0.00921494	1
47	61	-0.0175805	1
47	62	0.00929815	0
47	63	-0.0120912	1
47	64	-0.00160951	1
47	65	0.0145994	0
47	66	0.01437	1
47	67	0.00869737	1
47	68	-0.0291128	0
47	69	-0.000884958	0
47	70	0.00367401	0
47	71	-0.0166079	0
47	72	-0.0115603	0
47	73	-0.00691827	1
47	74	-0.00732662	0
47	75	0.0114203	0
47	76	0.00776297	1
47	77	-0.00832347	1
47	78	-0.0120991	0
47	79	0.00863532	0
47	80	0.0146581	0
47	81	0.00202547	1
47	82	0.0128506	1
47	83	-0.00656339	0
47	84	0.0116	1
47	85	-0.014735	0
47	86	-0.00945117	0
47	87	-0.00268123	0
47	88	-0.00539853	0
47	89	-0.0117053	1
47	90	-0.0171467	0
47	91	-0.0142583	1
47	92	-0.000891632	0
47	93	-0.00499388	0
47	94	-0.00587646	1
47	95	0.00684308	0
47	96	0.00645818	0
47	97	-0.00266048	0
47	98	0.014303	0
47	99	-0.00344476	0
48	0	0.0158651	0
48	1	0.0205434	0
48	2	-0.0418129	1
48	3	-0.0215667	1
48	4	-0.00980489	1
48	5	-0.0254033	0
48	6	-0.0268007	0
48	7	-0.0137319	0
48	8	0.022518	0
48	9	-0.00819223	1
48	10	0.00609259	0
48	11	0.0251171	1
48	12	-0.00728825	0
48	13	-0.0039775	0
48	14	0.0161404	1
48	15	0.00734842	1
48	16	-0.0336841	0
48	17	-0.00634158	1
48	18	0.0122493	0
48	19	0.0152386	1
48	20	0.0115232	0
48	21	0.00341875	1
48	22	-0.00411649	0
48	23	0.018006	0
48	24	-3.8681e-05	0
48	25	-0.00111125	0
48	26	-0.00407372	1
48	27	-0.0131856	1
48	28	-0.00726012	0
48	29	0.00580082	0
48	30	0.00726368	1
48	31	0.00497327	1
48	32	-0.00621759	0
48	33	-0.000682264	0
48	34	-0.000536266	0
48	35	-0.0100226	0
48	36	-0.00441372	0
48	37	0.0175337	1
48	38	-0.00117749	1
48	39	0.0138554	0
48	40	-0.01573	1
48	41	-0.0144675	0
48	42	0.00628353	1
48	43	0.00696884	0
48	44	0.0109027	1
48	45	0.00215891	1
48	46	0.00503845	1
48	47	-0.000687637	1
48	48	0.0202203	1
48	49	0.0136331	0
48	50	-0.00820625	1
48	51	0.0106905	1
48	52	-0.0238204	1
48	53	-0.0224476	1
48	54	-0.0276067	1
48	55	0.0117719	0
48	56	0.000548943	1
48	57	0.0156957	0
48	58	-0.000527175	1
48	59	-0.0108328	1
48	60	-0.00233434	0
48	61	0.00191181	0
48	62	0.00748992	0
48	63	0.00873815	0
48	64	0.0251463	0
48	65	-0.0163481	0
48	66	0.0040999	0
48	67	0.00322222	1
48	68	-0.00792337	0
48	69	-0.0210265	1
48	70	-0.0013253	0
48	71	-0.00603902	0
48	72	-0.0015873	0
48	73	0.0166746	1
48	74	0.00500895	1
48	75	-0.00349395	1
48	76	-0.00736294	0
48	77	0.00225574	1
48	78	0.0158059	0
48	79	0.00486016	0
48	80	0.00813824	0
48	81	-0.00657472	0
48	82	0.00250221	1
48	83	0.00061111	1
48	84	-0.00956796	0
48	85	0.00117053	1
48	86	0.00851296	0
48	87	0.0136186	1
48	88	0.00384046	1
48	89	-0.0190013	1
48	90	0.00904934	0
48	91	0.001882	1
48	92	-0.0247125	0
48	93	0.0369881	1
48	94	-0.00704318	0
48	95	-0.00302889	0
48	96	-0.0129083	0
48	97	-0.00876553	1
48	98	0.0114419	0
48	99	0.0144395	0
49	0	-0.0192005	0
49	1	-0.0156863	1
49	2	-0.00488809	1
49	3	0.0211961	0
49	4	-0.00318853	0
49	5	-0.00201506	0
49	6	-0.0100768	1
49	7	-0.0180934	1
49	8	0.00436136	0
49	9	0.0112937	0
49	10	-0.0174642	1
49	11	-0.00135381	1
49	12	-0.01581	1
49	13	-0.000506668	1
49	14	-0.0228217	1
49	15	0.00868083	0
49	16	0.00108962	0
49	17	-0.0221347	0
49	18	0.00564382	1
49	19	-0.00474135	0
49	20	-0.0124542	1
49	21	-0.0184942	0
49	22	0.0224358	1
49	23	-0.00920997	1
49	24	0.0146986	0
49	25	-0.00725976	1
49	26	-0.00452175	1
49	27	0.00856047	0
49	28	-0.00201381	0
49	29	-0.0174661	1
49	30	0.0140567	1
49	31	-0.00139015	0
49	32	-0.00161757	0
49	33	0.017682	1
49	34	-0.0143456	0
49	35	0.00530667	0
49	36	0.00292434	1
49	37	-0.0217596	0
49	38	-0.00169142	0
49	39	-0.00677236	1
49	40	0.00394622	0
49	41	-0.0178236	0
49	42	0.00749827	0
49	43	0.00302661	1
49	44	0.0123566	0
49	45	0.0149731	1
49	46	9.66591e-05	0
49	47	0.0272544	0
49	48	-0.00975709	1
49	49	0.000546716	1
49	50	-0.00233747	1
49	51	-0.0234381	0
49	52	-0.0060035	0
49	53	0.00412334	1
49	54	0.0169393	0
49	55	0.0120057	0
49	56	-0.019296	1
49	57	0.0183098	1
49	58	0.0184676	0
49	59	-0.0164207	1
49	60	-0.017662	1
49	61	-0.0214572	1
49	62	-0.00530807	1
49	63	-0.00575807	1
49	64	0.00246272	0
49	65	-0.00397578	1
49	66	0.00622661	0
49	67	-0.0156276	0
49	68	0.0194493	0
49	69	0.00912443	1
49	70	0.0167469	1
49	71	-0.00397506	1
49	72	0.00684725	1
49	73	-0.0142155	1
49	74	0.00858785	1
49	75	0.00384622	1
49	76	-0.00109649	0
49	77	0.0105959	1
49	78	-0.0120647	0
49	79	-0.012976	0
49	80	-0.0135638	1
49	81	-0.00233162	0
49	82	0.00108321	1
49	83	0.0108556	1
49	84	0.0122974	0
49	85	0.0124818	0
49	86	0.0128568	1
49	87	0.0168766	1
49	88	0.0236167	1
49	89	0.0183407	0
49	90	0.00314249	1
49	91	0.0413237	0
49	92	0.00590604	1
49	93	-0.00503673	1
49	94	0.0187315	1
49	95	-0.0115002	1
49	96	0.00679076	1
49	97	0.0127315	0
49	98	-0.0085728	1
49	99	-0.0312205	1
