0	0	0.139891	0.5
0	1	-0.0157091	0.5
0	2	-0.0206431	0.5
0	3	-0.0676593	0.5
0	4	-0.000961317	0.5
0	5	-0.0249062	0.5
0	6	0.0528892	0.5
0	7	-0.00467019	0.5
0	8	-0.0446446	0.5
0	9	-0.0135866	0.5
1	0	0.0122775	0.5
1	1	0.0171883	0.5
1	2	-0.025592	0.5
1	3	0.0211009	0.5
1	4	0.017386	0.5
1	5	0.00607541	0.5
1	6	-0.0191189	0.5
1	7	-0.0150613	0.5
1	8	-0.0149328	0.5
1	9	0.000676834	0.5
2	0	0.0837699	0.5
2	1	0.0106874	0.5
2	2	-0.0199355	0.5
2	3	-0.0301375	0.5
2	4	-0.0200363	0.5
2	5	-0.0335978	0.5
2	6	0.0446244	0.5
2	7	-0.0855771	0.5
2	8	-0.0109651	0.5
2	9	0.0611675	0.5
3	0	-0.112695	0.5
3	1	0.0156392	0.5
3	2	-0.0212107	0.5
3	3	0.00793489	0.5
3	4	-0.0334828	0.5
3	5	0.077905	0.5
3	6	0.0675624	0.5
3	7	-0.0235142	0.5
3	8	0.0821257	0.5
3	9	-0.0602646	0.5
4	0	0.0056906	0.5
4	1	-0.0365556	0.5
4	2	0.00871424	0.5
4	3	0.00510527	0.5
4	4	0.0227315	0.5
4	5	-0.0270434	0.5
4	6	-0.0357039	0.5
4	7	0.0180718	0.5
4	8	0.0574368	0.5
4	9	-0.0184473	0.5
5	0	0.0555014	0.5
5	1	-0.0524973	0.5
5	2	-0.04226	0.5
5	3	0.0138592	0.5
5	4	-0.0130096	0.5
5	5	0.00917942	0.5
5	6	0.000196101	0.5
5	7	-0.0268096	0.5
5	8	-0.0398821	0.5
5	9	0.0957225	0.5
6	0	0.00897236	0.5
6	1	0.0572924	0.5
6	2	-0.0622338	0.5
6	3	-0.0130117	0.5
6	4	0.0242159	0.5
6	5	-0.0886248	0.5
6	6	0.00591699	0.5
6	7	0.0339903	0.5
6	8	-0.000783162	0.5
6	9	0.0342656	0.5
7	0	0.0324663	0.5
7	1	-0.0613865	0.5
7	2	-0.0017261	0.5
7	3	0.0524896	0.5
7	4	-0.0497065	0.5
7	5	-0.0332582	0.5
7	6	0.0109475	0.5
7	7	-0.00915414	0.5
7	8	-0.0333982	0.5
7	9	0.0927262	0.5
8	0	-0.0271221	0.5
8	1	-0.0746017	0.5
8	2	0.0371907	0.5
8	3	0.0732393	0.5
8	4	-0.0319502	0.5
8	5	0.0185679	0.5
8	6	0.0187423	0.5
8	7	0.0802845	0.5
8	8	-0.0146241	0.5
8	9	-0.0797266	0.5
9	0	-0.00200338	0.5
9	1	0.0196305	0.5
9	2	-0.0349756	0.5
9	3	0.0130116	0.5
9	4	-0.0453422	0.5
9	5	0.011983	0.5
9	6	-0.0993979	0.5
9	7	0.0322577	0.5
9	8	-0.0078473	0.5
9	9	0.112684	0.5
10	0	0.014072	0.5
10	1	0.0090706	0.5
10	2	-0.00964579	0.5
10	3	-0.0215251	0.5
10	4	0.0221097	0.5
10	5	-0.0475671	0.5
10	6	0.0166681	0.5
10	7	0.0358637	0.5
10	8	0.0140702	0.5
10	9	-0.0331164	0.5
11	0	0.0170901	0.5
11	1	-0.0245662	0.5
11	2	-0.0167976	0.5
11	3	-0.0162673	0.5
11	4	0.0031285	0.5
11	5	0.0708031	0.5
11	6	0.00762631	0.5
11	7	0.0384991	0.5
11	8	-0.00498088	0.5
11	9	-0.074535	0.5
12	0	0.0341268	0.5
12	1	-0.0292801	0.5
12	2	-0.00433842	0.5
12	3	0.0502895	0.5
12	4	0.00115027	0.5
12	5	-0.0325747	0.5
12	6	-0.0308815	0.5
12	7	0.00950042	0.5
12	8	0.0131626	0.5
12	9	-0.0111549	0.5
13	0	0.0421664	0.5
13	1	0.0582804	0.5
13	2	-0.0881898	0.5
13	3	-0.00493156	0.5
13	4	0.0103006	0.5
13	5	0.0107336	0.5
13	6	-0.0345615	0.5
13	7	-0.0159849	0.5
13	8	-0.00255409	0.5
13	9	0.0247407	0.5
14	0	0.000404869	0.5
14	1	-0.0335133	0.5
14	2	-0.00587797	0.5
14	3	0.0278935	0.5
14	4	0.0914562	0.5
14	5	-0.0495509	0.5
14	6	-0.0391528	0.5
14	7	0.0277829	0.5
14	8	-0.030022	0.5
14	9	0.0105795	0.5
15	0	-0.0187679	0.5
15	1	-0.00602972	0.5
15	2	-0.00849651	0.5
15	3	0.051168	0.5
15	4	-0.0211535	0.5
15	5	0.00400925	0.5
15	6	-0.0249858	0.5
15	7	-0.0661947	0.5
15	8	0.0661013	0.5
15	9	0.0243497	0.5
16	0	0.00310111	0.5
16	1	-0.00553527	0.5
16	2	0.00140199	0.5
16	3	0.0409285	0.5
16	4	-0.0172101	0.5
16	5	0.00579126	0.5
16	6	-0.00513059	0.5
16	7	-0.0161018	0.5
16	8	-0.00204777	0.5
16	9	-0.00519731	0.5
17	0	0.0449217	0.5
17	1	-0.0752218	0.5
17	2	0.0402444	0.5
17	3	-0.0226005	0.5
17	4	-0.00155312	0.5
17	5	0.0568724	0.5
17	6	-0.0516027	0.5
17	7	0.0524702	0.5
17	8	-0.0288741	0.5
17	9	-0.0146564	0.5
18	0	0.0122991	0.5
18	1	-0.00555687	0.5
18	2	-0.0116735	0.5
18	3	-0.00742343	0.5
18	4	0.0239034	0.5
18	5	0.036242	0.5
18	6	0.0492867	0.5
18	7	-0.0446558	0.5
18	8	-0.0528943	0.5
18	9	0.000472832	0.5
19	0	0.00640553	0.5
19	1	0.00753016	0.5
19	2	0.0375523	0.5
19	3	-0.0405948	0.5
19	4	-0.00999995	0.5
19	5	-0.0411006	0.5
19	6	0.0038848	0.5
19	7	0.0131389	0.5
19	8	0.00416256	0.5
19	9	0.0190211	0.5
20	0	0.0202985	0.5
20	1	-0.0260303	0.5
20	2	0.0119958	0.5
20	3	-0.048926	0.5
20	4	0.0246225	0.5
20	5	0.0231394	0.5
20	6	0.0480138	0.5
20	7	0.0231278	0.5
20	8	-0.0275112	0.5
20	9	-0.0487304	0.5
21	0	0.0459671	0.5
21	1	-0.0285155	0.5
21	2	0.00837033	0.5
21	3	0.0229574	0.5
21	4	-0.0290818	0.5
21	5	-0.00271057	0.5
21	6	-0.0275393	0.5
21	7	-0.00969389	0.5
21	8	-0.0125485	0.5
21	9	0.0327947	0.5
22	0	0.014584	0.5
22	1	0.0468522	0.5
22	2	-0.01304	0.5
22	3	0.0458312	0.5
22	4	-0.0200588	0.5
22	5	-0.0478148	0.5
22	6	-0.0580155	0.5
22	7	-0.029101	0.5
22	8	0.0279233	0.5
22	9	0.0328393	0.5
23	0	-0.00406759	0.5
23	1	-0.0372667	0.5
23	2	0.00823285	0.5
23	3	0.0658204	0.5
23	4	0.0684326	0.5
23	5	-0.00811506	0.5
23	6	0.0149508	0.5
23	7	-0.0242396	0.5
23	8	-0.032786	0.5
23	9	-0.0509617	0.5
24	0	0.0584537	0.5
24	1	-0.07496	0.5
24	2	0.0382166	0.5
24	3	0.04822	0.5
24	4	-0.0841884	0.5
24	5	0.0610292	0.5
24	6	-0.0297859	0.5
24	7	-0.060499	0.5
24	8	0.000661401	0.5
24	9	0.0428525	0.5
25	0	0.0310771	0.5
25	1	0.000542812	0.5
25	2	0.0107454	0.5
25	3	-0.058799	0.5
25	4	0.0275002	0.5
25	5	0.0609239	0.5
25	6	-0.0298071	0.5
25	7	0.000420502	0.5
25	8	-0.0136313	0.5
25	9	-0.0289725	0.5
26	0	0.0655245	0.5
26	1	-0.0365294	0.5
26	2	0.0584735	0.5
26	3	-0.0436628	0.5
26	4	-0.0275312	0.5
26	5	0.0108084	0.5
26	6	0.0248227	0.5
26	7	-0.0195507	0.5
26	8	-0.0338145	0.5
26	9	0.00145936	0.5
27	0	0.0218318	0.5
27	1	-0.00586374	0.5
27	2	-0.00677885	0.5
27	3	-0.0335122	0.5
27	4	0.041114	0.5
27	5	0.0263465	0.5
27	6	0.0774046	0.5
27	7	-0.0480296	0.5
27	8	-0.0808753	0.5
27	9	0.00836283	0.5
28	0	-0.0226161	0.5
28	1	-0.0566022	0.5
28	2	0.0464233	0.5
28	3	0.0241744	0.5
28	4	0.0379633	0.5
28	5	-0.0259074	0.5
28	6	0.0211022	0.5
28	7	-0.0224848	0.5
28	8	0.0236862	0.5
28	9	-0.0257389	0.5
29	0	0.0338492	0.5
29	1	-0.0305923	0.5
29	2	-0.0154306	0.5
29	3	-0.0363492	0.5
29	4	-0.0242076	0.5
29	5	-0.033172	0.5
29	6	-0.0276345	0.5
29	7	0.0229547	0.5
29	8	0.0304382	0.5
29	9	0.080144	0.5
30	0	0.0517339	0.5
30	1	0.0408132	0.5
30	2	-0.0595212	0.5
30	3	0.0245659	0.5
30	4	-0.00199362	0.5
30	5	-0.0301766	0.5
30	6	-0.00538699	0.5
30	7	-0.0705819	0.5
30	8	0.071819	0.5
30	9	-0.0212717	0.5
31	0	-0.00738039	0.5
31	1	0.0792006	0.5
31	2	-0.0564101	0.5
31	3	-0.0969122	0.5
31	4	0.025078	0.5
31	5	-0.0120892	0.5
31	6	0.0136341	0.5
31	7	0.0529529	0.5
31	8	0.00409462	0.5
31	9	-0.00216839	0.5
32	0	-0.0368306	0.5
32	1	0.00235402	0.5
32	2	0.0517757	0.5
32	3	-0.0566614	0.5
32	4	0.0625008	0.5
32	5	0.0160188	0.5
32	6	0.0170409	0.5
32	7	-0.0142685	0.5
32	8	-0.0395049	0.5
32	9	-0.00242483	0.5
33	0	-0.0112766	0.5
33	1	0.0119328	0.5
33	2	0.0401258	0.5
33	3	0.0731459	0.5
33	4	-0.0201998	0.5
33	5	-0.0273939	0.5
33	6	-0.0129676	0.5
33	7	-0.0634142	0.5
33	8	-0.0205957	0.5
33	9	0.0306433	0.5
34	0	-0.000944415	0.5
34	1	0.0218043	0.5
34	2	-0.000842622	0.5
34	3	-0.0128518	0.5
34	4	-0.0246115	0.5
34	5	-0.0379642	0.5
34	6	0.0226279	0.5
34	7	0.0564612	0.5
34	8	-0.0567947	0.5
34	9	0.0331158	0.5
35	0	-0.0536781	0.5
35	1	-0.0163067	0.5
35	2	-0.102883	0.5
35	3	0.0342166	0.5
35	4	0.0359168	0.5
35	5	0.0271951	0.5
35	6	-0.00957615	0.5
35	7	0.0622849	0.5
35	8	0.0264192	0.5
35	9	-0.00358852	0.5
36	0	0.00955774	0.5
36	1	0.039758	0.5
36	2	0.000235386	0.5
36	3	-0.0591231	0.5
36	4	-0.039872	0.5
36	5	0.0112765	0.5
36	6	-0.0478543	0.5
36	7	0.0669175	0.5
36	8	0.0343588	0.5
36	9	-0.0152545	0.5
37	0	-0.0781632	0.5
37	1	0.0444246	0.5
37	2	-0.0260995	0.5
37	3	0.0292134	0.5
37	4	0.0397073	0.5
37	5	0.00374019	0.5
37	6	-0.0403104	0.5
37	7	0.0590629	0.5
37	8	-0.0466131	0.5
37	9	0.0150378	0.5
38	0	-0.00885846	0.5
38	1	0.0374117	0.5
38	2	-0.0330039	0.5
38	3	0.00180586	0.5
38	4	0.0476762	0.5
38	5	0.052977	0.5
38	6	-0.05775	0.5
38	7	-0.0466608	0.5
38	8	0.0352414	0.5
38	9	-0.028839	0.5
39	0	0.0458058	0.5
39	1	-0.0470745	0.5
39	2	-0.0741451	0.5
39	3	0.0385606	0.5
39	4	-0.0308463	0.5
39	5	-0.0335551	0.5
39	6	0.0939204	0.5
39	7	0.0506923	0.5
39	8	-0.0913867	0.5
39	9	0.0480286	0.5
40	0	0.0364646	0.5
40	1	0.040671	0.5
40	2	-0.0702384	0.5
40	3	0.0197578	0.5
40	4	-0.0271846	0.5
40	5	-0.0246163	0.5
40	6	-0.0390781	0.5
40	7	0.0385244	0.5
40	8	0.000531966	0.5
40	9	0.0251674	0.5
41	0	-0.0124878	0.5
41	1	0.000419628	0.5
41	2	0.00417265	0.5
41	3	-0.028491	0.5
41	4	-0.0560834	0.5
41	5	0.0068645	0.5
41	6	0.0382043	0.5
41	7	-0.0351712	0.5
41	8	0.0315677	0.5
41	9	0.0510046	0.5
42	0	0.000126307	0.5
42	1	0.0452741	0.5
42	2	-0.0429885	0.5
42	3	0.0011841	0.5
42	4	0.0250395	0.5
42	5	-0.0562526	0.5
42	6	0.00157596	0.5
42	7	-0.00984685	0.5
42	8	0.00436995	0.5
42	9	0.031518	0.5
43	0	0.0257525	0.5
43	1	-0.0133637	0.5
43	2	0.0565136	0.5
43	3	0.0010131	0.5
43	4	-0.00830344	0.5
43	5	-0.0269276	0.5
43	6	-0.0350363	0.5
43	7	-0.0232091	0.5
43	8	0.00555453	0.5
43	9	0.0180064	0.5
44	0	0.014257	0.5
44	1	-0.00190136	0.5
44	2	0.0310176	0.5
44	3	0.0429408	0.5
44	4	0.0152545	0.5
44	5	-0.0296992	0.5
44	6	-0.0211145	0.5
44	7	0.0287572	0.5
44	8	-0.102157	0.5
44	9	0.022645	0.5
45	0	-0.0189116	0.5
45	1	0.037612	0.5
45	2	0.0105189	0.5
45	3	0.0107398	0.5
45	4	-0.0328906	0.5
45	5	0.0512433	0.5
45	6	-0.0146506	0.5
45	7	-0.0389598	0.5
45	8	0.0835362	0.5
45	9	-0.0882376	0.5
46	0	0.00294712	0.5
46	1	-0.0646559	0.5
46	2	-0.00795258	0.5
46	3	0.031169	0.5
46	4	-0.0467627	0.5
46	5	0.0345369	0.5
46	6	0.0387239	0.5
46	7	-0.0241117	0.5
46	8	0.0305859	0.5
46	9	0.00552007	0.5
47	0	-0.00711402	0.5
47	1	-0.0226109	0.5
47	2	-0.035567	0.5
47	3	0.019733	0.5
47	4	0.0416536	0.5
47	5	0.0181063	0.5
47	6	0.0215972	0.5
47	7	0.0012257	0.5
47	8	0.0331261	0.5
47	9	-0.0701499	0.5
48	0	-0.00344916	0.5
48	1	-0.0116133	0.5
48	2	0.00493353	0.5
48	3	-0.0616558	0.5
48	4	-0.0993927	0.5
48	5	0.0526156	0.5
48	6	0.0399013	0.5
48	7	0.0734855	0.5
48	8	-0.0171306	0.5
48	9	0.0223057	0.5
49	0	0.0554678	0.5
49	1	-0.0170023	0.5
49	2	0.0253147	0.5
49	3	-0.0256753	0.5
49	4	-0.0114305	0.5
49	5	0.00261652	0.5
49	6	0.0335363	0.5
49	7	-0.039901	0.5
49	8	0.00866257	0.5
49	9	-0.0315888	0.5
