0	0	-0.00736358	0
0	1	0.00817422	0
0	2	-0.0159171	0
0	3	0.00268759	1
0	4	0.00961138	1
0	5	0.0160734	1
0	6	-0.00373613	1
0	7	0.0134517	0
0	8	0.00932612	0
0	9	0.0196529	1
0	10	-0.0188592	1
0	11	-0.0179589	0
0	12	-0.00121093	1
0	13	-0.0010166	0
0	14	-0.00251687	1
0	15	-0.0228185	1
0	16	0.000839534	1
0	17	-0.0029491	1
0	18	-0.0270489	0
0	19	0.00759118	1
0	20	0.00483534	0
0	21	0.0129496	0
0	22	-0.00604662	1
0	23	-0.015801	1
0	24	-0.00916273	1
0	25	0.0230838	0
0	26	0.0161775	1
0	27	0.00406192	1
0	28	0.00874036	1
0	29	0.00637471	0
0	30	-0.00533093	1
0	31	0.00948968	1
0	32	0.0228321	0
0	33	0.0138345	1
0	34	0.0136657	1
0	35	0.0237671	0
0	36	-0.0224124	1
0	37	-0.0158542	1
0	38	-0.00798183	1
0	39	0.00964903	0
0	40	-0.0133939	1
0	41	0.0216837	1
0	42	0.0118072	0
0	43	-0.0288885	1
0	44	-0.00372232	0
0	45	0.0074099	0
0	46	-0.0259829	0
0	47	-0.0094617	0
0	48	-0.0125748	1
0	49	0.0216395	0
0	50	0.01277	0
0	51	-0.018014	0
0	52	0.00535255	1
0	53	-0.0272582	1
0	54	0.0104363	1
0	55	-0.00915704	0
0	56	-0.00917916	1
0	57	0.00682799	0
0	58	-0.0103722	0
0	59	-0.00760212	0
0	60	-0.000284978	1
0	61	0.0185802	0
0	62	0.0025088	0
0	63	-0.0115541	0
0	64	0.0160318	0
0	65	-0.0150633	1
0	66	-0.00266549	0
0	67	-0.0268537	1
0	68	0.0179513	1
0	69	0.00153223	0
0	70	0.0162413	0
0	71	0.00142031	1
0	72	-0.0206942	1
0	73	-0.0120734	1
0	74	0.0097821	1
0	75	0.000243505	0
0	76	-0.00410208	1
0	77	0.00174124	0
0	78	-0.000592108	1
0	79	-0.00477394	0
0	80	0.0504496	0
0	81	0.0158079	1
0	82	0.011118	0
0	83	-0.0172213	0
0	84	0.00238325	0
0	85	-0.011077	1
0	86	0.010883	0
0	87	0.00819011	1
0	88	0.0036506	1
0	89	0.0135595	0
0	90	-0.00374208	0
0	91	-0.00879027	0
0	92	-0.00846207	0
0	93	-0.00469908	1
0	94	0.013141	0
0	95	-0.00372953	1
0	96	0.00306703	1
0	97	-0.0344169	0
0	98	-0.0051411	0
0	99	0.00244938	1
1	0	-0.00340068	1
1	1	-0.000899734	1
1	2	0.00516655	0
1	3	-0.0154542	0
1	4	0.00161403	0
1	5	0.0117025	0
1	6	-0.00521363	1
1	7	-0.00219783	0
1	8	0.0233669	0
1	9	0.0133308	0
1	10	0.0196659	0
1	11	-0.00541767	1
1	12	-0.010628	1
1	13	0.00194135	1
1	14	0.00390614	0
1	15	-0.0333349	1
1	16	0.00314528	1
1	17	-0.00578891	1
1	18	0.0126105	0
1	19	0.021241	0
1	20	0.00537538	0
1	21	0.00776852	0
1	22	0.0158247	0
1	23	0.0048805	0
1	24	0.00154583	1
1	25	0.00661258	0
1	26	-0.0195505	1
1	27	0.00396374	1
1	28	-0.00565575	0
1	29	0.000101716	0
1	30	0.00246114	1
1	31	-0.00719244	0
1	32	-0.00828403	1
1	33	0.00557055	1
1	34	-0.00156897	0
1	35	0.0121244	0
1	36	0.00265301	0
1	37	-0.0155594	1
1	38	-0.00766179	0
1	39	-0.00824828	1
1	40	0.000830944	0
1	41	-0.00270887	0
1	42	0.00935853	1
1	43	-0.0176966	1
1	44	-0.00517557	1
1	45	0.0128951	0
1	46	-0.0120579	0
1	47	-0.00891392	0
1	48	0.013423	1
1	49	-0.0179839	0
1	50	-0.0215689	1
1	51	0.000341212	0
1	52	-0.0177895	0
1	53	-0.000355517	1
1	54	0.00918137	0
1	55	-0.0315301	0
1	56	-0.0163799	1
1	57	0.0247318	1
1	58	0.000869095	0
1	59	0.00251213	0
1	60	-0.00550429	1
1	61	-0.00272344	1
1	62	-0.0236187	0
1	63	0.00624027	0
1	64	0.0220296	1
1	65	0.0189957	0
1	66	0.020977	1
1	67	-0.00371048	0
1	68	0.0103153	0
1	69	0.0228393	1
1	70	-0.013844	1
1	71	0.00356435	1
1	72	0.0166424	0
1	73	-0.0177914	0
1	74	0.011594	0
1	75	0.0132017	0
1	76	-0.0143604	0
1	77	0.012613	0
1	78	-0.00851786	1
1	79	0.00294597	1
1	80	-0.00701601	0
1	81	-0.00138582	1
1	82	-0.00747148	1
1	83	-0.000987724	1
1	84	-0.00459407	0
1	85	-0.000830498	1
1	86	-0.00372521	1
1	87	0.00909692	0
1	88	-0.0168657	0
1	89	0.00970686	0
1	90	0.00294342	1
1	91	-0.0220378	1
1	92	0.00145946	1
1	93	0.0073134	0
1	94	-0.00904807	0
1	95	-0.00651702	0
1	96	0.00163362	1
1	97	0.00972208	0
1	98	0.00904404	1
1	99	0.00517289	1
2	0	0.00315422	0
2	1	0.0115008	0
2	2	-0.0015324	1
2	3	-0.00908519	1
2	4	0.0147811	0
2	5	0.00819637	1
2	6	-0.00316155	1
2	7	0.0102462	0
2	8	0.000574326	0
2	9	-0.0168785	0
2	10	0.00526964	1
2	11	0.00586419	1
2	12	0.0122567	0
2	13	0.0142338	0
2	14	0.0225596	1
2	15	-0.00736183	1
2	16	-0.00748383	1
2	17	0.0106386	1
2	18	-0.00216918	0
2	19	0.016145	1
2	20	-0.0120953	0
2	21	-0.0190899	1
2	22	-0.0167463	1
2	23	-0.0107281	1
2	24	0.0223996	1
2	25	-0.0142751	0
2	26	-0.00869905	1
2	27	0.0297046	0
2	28	-0.00574114	1
2	29	0.0014014	1
2	30	0.004704	1
2	31	-0.0232759	0
2	32	-0.00381987	0
2	33	0.00747659	1
2	34	-0.0219631	1
2	35	0.0175513	0
2	36	0.0192617	0
2	37	-0.00540445	1
2	38	-0.00788838	1
2	39	-0.0320058	1
2	40	0.00856384	1
2	41	-0.0148417	0
2	42	0.0201174	1
2	43	-0.00227891	1
2	44	-0.0130787	0
2	45	0.0103564	1
2	46	-0.000221492	1
2	47	-0.00184581	1
2	48	0.0228267	0
2	49	0.0187585	1
2	50	-0.00196324	0
2	51	-0.0312266	0
2	52	-0.00742688	1
2	53	-0.00642894	0
2	54	-0.00461968	0
2	55	0.00426396	0
2	56	0.0132966	1
2	57	0.00742694	1
2	58	-0.0146542	1
2	59	0.021295	1
2	60	-0.0170643	0
2	61	0.00400959	1
2	62	-0.0188098	1
2	63	-0.00834665	1
2	64	0.0102398	0
2	65	0.0135914	1
2	66	-0.0393595	1
2	67	0.000492244	0
2	68	-0.00470401	0
2	69	0.00116117	1
2	70	0.0121636	0
2	71	-0.00677907	1
2	72	0.012868	1
2	73	-0.00178331	0
2	74	0.0126475	0
2	75	0.00443757	1
2	76	0.000795892	0
2	77	0.0101136	1
2	78	0.0122855	0
2	79	0.00754462	1
2	80	-0.0134425	0
2	81	-0.00554598	1
2	82	0.016298	0
2	83	0.00265717	0
2	84	-0.0103472	1
2	85	-0.0230629	1
2	86	-0.0150698	0
2	87	0.0129424	0
2	88	-0.00303638	1
2	89	0.00357591	0
2	90	-0.0306021	1
2	91	-0.000581156	0
2	92	-0.00304347	1
2	93	-0.00529383	0
2	94	0.0108073	1
2	95	0.012384	0
2	96	0.00147881	0
2	97	0.00471002	0
2	98	0.0185664	0
2	99	-0.0157328	0
3	0	-0.00826438	0
3	1	0.00296032	1
3	2	0.0105076	0
3	3	0.015945	1
3	4	-0.00521934	0
3	5	0.00881759	1
3	6	-0.00547036	0
3	7	0.026603	1
3	8	-0.00582342	0
3	9	0.0137017	1
3	10	-0.0215864	1
3	11	-0.00687804	0
3	12	0.00890411	0
3	13	0.0118773	1
3	14	0.00230256	0
3	15	-0.0284304	1
3	16	-0.00197375	0
3	17	0.0137838	0
3	18	-0.00658584	1
3	19	0.0190436	0
3	20	0.0023446	0
3	21	-0.000410449	0
3	22	0.002034	1
3	23	-0.0269883	0
3	24	-0.0261723	0
3	25	0.00947988	0
3	26	-0.0177086	0
3	27	-0.0190008	0
3	28	0.00198002	0
3	29	0.00192949	0
3	30	0.0167145	1
3	31	0.0109122	0
3	32	-0.00528659	0
3	33	-0.00516049	1
3	34	0.0134318	1
3	35	0.0115636	0
3	36	-0.000894564	0
3	37	-0.0178729	1
3	38	0.0114978	0
3	39	0.00297842	1
3	40	0.0112441	1
3	41	-0.0171357	1
3	42	-0.0163298	1
3	43	0.0355209	1
3	44	-0.0204718	1
3	45	0.0159658	0
3	46	-0.0181501	0
3	47	0.033948	0
3	48	-0.00196075	0
3	49	0.0152177	1
3	50	-0.0137514	0
3	51	-0.025411	1
3	52	-0.0245286	0
3	53	-0.000739626	1
3	54	-0.00400993	1
3	55	-0.0156349	0
3	56	-0.00807668	0
3	57	-0.00559718	1
3	58	-0.00419568	1
3	59	0.0225923	1
3	60	-0.00438764	0
3	61	-0.0259189	0
3	62	0.00412208	0
3	63	-0.00413626	1
3	64	0.00801414	0
3	65	-0.039703	1
3	66	-0.0250681	1
3	67	0.00575692	0
3	68	-0.0056276	0
3	69	0.0382194	1
3	70	0.00971723	1
3	71	0.00470414	0
3	72	0.00249902	0
3	73	-0.00249389	1
3	74	-0.00318853	0
3	75	0.0104891	0
3	76	-0.00512664	1
3	77	-0.00889427	1
3	78	-0.000986073	0
3	79	-4.48512e-05	0
3	80	-0.00852123	0
3	81	0.00635505	1
3	82	-0.00115774	1
3	83	0.00747308	1
3	84	-0.0036211	1
3	85	0.00347058	0
3	86	-0.0136431	0
3	87	0.00337864	0
3	88	-0.00713655	1
3	89	-0.00812372	0
3	90	0.0198285	1
3	91	0.0115146	1
3	92	0.0197368	1
3	93	-0.00588404	1
3	94	0.00795857	1
3	95	0.0129909	1
3	96	-0.00793688	0
3	97	0.0340046	0
3	98	0.00516624	0
3	99	-0.00188092	1
4	0	0.00744072	0
4	1	-0.0146954	1
4	2	-0.00461781	1
4	3	0.0144693	0
4	4	0.00898769	0
4	5	-0.0173991	0
4	6	0.0176611	1
4	7	0.0122457	1
4	8	0.0103214	1
4	9	-0.00179722	1
4	10	-0.00429157	0
4	11	-0.0228522	1
4	12	-0.00114234	0
4	13	0.0126878	0
4	14	0.00586816	1
4	15	-0.0170194	0
4	16	-0.0100916	0
4	17	0.00644916	0
4	18	-0.0156166	1
4	19	-0.0100462	0
4	20	0.0136331	0
4	21	-0.00917518	1
4	22	0.00983487	0
4	23	-0.00178676	1
4	24	0.0140034	1
4	25	0.00369179	1
4	26	-0.0250359	1
4	27	0.0187051	1
4	28	-0.00911479	1
4	29	0.0160301	1
4	30	0.00248531	0
4	31	-0.041015	0
4	32	0.00300105	1
4	33	-0.00201498	0
4	34	-0.00852411	0
4	35	0.00343492	0
4	36	-0.0116578	0
4	37	-0.00299929	1
4	38	0.0100976	0
4	39	0.00707107	0
4	40	-0.000512735	1
4	41	0.00500071	1
4	42	-0.0109016	1
4	43	0.00699586	0
4	44	-0.0230669	0
4	45	-0.0130177	0
4	46	0.00180756	0
4	47	0.00910624	0
4	48	-0.00279672	0
4	49	-0.00314632	0
4	50	0.00808979	1
4	51	0.0161546	0
4	52	0.0246072	0
4	53	0.0359296	0
4	54	-0.0285602	0
4	55	0.00167028	0
4	56	-0.00154254	1
4	57	0.0231238	1
4	58	0.000646431	0
4	59	-0.00711247	1
4	60	-0.00404401	1
4	61	0.00129511	1
4	62	0.0156028	1
4	63	-0.00342142	0
4	64	0.024278	1
4	65	-0.00463809	0
4	66	-0.00599255	1
4	67	0.00582965	1
4	68	0.0167951	0
4	69	-0.00807233	0
4	70	0.0168029	1
4	71	-0.0211784	1
4	72	-0.00228182	1
4	73	0.0189411	1
4	74	0.00960019	1
4	75	0.0069203	0
4	76	-0.0162911	0
4	77	-0.00308457	1
4	78	-0.0117181	1
4	79	-0.0101669	1
4	80	0.0262969	1
4	81	-0.0196432	1
4	82	-0.00972821	0
4	83	0.00159348	0
4	84	-0.00215995	1
4	85	-0.00242077	0
4	86	0.0148855	1
4	87	0.00386497	0
4	88	-0.0214736	1
4	89	0.014131	0
4	90	-0.0138174	1
4	91	-0.018025	1
4	92	-0.00375732	1
4	93	0.0133151	1
4	94	-0.00028157	0
4	95	-0.0164731	1
4	96	0.00280831	1
4	97	0.0160132	1
4	98	-0.0037958	0
4	99	-0.0162097	0
5	0	-0.000680979	1
5	1	0.00624782	1
5	2	0.0131298	0
5	3	-0.0180989	1
5	4	-0.00498658	0
5	5	-0.00804145	1
5	6	0.00173959	1
5	7	0.0108953	0
5	8	0.00848949	1
5	9	0.022623	1
5	10	0.00187219	0
5	11	-0.0038164	1
5	12	-0.00218221	0
5	13	-0.013247	0
5	14	0.00249467	1
5	15	-0.0177904	0
5	16	0.0108836	0
5	17	-0.0111716	1
5	18	-0.000411246	1
5	19	0.0072688	0
5	20	-0.0128351	1
5	21	0.00605463	0
5	22	0.0114501	1
5	23	-0.00373831	0
5	24	-0.0075593	0
5	25	-0.00404676	0
5	26	0.0244405	0
5	27	-0.00961694	1
5	28	0.00520483	1
5	29	0.00643199	0
5	30	-0.00769844	0
5	31	-0.0378701	0
5	32	-0.0197409	1
5	33	0.0284483	1
5	34	-0.00512138	0
5	35	0.00320069	0
5	36	0.00279722	1
5	37	0.0100718	0
5	38	-0.00384776	1
5	39	-0.0123126	0
5	40	-0.0190126	1
5	41	0.003175	0
5	42	-0.00908377	1
5	43	-0.0300439	1
5	44	0.00170539	0
5	45	0.0114713	1
5	46	-0.00438606	0
5	47	0.00709528	0
5	48	0.00481036	1
5	49	-0.0198876	0
5	50	-0.0206237	1
5	51	0.0120224	1
5	52	-0.0276182	0
5	53	0.0144316	1
5	54	0.00577365	0
5	55	0.0129745	0
5	56	-0.0172289	1
5	57	0.0144568	0
5	58	-0.00819698	0
5	59	-0.000536898	1
5	60	-0.0196125	1
5	61	-0.0272424	1
5	62	0.00732091	1
5	63	-0.0118615	1
5	64	-0.00337741	0
5	65	-0.0186085	0
5	66	0.00975987	1
5	67	-0.00118451	0
5	68	0.00891661	1
5	69	-0.00441713	0
5	70	-0.00600025	1
5	71	0.0172948	1
5	72	0.0164507	1
5	73	0.024008	1
5	74	0.00975783	0
5	75	-0.01902	0
5	76	0.000385116	1
5	77	-0.000825148	0
5	78	0.0133049	0
5	79	0.0267163	0
5	80	0.00534092	1
5	81	0.00213396	0
5	82	-0.0241783	1
5	83	0.00973171	1
5	84	0.00162402	0
5	85	0.0126461	0
5	86	-0.00736733	1
5	87	-0.0130302	0
5	88	-0.00653503	0
5	89	-0.00762506	0
5	90	-0.00601445	1
5	91	-0.00415599	0
5	92	0.00757312	1
5	93	0.0206554	0
5	94	0.00650593	0
5	95	0.0130567	1
5	96	0.0175494	0
5	97	-0.00973659	0
5	98	0.0235088	1
5	99	0.0263235	1
6	0	0.00177315	1
6	1	0.00614241	0
6	2	-0.0155177	1
6	3	-0.0204019	1
6	4	0.0268483	1
6	5	0.00692843	1
6	6	-0.00217873	0
6	7	-0.00441449	1
6	8	-0.0100287	1
6	9	0.00999886	1
6	10	0.00340506	1
6	11	-0.0144801	0
6	12	-0.0121508	1
6	13	0.0182147	0
6	14	-0.0128643	0
6	15	-0.0061586	0
6	16	0.0018547	1
6	17	-0.0276908	0
6	18	0.00444893	0
6	19	-0.0146811	1
6	20	-0.0165024	0
6	21	0.000462228	1
6	22	0.00927671	1
6	23	-0.0214537	1
6	24	0.00246165	0
6	25	0.0160804	1
6	26	6.97161e-05	1
6	27	-0.0170634	0
6	28	-0.00189637	1
6	29	0.00852275	0
6	30	0.0090273	0
6	31	-0.00490433	1
6	32	0.0101731	0
6	33	0.016239	1
6	34	0.034329	1
6	35	-0.0279083	0
6	36	0.0122903	1
6	37	-0.00731525	1
6	38	0.0148764	0
6	39	0.00792089	1
6	40	-0.00658589	0
6	41	0.0192384	1
6	42	-0.00397443	1
6	43	0.0231332	1
6	44	-0.00374644	0
6	45	0.00336987	1
6	46	-0.0246081	1
6	47	0.0186155	1
6	48	-0.00395671	0
6	49	-0.00537254	0
6	50	0.00535908	0
6	51	-0.00376093	0
6	52	-0.00766875	0
6	53	-0.0167223	0
6	54	-0.00555614	0
6	55	0.00503931	1
6	56	-0.0105389	0
6	57	0.00861118	0
6	58	0.0116627	0
6	59	-0.00563285	1
6	60	0.00168215	0
6	61	-0.00970512	0
6	62	-0.024149	1
6	63	-0.0191197	1
6	64	-0.00239957	1
6	65	-0.00271765	0
6	66	-0.0239503	1
6	67	0.00429268	0
6	68	0.00821807	0
6	69	-0.000979492	1
6	70	0.0265366	0
6	71	-0.00117643	1
6	72	-0.0346719	0
6	73	0.0153281	0
6	74	0.00271339	1
6	75	-0.00289851	1
6	76	0.00754969	0
6	77	0.000176358	0
6	78	-0.0076486	1
6	79	0.00198786	0
6	80	0.023931	0
6	81	0.00641184	1
6	82	0.0034502	0
6	83	-0.00437182	0
6	84	-0.00259095	1
6	85	0.014265	0
6	86	0.000241306	1
6	87	0.014782	0
6	88	-0.0411614	1
6	89	0.0184779	0
6	90	-0.00519426	0
6	91	0.0141112	0
6	92	-0.0105336	1
6	93	0.0245664	1
6	94	0.0199329	0
6	95	-0.0163009	0
6	96	0.0286625	0
6	97	0.019586	1
6	98	-0.027319	1
6	99	-0.000653264	1
7	0	-0.0174471	0
7	1	0.0177916	0
7	2	0.000245671	0
7	3	-0.0102253	0
7	4	0.00338362	0
7	5	-0.0117308	0
7	6	0.0231559	0
7	7	-0.013747	0
7	8	-0.0161652	1
7	9	-0.00242865	0
7	10	0.013562	1
7	11	0.00202991	0
7	12	0.00762905	1
7	13	-0.0295622	1
7	14	0.021634	1
7	15	0.00147243	0
7	16	-0.0110742	1
7	17	0.00498411	0
7	18	0.0189972	1
7	19	-0.00176834	0
7	20	0.00553782	1
7	21	-0.00475712	0
7	22	0.00300928	1
7	23	0.0136771	0
7	24	-0.0138725	1
7	25	0.0124935	0
7	26	0.0150648	0
7	27	-0.0124663	0
7	28	0.00766913	1
7	29	0.00305088	1
7	30	0.0145874	1
7	31	-0.0241662	1
7	32	0.00749656	1
7	33	0.0101356	0
7	34	-0.00086912	0
7	35	-0.0112798	1
7	36	-0.0110615	0
7	37	-0.00451699	0
7	38	0.0195984	0
7	39	0.0275801	1
7	40	0.0116109	1
7	41	0.0143322	1
7	42	-0.00716379	1
7	43	-0.00508796	0
7	44	-0.00871929	0
7	45	-0.00586589	1
7	46	-0.0244287	1
7	47	0.00809616	0
7	48	0.00109679	0
7	49	0.0151512	0
7	50	0.0165203	0
7	51	-0.0122018	1
7	52	0.00396511	1
7	53	0.00229957	0
7	54	0.00442964	0
7	55	0.000735725	0
7	56	-0.00357657	1
7	57	-0.00921392	1
7	58	0.000335385	0
7	59	-0.0219886	1
7	60	-0.00361964	0
7	61	0.00927441	0
7	62	-0.00336026	1
7	63	0.0210553	1
7	64	0.0081183	0
7	65	0.00692644	0
7	66	0.0127239	0
7	67	-0.0251018	1
7	68	-0.0326837	1
7	69	0.00813193	1
7	70	-0.0143436	1
7	71	0.00860726	1
7	72	0.00672453	1
7	73	0.0115503	0
7	74	1.90841e-05	0
7	75	-0.00704722	1
7	76	0.0301259	1
7	77	-0.000274877	1
7	78	-0.00400775	0
7	79	-0.0304513	1
7	80	-0.017968	0
7	81	0.0316537	1
7	82	-0.032211	1
7	83	0.0192767	1
7	84	0.023393	0
7	85	-0.028664	0
7	86	0.00855245	0
7	87	0.018163	1
7	88	-0.0133798	0
7	89	0.00491411	0
7	90	0.018496	1
7	91	-0.0127013	1
7	92	0.0101972	1
7	93	-0.0271064	0
7	94	-0.0267079	1
7	95	-0.00661347	1
7	96	-0.010352	1
7	97	0.029176	1
7	98	-0.0346425	1
7	99	0.00618327	0
8	0	3.18486e-05	1
8	1	0.0113791	0
8	2	0.00661674	0
8	3	0.0141154	1
8	4	0.00187737	0
8	5	0.00362616	1
8	6	0.0097811	0
8	7	0.0138588	1
8	8	-0.00634543	0
8	9	0.0142971	0
8	10	-0.0374578	0
8	11	-0.0163145	1
8	12	0.00223934	0
8	13	-0.012364	1
8	14	-0.0243911	0
8	15	-0.00854209	0
8	16	0.00400025	0
8	17	-0.00959576	0
8	18	0.00108908	0
8	19	0.0352356	0
8	20	-0.0305989	0
8	21	-0.00778945	0
8	22	0.0161466	1
8	23	-0.0307778	1
8	24	-0.0141532	1
8	25	0.0208828	1
8	26	-0.0201088	1
8	27	-0.000973323	0
8	28	0.0230037	1
8	29	0.022757	0
8	30	-0.00240866	1
8	31	-0.0198973	1
8	32	-0.00424496	0
8	33	0.00443871	1
8	34	0.00531496	1
8	35	-0.00293321	0
8	36	0.0138534	0
8	37	-0.0162696	0
8	38	-0.00717254	1
8	39	0.0198076	0
8	40	0.0251855	0
8	41	0.00582666	0
8	42	0.0146257	1
8	43	-0.0372936	0
8	44	0.000732595	0
8	45	-0.0182358	1
8	46	0.007885	1
8	47	0.00238107	0
8	48	-0.00933459	1
8	49	0.0135162	0
8	50	-0.0107723	1
8	51	0.0016752	1
8	52	0.026536	1
8	53	0.0155237	0
8	54	0.0190741	1
8	55	0.00838044	1
8	56	-0.0355566	0
8	57	0.00707444	0
8	58	-0.00672546	0
8	59	0.00356238	1
8	60	-0.00644342	1
8	61	0.000737517	1
8	62	-0.0156657	1
8	63	0.00657621	0
8	64	0.0022202	0
8	65	-0.0115326	0
8	66	0.000666904	0
8	67	0.0122671	0
8	68	-0.0138106	1
8	69	0.0232016	1
8	70	6.88709e-05	0
8	71	-0.00996259	1
8	72	-0.00100272	0
8	73	0.000579016	0
8	74	0.00774258	1
8	75	0.0103896	0
8	76	0.00413092	1
8	77	0.0191227	1
8	78	-0.00586853	0
8	79	0.0182146	0
8	80	0.0115415	1
8	81	-0.00577286	1
8	82	-0.00174695	0
8	83	-0.012721	1
8	84	0.00379052	0
8	85	0.00673286	0
8	86	0.013545	1
8	87	-0.0104423	0
8	88	-0.00648179	0
8	89	-0.0178419	0
8	90	0.00307576	0
8	91	0.00956268	1
8	92	-0.0231593	0
8	93	-0.0114241	1
8	94	-0.0110457	1
8	95	-0.00461766	0
8	96	-0.0106027	1
8	97	0.0220878	0
8	98	0.00868918	0
8	99	-0.0108756	1
9	0	0.00980386	0
9	1	0.0149018	1
9	2	-0.0198072	1
9	3	0.00933858	0
9	4	-0.00318917	0
9	5	-0.0150233	1
9	6	0.00408915	1
9	7	0.00139914	0
9	8	0.0044064	1
9	9	0.0024709	1
9	10	-0.00125863	1
9	11	-0.0100923	0
9	12	4.35481e-05	0
9	13	-0.00594654	0
9	14	-0.00397978	0
9	15	-0.0183658	0
9	16	-0.0171021	1
9	17	0.00291986	1
9	18	9.67509e-05	1
9	19	-0.015114	0
9	20	0.00755193	1
9	21	0.00231759	1
9	22	0.00584506	0
9	23	0.0117702	0
9	24	0.00909794	0
9	25	0.016521	1
9	26	0.00308923	1
9	27	5.88459e-05	0
9	28	-0.00394797	1
9	29	-0.0057077	0
9	30	-0.0160382	0
9	31	-0.000842427	1
9	32	-0.014325	0
9	33	-0.01205	0
9	34	0.00592809	1
9	35	0.0201857	1
9	36	0.000666797	0
9	37	0.00330639	0
9	38	0.00135325	0
9	39	-0.0196955	1
9	40	0.00789174	0
9	41	-0.0324257	1
9	42	-0.0214323	1
9	43	0.00196056	0
9	44	-0.0119537	0
9	45	-0.00674174	1
9	46	0.0113045	1
9	47	0.0154109	1
9	48	0.00716664	0
9	49	-0.0101282	0
9	50	0.0013608	1
9	51	-0.00183996	1
9	52	-0.00486187	0
9	53	-0.00469737	1
9	54	0.0275225	0
9	55	0.0110029	1
9	56	0.0121652	0
9	57	-0.00403934	0
9	58	0.0335233	1
9	59	0.00749078	0
9	60	-0.0299144	1
9	61	-0.00131763	1
9	62	-0.0097375	0
9	63	0.0195175	1
9	64	0.00446468	1
9	65	-0.0104473	1
9	66	0.0112927	1
9	67	0.0104255	0
9	68	-0.0157273	0
9	69	-0.0306214	1
9	70	-0.0334708	1
9	71	-0.00257271	1
9	72	0.0012771	0
9	73	0.00381961	0
9	74	0.0105875	0
9	75	0.00342509	1
9	76	-0.00667538	1
9	77	0.00227683	1
9	78	-0.0108047	0
9	79	0.0121848	0
9	80	-0.00457214	1
9	81	0.00713631	0
9	82	0.000217462	0
9	83	0.0154235	0
9	84	-0.000966066	0
9	85	0.00942895	0
9	86	0.0162299	1
9	87	0.0130262	1
9	88	0.0251388	1
9	89	0.0169319	0
9	90	-0.0203583	1
9	91	-0.0120819	1
9	92	0.014409	1
9	93	-0.0132753	1
9	94	-0.00516087	1
9	95	0.00954394	0
9	96	-0.0102821	0
9	97	0.00055739	0
9	98	0.0201732	0
9	99	-0.0028581	0
10	0	-0.0129843	1
10	1	-0.0220565	0
10	2	0.00288136	1
10	3	-0.0181479	1
10	4	-0.00491093	1
10	5	0.0102878	1
10	6	-0.00155464	0
10	7	-0.0150948	1
10	8	-0.00907817	0
10	9	0.0216001	0
10	10	0.00633954	0
10	11	-0.0227331	1
10	12	0.000248756	0
10	13	-0.028082	0
10	14	0.00189522	0
10	15	-0.0285963	1
10	16	-0.00890603	0
10	17	0.0210177	0
10	18	-0.00627337	1
10	19	-0.00968288	1
10	20	-0.0173747	1
10	21	-0.00842212	1
10	22	0.0152995	0
10	23	-0.00200863	1
10	24	-0.0147296	1
10	25	0.00566699	1
10	26	-0.00108895	1
10	27	-0.0114838	0
10	28	-0.0216162	1
10	29	-7.04573e-05	0
10	30	0.0100585	0
10	31	-0.0101364	1
10	32	-0.0050077	0
10	33	-0.0111565	1
10	34	-0.0190314	1
10	35	-0.00574078	1
10	36	-0.0222384	1
10	37	0.00308248	1
10	38	0.00933724	1
10	39	0.00344879	0
10	40	-0.0136973	0
10	41	0.000777675	1
10	42	0.0361549	1
10	43	0.0238962	0
10	44	-0.00306187	0
10	45	0.00148138	0
10	46	-0.00963764	1
10	47	0.00638783	0
10	48	0.00246775	0
10	49	0.00533003	0
10	50	0.00470182	0
10	51	0.011165	1
10	52	0.0109152	0
10	53	-0.00101943	0
10	54	0.0108918	0
10	55	-0.000626644	0
10	56	-0.00629698	1
10	57	0.00756547	0
10	58	0.00205382	1
10	59	-0.0134196	0
10	60	0.0109514	1
10	61	-0.00749344	1
10	62	0.0147715	0
10	63	-0.0283199	1
10	64	-0.0120977	0
10	65	0.016662	0
10	66	-0.00295128	1
10	67	-0.00111606	1
10	68	0.00564432	0
10	69	-0.00340745	1
10	70	0.00118715	0
10	71	0.0193529	0
10	72	0.0080763	1
10	73	0.00281965	1
10	74	-0.00909045	1
10	75	0.0337505	0
10	76	0.010622	1
10	77	0.00267596	0
10	78	-0.0111156	0
10	79	-0.0212174	1
10	80	0.0198202	0
10	81	0.00699112	0
10	82	0.0267717	0
10	83	0.0213741	1
10	84	0.0176864	0
10	85	-0.00804648	1
10	86	0.0286677	1
10	87	-0.0146796	0
10	88	-0.0234599	0
10	89	0.0169799	0
10	90	-0.00181147	0
10	91	0.0172101	1
10	92	0.000332399	0
10	93	0.0139289	0
10	94	-0.0184169	1
10	95	-0.00972436	0
10	96	0.0117745	1
10	97	0.007942	0
10	98	0.00807918	1
10	99	-0.000110928	0
11	0	-0.000227764	1
11	1	0.0151125	0
11	2	-0.00382439	1
11	3	-0.00163192	1
11	4	0.0129906	0
11	5	-0.0214051	0
11	6	0.0032729	1
11	7	0.0061148	1
11	8	0.0177428	1
11	9	-0.00572483	0
11	10	-0.0222036	0
11	11	0.000182986	1
11	12	-0.0131275	0
11	13	-0.00612107	1
11	14	-0.0388963	0
11	15	-0.0285599	1
11	16	-0.00141001	1
11	17	-0.0185504	0
11	18	-0.0288691	0
11	19	0.0166031	0
11	20	-0.0110574	0
11	21	-0.007869	1
11	22	0.0176185	1
11	23	-0.00197622	1
11	24	-0.0088074	0
11	25	-0.00579385	0
11	26	-0.0129507	0
11	27	-0.00488021	0
11	28	0.00379951	1
11	29	0.00721157	1
11	30	-0.0262515	1
11	31	0.0145382	0
11	32	0.00386071	1
11	33	0.00252742	0
11	34	0.00786251	1
11	35	0.0122515	0
11	36	0.0397992	0
11	37	-0.0325849	1
11	38	0.0237486	0
11	39	-0.0022681	0
11	40	0.0208948	0
11	41	-0.0197445	0
11	42	0.000762645	0
11	43	-0.00481677	1
11	44	0.0299078	1
11	45	-0.0144043	0
11	46	-0.00448879	0
11	47	0.00872752	1
11	48	-0.00693951	0
11	49	-0.00166324	0
11	50	0.0150081	1
11	51	0.0200309	0
11	52	0.0146128	1
11	53	-0.0102003	0
11	54	0.0136047	0
11	55	-0.023067	0
11	56	-0.00482973	1
11	57	-0.0192549	1
11	58	0.00167943	1
11	59	0.00620117	0
11	60	-0.0228074	0
11	61	-0.000836793	0
11	62	0.00369392	0
11	63	0.0152366	1
11	64	-0.00675414	0
11	65	0.00621908	0
11	66	-0.0100495	0
11	67	0.00663401	1
11	68	-0.000486301	1
11	69	0.000603506	1
11	70	0.0285831	0
11	71	0.00503654	0
11	72	-0.0176071	0
11	73	0.013367	1
11	74	-0.00850289	1
11	75	0.00962774	0
11	76	0.00549259	1
11	77	-0.0284607	1
11	78	0.000417348	1
11	79	0.0175106	0
11	80	0.00426366	1
11	81	-0.00121912	1
11	82	0.0225931	1
11	83	-0.0114587	0
11	84	0.00678817	0
11	85	0.0175039	1
11	86	-0.0123503	0
11	87	-0.00305245	1
11	88	-0.0095779	0
11	89	0.00208755	0
11	90	0.00238959	0
11	91	-0.0018369	1
11	92	0.00395287	1
11	93	-0.003899	1
11	94	0.00491905	0
11	95	0.0182787	0
11	96	-0.0172429	0
11	97	-0.00242716	0
11	98	0.027684	1
11	99	0.0134193	1
12	0	0.024602	0
12	1	-0.0184068	1
12	2	0.0028395	0
12	3	-0.0152658	1
12	4	-0.00782572	1
12	5	-0.0103949	1
12	6	-0.00657454	1
12	7	0.00352403	1
12	8	0.00352401	1
12	9	0.031948	0
12	10	0.0193725	0
12	11	0.00903723	0
12	12	-0.00126183	1
12	13	-0.0020071	0
12	14	-0.00896724	0
12	15	0.0073254	0
12	16	-0.0217674	1
12	17	-0.0155419	0
12	18	-0.00381806	1
12	19	-0.0189315	1
12	20	-0.00192374	1
12	21	-0.0194216	1
12	22	0.00732547	1
12	23	0.0185785	0
12	24	-0.00935502	1
12	25	0.0149191	1
12	26	-0.0132772	0
12	27	-0.00490729	1
12	28	-0.00521496	1
12	29	-0.00771939	1
12	30	-0.0051018	0
12	31	-0.00498348	0
12	32	-0.0109346	1
12	33	-0.0064311	1
12	34	-0.00269589	1
12	35	0.00140432	1
12	36	0.0136239	1
12	37	-0.023786	1
12	38	-0.00166826	0
12	39	0.0170099	1
12	40	-0.00545963	1
12	41	-0.0030145	0
12	42	-0.0033397	1
12	43	0.0114323	1
12	44	0.0152346	1
12	45	-0.034168	1
12	46	0.00328305	0
12	47	0.0091625	0
12	48	0.0260639	1
12	49	-0.0143534	0
12	50	-0.00610442	0
12	51	-0.00488697	0
12	52	-0.0211469	1
12	53	0.00181866	1
12	54	0.00184331	0
12	55	-0.00871526	0
12	56	0.0202918	1
12	57	-0.0220317	1
12	58	-0.0178113	1
12	59	-0.0107553	1
12	60	-0.0198091	1
12	61	0.00207206	1
12	62	-0.000680569	1
12	63	0.0123449	0
12	64	0.00758501	1
12	65	-0.00410366	1
12	66	0.0132064	1
12	67	-0.0064179	0
12	68	-0.0207889	1
12	69	0.0160073	1
12	70	0.0241191	1
12	71	0.0408491	0
12	72	0.0145646	1
12	73	-0.00858229	0
12	74	-0.0245955	0
12	75	0.0159859	1
12	76	-0.00119391	0
12	77	0.00465581	1
12	78	0.0259892	0
12	79	0.0299636	0
12	80	0.00733374	1
12	81	-0.00840264	0
12	82	-0.0256722	1
12	83	0.0122805	1
12	84	0.0205425	1
12	85	0.0156838	0
12	86	-0.00589727	0
12	87	-0.00700095	1
12	88	0.0206959	1
12	89	0.0176547	1
12	90	0.0140871	0
12	91	0.00121377	0
12	92	0.0072414	1
12	93	0.00620072	0
12	94	-0.0180691	1
12	95	-0.0106782	1
12	96	-0.00172813	1
12	97	-0.00629708	1
12	98	-0.025602	0
12	99	0.00104848	0
13	0	-0.000997871	0
13	1	-0.00914151	0
13	2	-0.0165634	1
13	3	0.0155098	1
13	4	-0.00479761	1
13	5	0.00623033	0
13	6	-4.29652e-05	0
13	7	-0.0269999	0
13	8	-0.0160685	1
13	9	-0.0212533	0
13	10	0.01896	1
13	11	0.00623702	1
13	12	0.000905436	0
13	13	-0.00894728	0
13	14	0.00817872	1
13	15	-0.0175777	1
13	16	0.0227033	0
13	17	0.002173	1
13	18	-0.0258348	1
13	19	-0.0095986	0
13	20	-0.0119663	0
13	21	-0.0269735	0
13	22	-0.00332365	0
13	23	-0.00808588	1
13	24	-0.0136946	1
13	25	0.0130749	0
13	26	0.00328369	0
13	27	0.00388768	1
13	28	-0.00506667	0
13	29	0.0134003	0
13	30	-0.00704073	1
13	31	-0.0111929	1
13	32	-0.000294514	0
13	33	-0.0205485	0
13	34	-0.0124265	1
13	35	-0.00598884	0
13	36	-0.000767967	0
13	37	0.000204171	0
13	38	0.00339806	0
13	39	0.0225623	1
13	40	0.00288282	1
13	41	0.00762092	1
13	42	-0.00902741	1
13	43	0.00933706	1
13	44	-0.0225771	1
13	45	0.0173768	1
13	46	0.0209792	0
13	47	-0.00198193	1
13	48	-0.00213318	0
13	49	0.0241697	1
13	50	-0.00413812	0
13	51	0.0014031	0
13	52	-0.00869236	1
13	53	0.0204273	1
13	54	-0.0162421	1
13	55	-0.00378098	0
13	56	0.0176957	0
13	57	-0.00848188	1
13	58	0.000652593	0
13	59	0.0215308	1
13	60	0.0262502	0
13	61	-0.024276	1
13	62	-0.00525076	1
13	63	0.000352957	1
13	64	-0.0402056	0
13	65	-0.0192443	1
13	66	-0.00928871	0
13	67	-0.0257985	1
13	68	0.0089266	1
13	69	0.0100186	1
13	70	0.00155152	0
13	71	-0.00176627	1
13	72	0.0156342	0
13	73	-0.00356262	1
13	74	-0.00389631	1
13	75	-0.0174112	1
13	76	-0.00830535	1
13	77	-0.013627	0
13	78	0.00636382	1
13	79	0.0112587	1
13	80	0.0293893	1
13	81	0.00213681	0
13	82	-0.000790879	1
13	83	0.00178038	0
13	84	0.0232974	0
13	85	-5.18918e-05	0
13	86	0.00842673	1
13	87	0.0124163	1
13	88	-0.00413202	1
13	89	0.0117774	1
13	90	0.00458671	0
13	91	0.00178629	0
13	92	0.00988589	1
13	93	0.00298953	1
13	94	0.0015213	1
13	95	0.00483731	0
13	96	-0.0137753	1
13	97	0.0464786	1
13	98	0.0170002	0
13	99	0.0101802	0
14	0	-0.0012021	1
14	1	-0.0120789	0
14	2	-0.0139275	1
14	3	0.0129108	0
14	4	-0.0146559	1
14	5	-0.00563588	1
14	6	0.0189369	1
14	7	0.0142886	0
14	8	0.010359	0
14	9	-0.00764113	0
14	10	0.0151745	1
14	11	-0.00406246	1
14	12	-0.000200679	0
14	13	0.00127618	1
14	14	0.0174331	1
14	15	0.000594302	1
14	16	-0.00402774	1
14	17	0.0216088	0
14	18	0.00498542	0
14	19	7.67948e-06	0
14	20	0.00382054	1
14	21	-0.00820261	1
14	22	-0.000621099	1
14	23	-0.00126911	1
14	24	0.0246944	0
14	25	-0.0210766	0
14	26	0.0115053	1
14	27	-0.00757448	0
14	28	-0.0134994	1
14	29	0.000210563	0
14	30	-0.0143992	1
14	31	-0.0210736	1
14	32	0.00415465	1
14	33	0.0111603	0
14	34	0.00315913	0
14	35	-0.0036957	0
14	36	-0.0253146	0
14	37	0.0146032	1
14	38	0.0127282	1
14	39	-0.00752839	1
14	40	0.0047737	1
14	41	0.00477086	0
14	42	0.00490357	0
14	43	0.02836	1
14	44	0.0064952	0
14	45	-0.00308499	0
14	46	0.00346132	0
14	47	-0.00652518	0
14	48	-0.00546662	0
14	49	0.0247221	0
14	50	-0.0180451	1
14	51	0.0118351	1
14	52	0.01815	1
14	53	0.00537462	0
14	54	-0.00747161	1
14	55	0.0197153	0
14	56	-0.00965237	1
14	57	-0.00384514	0
14	58	-0.019756	1
14	59	-0.00498057	0
14	60	0.00279472	0
14	61	-0.00361935	0
14	62	0.0277447	1
14	63	0.0158364	0
14	64	-0.0113022	1
14	65	0.00076701	1
14	66	0.0180649	0
14	67	0.00552222	1
14	68	-0.00779368	0
14	69	0.00779407	0
14	70	-0.0100115	1
14	71	-0.0212363	1
14	72	0.019586	1
14	73	0.031701	0
14	74	0.00163407	0
14	75	-0.0101709	1
14	76	0.00527303	0
14	77	0.00381396	1
14	78	-0.000258814	0
14	79	-0.000217032	0
14	80	-0.0145842	1
14	81	-0.00395589	1
14	82	-0.00668137	1
14	83	-0.018868	1
14	84	0.0107654	0
14	85	-0.0107667	1
14	86	-0.0169024	0
14	87	0.0102788	0
14	88	-0.0197063	0
14	89	6.29634e-05	1
14	90	0.003919	0
14	91	-4.53605e-05	0
14	92	-0.0123821	0
14	93	-0.0296217	1
14	94	-0.0152318	0
14	95	-0.0192342	0
14	96	-0.00059997	0
14	97	-0.0109161	1
14	98	0.00656493	0
14	99	0.00232418	0
15	0	0.0113022	0
15	1	0.0157067	0
15	2	0.0182183	1
15	3	0.00747947	0
15	4	-0.0402281	0
15	5	-0.00168045	1
15	6	-0.00531194	0
15	7	0.00272292	0
15	8	-0.0112702	0
15	9	0.00583003	0
15	10	0.00307853	0
15	11	-0.0221715	0
15	12	-0.0200166	1
15	13	0.0059373	1
15	14	-0.00149848	1
15	15	-0.0050333	1
15	16	0.013324	0
15	17	0.00715231	1
15	18	-0.00307444	0
15	19	0.00206924	1
15	20	0.00481434	1
15	21	-0.0128263	1
15	22	0.0187956	1
15	23	0.0216989	1
15	24	0.00198891	0
15	25	-0.0365244	1
15	26	0.00612766	1
15	27	0.0209222	0
15	28	-0.0432141	0
15	29	-0.0261131	1
15	30	0.0156398	0
15	31	0.0342202	0
15	32	-0.00453671	0
15	33	0.0132683	0
15	34	-0.00236964	1
15	35	-0.00342308	0
15	36	0.00619825	1
15	37	0.00770422	1
15	38	0.0101046	0
15	39	-0.0015276	1
15	40	-0.0251001	0
15	41	-0.0103029	0
15	42	0.018033	0
15	43	-0.00488627	1
15	44	-0.0132245	1
15	45	-0.0245909	0
15	46	0.0335433	0
15	47	-0.00241403	0
15	48	0.00746837	0
15	49	-0.0055891	1
15	50	-0.00282702	0
15	51	0.0139661	0
15	52	0.00975023	0
15	53	-0.00693727	1
15	54	-0.0207387	1
15	55	0.00370951	1
15	56	-0.00524073	0
15	57	-0.010025	0
15	58	-0.00335138	1
15	59	-0.00430812	1
15	60	-0.017616	1
15	61	0.0105501	0
15	62	-0.0148643	0
15	63	0.0125267	0
15	64	-0.00202818	1
15	65	-0.00942462	0
15	66	-0.00184355	0
15	67	-0.00795643	0
15	68	0.014537	1
15	69	-0.0025542	1
15	70	-0.00487157	0
15	71	-0.0059635	1
15	72	-0.0138755	0
15	73	-0.00848145	1
15	74	0.00505383	1
15	75	-0.00369067	0
15	76	0.00450556	0
15	77	-0.0100436	0
15	78	0.00571598	0
15	79	0.0107683	0
15	80	0.0165485	0
15	81	0.0239678	0
15	82	0.0152612	1
15	83	-0.0107039	0
15	84	0.0134169	1
15	85	0.0202534	0
15	86	0.0102148	1
15	87	0.022842	1
15	88	-0.00327349	1
15	89	0.00128652	1
15	90	-0.00999463	1
15	91	-0.00693533	0
15	92	0.00807198	0
15	93	-0.00393849	0
15	94	0.0024865	0
15	95	-0.000430228	1
15	96	-0.0112053	1
15	97	-0.00855063	1
15	98	-0.0143487	0
15	99	0.0141685	0
16	0	0.0201419	0
16	1	-0.00141315	0
16	2	0.0183768	1
16	3	0.0103589	0
16	4	0.0117062	1
16	5	0.00238709	1
16	6	0.0116703	0
16	7	-0.0083822	0
16	8	-0.0102296	0
16	9	0.0237555	0
16	10	-0.0141322	1
16	11	-0.0131589	1
16	12	0.0194677	1
16	13	-0.00922496	1
16	14	-0.0252269	1
16	15	0.00443395	1
16	16	0.00265207	0
16	17	0.00621253	1
16	18	0.014611	0
16	19	-0.00840333	1
16	20	-0.0149731	0
16	21	-0.0107798	0
16	22	0.00934739	1
16	23	0.00117403	0
16	24	-0.0137016	1
16	25	0.00977243	1
16	26	-0.00186538	0
16	27	0.00315236	0
16	28	0.027701	1
16	29	0.0102988	0
16	30	0.0148316	1
16	31	-0.0148609	1
16	32	-0.0142388	0
16	33	0.0276837	1
16	34	-0.00254201	0
16	35	-0.0074684	0
16	36	0.0115357	1
16	37	0.00330014	0
16	38	-0.00113061	1
16	39	0.0247705	1
16	40	0.0209438	0
16	41	-0.0253056	1
16	42	-0.00573017	1
16	43	0.013057	0
16	44	-0.0157855	1
16	45	0.0018302	0
16	46	-0.0100951	0
16	47	-0.00480467	1
16	48	0.00219162	0
16	49	0.0090348	1
16	50	1.61929e-05	1
16	51	0.00212223	1
16	52	0.00286585	1
16	53	-0.0196431	1
16	54	-0.0172363	1
16	55	-0.0102505	1
16	56	-0.0254133	1
16	57	0.0264708	1
16	58	-0.0323214	1
16	59	0.00112417	0
16	60	-0.0297668	1
16	61	0.00555168	0
16	62	-0.00488613	0
16	63	-0.00976833	0
16	64	-0.0109918	1
16	65	-0.00313515	1
16	66	-0.00169519	0
16	67	-0.0247432	1
16	68	0.0128873	1
16	69	-0.00843615	0
16	70	0.0190222	1
16	71	-0.0300689	0
16	72	-0.00457165	0
16	73	-0.00571766	0
16	74	-0.0121947	1
16	75	-0.0209156	0
16	76	0.0324119	1
16	77	0.00837508	1
16	78	0.00222108	0
16	79	0.00464979	0
16	80	-0.0170903	0
16	81	-0.00881773	0
16	82	0.0151833	0
16	83	0.00553822	1
16	84	0.012674	0
16	85	-0.00321989	1
16	86	0.00175314	0
16	87	0.0139817	0
16	88	0.00487558	1
16	89	-0.00578218	0
16	90	0.0127174	1
16	91	0.00951288	1
16	92	-0.00414738	1
16	93	0.00650244	1
16	94	-0.0070803	0
16	95	-0.0210222	1
16	96	0.0359414	0
16	97	-0.0245355	1
16	98	0.0187666	0
16	99	0.0053404	1
17	0	0.00104207	1
17	1	-0.00915812	0
17	2	0.00304877	0
17	3	-0.0180742	1
17	4	0.0014399	1
17	5	-0.00639935	0
17	6	0.00974029	0
17	7	-0.027152	0
17	8	0.000903392	1
17	9	0.0107154	0
17	10	0.00184781	0
17	11	0.0133684	0
17	12	0.0061427	0
17	13	-0.0374996	0
17	14	-0.00690845	0
17	15	-0.00943562	1
17	16	0.0233228	0
17	17	-0.00303762	1
17	18	-0.00169644	0
17	19	-0.000928899	1
17	20	-0.00494841	0
17	21	-0.0027843	1
17	22	-0.00938196	1
17	23	-0.0106734	1
17	24	0.00712659	0
17	25	-0.000275971	0
17	26	0.0101515	0
17	27	-0.0290228	1
17	28	-0.00990545	0
17	29	0.0386096	1
17	30	0.0048488	0
17	31	-0.00295857	0
17	32	0.0180348	1
17	33	-0.00434225	1
17	34	-0.00943678	0
17	35	-0.0156117	1
17	36	-0.000226503	0
17	37	-0.0055862	1
17	38	-0.017817	1
17	39	0.024058	0
17	40	0.0123446	1
17	41	0.00227253	1
17	42	-0.00620766	1
17	43	-0.00357176	1
17	44	0.00299481	0
17	45	-0.00833814	0
17	46	0.00941076	1
17	47	-0.00211199	0
17	48	0.0178407	1
17	49	0.0252119	1
17	50	-0.0108191	0
17	51	0.0133889	0
17	52	0.00381027	1
17	53	0.012907	1
17	54	0.0103655	1
17	55	0.0141343	1
17	56	0.012802	0
17	57	0.000542897	0
17	58	-0.0111816	0
17	59	-0.00873103	0
17	60	0.0350064	0
17	61	0.0157873	1
17	62	-0.0310221	0
17	63	-0.0123155	1
17	64	-0.013778	1
17	65	0.00351832	0
17	66	-0.0003034	1
17	67	-0.0210388	0
17	68	-0.00374013	0
17	69	-0.00439599	0
17	70	-0.00349088	0
17	71	0.0031937	0
17	72	0.00396928	1
17	73	0.00145535	0
17	74	0.00786115	0
17	75	0.0237987	0
17	76	-0.0240915	0
17	77	0.0109434	1
17	78	0.0171927	0
17	79	-0.0161485	1
17	80	0.0217257	1
17	81	0.00140691	0
17	82	0.017835	1
17	83	0.011083	1
17	84	-0.00336002	1
17	85	-0.00275479	1
17	86	-0.00554407	0
17	87	0.0280661	1
17	88	-0.0148039	1
17	89	0.0151416	0
17	90	-0.0138369	0
17	91	-0.00493981	0
17	92	-0.00841737	0
17	93	-0.00990401	0
17	94	0.00999552	0
17	95	-0.0197278	0
17	96	-0.00934198	1
17	97	-0.0180966	0
17	98	-0.00589247	1
17	99	0.000759984	1
18	0	0.017889	1
18	1	-0.0257088	1
18	2	0.0128293	0
18	3	-0.0222269	1
18	4	-0.00993849	0
18	5	0.00973313	1
18	6	-0.0137004	0
18	7	0.0243504	1
18	8	0.0124516	1
18	9	0.00939833	0
18	10	0.00660922	0
18	11	0.00411298	1
18	12	-0.00207623	1
18	13	0.024228	0
18	14	0.00748734	1
18	15	0.0181788	1
18	16	0.0196248	0
18	17	0.0102891	1
18	18	-0.0282602	0
18	19	-0.00310002	0
18	20	0.0095102	1
18	21	-0.0105702	0
18	22	0.0255532	0
18	23	-0.0330178	0
18	24	-0.0249101	1
18	25	-0.00398592	1
18	26	0.0152857	1
18	27	0.0156144	1
18	28	-0.00105874	1
18	29	0.0127063	0
18	30	-0.00966935	0
18	31	0.00647344	0
18	32	-0.00223952	0
18	33	-0.00679433	0
18	34	-0.00464379	0
18	35	0.0326133	1
18	36	-0.00499155	0
18	37	-0.00861644	0
18	38	0.0168334	1
18	39	0.00196002	1
18	40	0.00875625	1
18	41	-0.039974	1
18	42	-0.0111193	1
18	43	-0.0077852	1
18	44	-0.00920968	1
18	45	0.00152938	1
18	46	-0.00998169	1
18	47	0.00660765	1
18	48	0.000605059	0
18	49	-0.0267777	1
18	50	-0.000255794	0
18	51	-0.017251	1
18	52	-6.01756e-05	0
18	53	0.000934199	0
18	54	-0.0216986	0
18	55	0.014897	1
18	56	-0.0104477	1
18	57	0.00882683	1
18	58	0.00840229	1
18	59	0.0258234	0
18	60	-0.0157002	1
18	61	-0.00883065	0
18	62	0.00918338	1
18	63	-0.000504418	0
18	64	-0.0187872	0
18	65	-0.00369535	1
18	66	-0.010493	0
18	67	-0.0134068	1
18	68	0.0177855	1
18	69	0.0262704	1
18	70	0.00689654	0
18	71	0.00403664	0
18	72	-0.00386835	1
18	73	-0.00464531	1
18	74	0.00393047	1
18	75	0.00619923	0
18	76	-0.0052017	1
18	77	-0.00156968	1
18	78	0.014839	1
18	79	0.00908196	1
18	80	0.00868485	0
18	81	-0.00260501	1
18	82	0.00274596	0
18	83	0.00694114	0
18	84	0.00295033	0
18	85	-0.00586616	0
18	86	0.0054515	1
18	87	-0.02174	1
18	88	-0.00933333	0
18	89	0.012648	1
18	90	-0.00975711	1
18	91	0.0172971	1
18	92	0.00215799	0
18	93	0.0144949	0
18	94	-0.00894322	1
18	95	-0.0214888	0
18	96	-0.00437751	1
18	97	-0.00780281	1
18	98	-0.00406183	1
18	99	-0.00896073	0
19	0	-0.0405932	1
19	1	-0.0042164	1
19	2	0.0140137	1
19	3	0.0112738	1
19	4	0.00156206	1
19	5	0.00810466	0
19	6	0.00670551	0
19	7	-0.00217133	0
19	8	0.0222425	0
19	9	-0.0172022	0
19	10	0.0176655	1
19	11	0.0152255	0
19	12	-0.00839348	0
19	13	0.0130099	0
19	14	-0.0216182	0
19	15	-0.00233217	0
19	16	0.00215642	1
19	17	0.00506397	0
19	18	-0.00658947	1
19	19	0.0191518	1
19	20	0.0106737	0
19	21	-0.00467113	0
19	22	0.00527517	1
19	23	-0.00952948	1
19	24	0.0171062	1
19	25	0.00325081	1
19	26	-0.00175505	1
19	27	0.000938801	1
19	28	-0.00214483	0
19	29	-0.0100074	0
19	30	-0.00356426	1
19	31	0.00317134	0
19	32	-0.0171841	0
19	33	0.00654941	0
19	34	0.000161759	0
19	35	-0.00442599	0
19	36	-0.0192733	0
19	37	-0.0155051	1
19	38	-0.00697359	1
19	39	-0.00656739	1
19	40	0.021735	1
19	41	-0.0153553	1
19	42	0.00592622	0
19	43	-0.0019804	0
19	44	-0.00340289	1
19	45	0.00747468	0
19	46	-0.00197456	1
19	47	-0.010862	1
19	48	-0.00485907	1
19	49	-0.00270685	1
19	50	-0.0342109	0
19	51	-0.00163399	0
19	52	0.0023863	1
19	53	-0.00446334	1
19	54	0.00131204	1
19	55	0.0212175	1
19	56	-0.00415055	1
19	57	-0.00858991	0
19	58	-0.0194958	0
19	59	-0.00312141	0
19	60	-0.0114435	1
19	61	0.00511546	1
19	62	0.00129421	1
19	63	-0.00387212	0
19	64	0.00567723	0
19	65	0.00797191	1
19	66	-0.00296009	0
19	67	-0.00336801	0
19	68	0.0150576	0
19	69	-0.0205427	1
19	70	0.00166039	0
19	71	-0.00405028	1
19	72	-0.00887916	0
19	73	0.0174206	0
19	74	0.014899	0
19	75	-0.00489895	1
19	76	-0.0013973	1
19	77	-0.00961234	1
19	78	0.0256461	0
19	79	-0.00622721	0
19	80	0.025406	1
19	81	-0.00655162	1
19	82	0.00495926	0
19	83	-0.00227171	0
19	84	-0.00269032	0
19	85	0.0287162	0
19	86	-0.00225933	0
19	87	0.0238822	0
19	88	0.00190057	0
19	89	-0.00626688	0
19	90	0.0105343	1
19	91	-0.000827382	0
19	92	0.00332193	0
19	93	0.00640551	0
19	94	-0.00526237	0
19	95	-0.00620176	0
19	96	-0.0185115	0
19	97	0.00283518	0
19	98	0.0112321	1
19	99	-0.00767047	1
20	0	-0.00790785	0
20	1	-0.0178292	0
20	2	0.00786699	0
20	3	-0.00813276	0
20	4	-0.00243203	1
20	5	-0.00126395	0
20	6	0.00395163	1
20	7	0.0054958	1
20	8	0.00544411	1
20	9	0.00318573	1
20	10	-0.0165423	1
20	11	0.00632044	0
20	12	0.0085796	1
20	13	0.0183221	0
20	14	-0.000627431	1
20	15	-0.0054654	1
20	16	-0.00467803	1
20	17	0.0157919	1
20	18	-0.000245021	1
20	19	0.0175117	1
20	20	-0.000409208	0
20	21	0.00889804	0
20	22	-0.0317891	1
20	23	0.0204412	1
20	24	0.00122878	1
20	25	0.00128458	1
20	26	-0.00561028	0
20	27	-0.000124756	0
20	28	0.014539	1
20	29	-7.39201e-05	1
20	30	0.0036327	1
20	31	0.00847795	1
20	32	-0.0159714	0
20	33	-0.00276315	0
20	34	-0.00574099	0
20	35	-0.0080599	1
20	36	0.00760121	0
20	37	0.0211317	0
20	38	0.00650174	0
20	39	0.0144597	0
20	40	-0.00737986	1
20	41	-0.0331363	1
20	42	0.0283321	1
20	43	-0.0098119	1
20	44	0.00333634	1
20	45	0.0108915	1
20	46	-0.0179528	1
20	47	0.0231414	1
20	48	0.000369387	0
20	49	0.00404451	0
20	50	0.00239484	1
20	51	0.0158444	0
20	52	0.0252608	1
20	53	0.00158347	0
20	54	0.0161805	0
20	55	0.0169241	1
20	56	-0.011007	0
20	57	-0.00989511	1
20	58	0.00181083	1
20	59	0.00164735	0
20	60	-0.00616705	0
20	61	0.00120911	1
20	62	0.0105555	1
20	63	0.00333934	1
20	64	0.0212998	1
20	65	-0.00640031	0
20	66	0.0201407	1
20	67	0.0110221	0
20	68	0.0128014	0
20	69	-0.0215047	0
20	70	0.00249198	1
20	71	-0.0108921	0
20	72	-0.00223037	0
20	73	-0.00661727	0
20	74	0.00972	0
20	75	0.0127958	0
20	76	-0.0116591	0
20	77	0.0202528	1
20	78	-0.00395878	0
20	79	-0.00464796	0
20	80	-0.0166536	0
20	81	-0.00126449	1
20	82	-0.0150458	0
20	83	-0.00372916	0
20	84	-0.00813822	0
20	85	-0.0226698	1
20	86	-0.0154035	1
20	87	-0.0148619	0
20	88	-0.020359	1
20	89	-0.00583889	0
20	90	-0.00821214	1
20	91	-0.0124291	1
20	92	0.00248236	1
20	93	0.00513749	0
20	94	0.00169074	0
20	95	-0.0135067	0
20	96	0.00690367	0
20	97	-0.0207458	1
20	98	-0.00831194	1
20	99	-0.00817374	0
21	0	-0.0049842	0
21	1	0.0235985	0
21	2	-0.0317055	1
21	3	0.00189405	1
21	4	0.00659639	0
21	5	-0.00389999	0
21	6	-0.00587803	1
21	7	-0.00780715	0
21	8	0.00679457	0
21	9	-0.00276264	0
21	10	0.00742049	0
21	11	-0.00644366	1
21	12	0.00469266	0
21	13	0.00618148	1
21	14	-0.00627489	1
21	15	0.0052466	1
21	16	0.0106129	1
21	17	-0.0280392	0
21	18	0.0105018	0
21	19	-0.00991838	1
21	20	0.0138113	0
21	21	0.0237043	0
21	22	0.00927241	0
21	23	-0.0141584	0
21	24	-0.01428	1
21	25	-0.000585606	1
21	26	-0.00981772	0
21	27	-0.00928767	0
21	28	0.00112129	0
21	29	-0.0264806	0
21	30	-0.0161978	1
21	31	-0.0039077	0
21	32	-0.00194143	1
21	33	0.00385135	1
21	34	0.00298944	0
21	35	0.0189216	1
21	36	-0.00131154	1
21	37	-0.00200975	1
21	38	-0.015018	1
21	39	0.009678	1
21	40	-0.00369326	1
21	41	0.00637601	1
21	42	-0.0241357	1
21	43	-0.00689948	1
21	44	0.00894347	0
21	45	-0.000775078	1
21	46	-0.0101336	1
21	47	0.0133632	0
21	48	-0.00297748	1
21	49	-0.00426986	1
21	50	0.00957706	0
21	51	-0.0135555	0
21	52	0.00393019	1
21	53	-0.0200998	0
21	54	-0.0152563	0
21	55	0.00711714	1
21	56	0.0156412	0
21	57	-0.0326736	1
21	58	0.00787542	1
21	59	0.000589128	0
21	60	0.0154623	1
21	61	-0.00809635	1
21	62	0.00942136	1
21	63	0.00217245	1
21	64	-0.00688319	0
21	65	0.00588065	0
21	66	0.00490487	0
21	67	0.0263659	1
21	68	0.00765533	0
21	69	-0.00374914	1
21	70	0.00668847	1
21	71	0.0136145	1
21	72	-0.00206144	0
21	73	0.0167853	0
21	74	0.00942629	0
21	75	0.00882747	0
21	76	-0.00465331	1
21	77	0.0244519	0
21	78	-0.00567224	1
21	79	-0.00927289	0
21	80	-0.0254747	0
21	81	-0.00720195	0
21	82	0.0147818	1
21	83	-0.00246372	1
21	84	0.0125248	0
21	85	0.00390793	0
21	86	0.0180416	0
21	87	0.0115007	1
21	88	0.0187957	1
21	89	-0.0139723	1
21	90	-0.0143299	1
21	91	0.0121183	0
21	92	-0.010927	1
21	93	-0.0297729	1
21	94	0.00566283	1
21	95	-0.00693446	1
21	96	0.0150758	1
21	97	0.0180375	1
21	98	-0.0150622	1
21	99	0.00130158	1
22	0	-0.0233997	0
22	1	-0.00866901	1
22	2	-0.0155435	0
22	3	0.00421586	1
22	4	0.0150148	1
22	5	0.00966103	1
22	6	-0.0130011	0
22	7	0.0335372	0
22	8	-0.0114932	1
22	9	-0.00975458	1
22	10	-0.026595	1
22	11	-0.000428835	1
22	12	-0.00934769	0
22	13	0.00172086	0
22	14	0.00817274	0
22	15	0.0116648	0
22	16	-0.0117852	0
22	17	0.00289996	1
22	18	0.00159691	1
22	19	-0.0101493	0
22	20	0.00550559	1
22	21	0.00881227	0
22	22	0.0194001	1
22	23	-0.00788382	1
22	24	0.00829162	0
22	25	0.00462527	1
22	26	-0.0166582	1
22	27	-0.00697891	0
22	28	-0.00345471	0
22	29	0.00572201	0
22	30	0.000885474	0
22	31	0.0231742	1
22	32	0.0163238	0
22	33	-0.0147719	0
22	34	0.0195767	1
22	35	-0.00155555	0
22	36	-0.0140738	0
22	37	-0.0169086	1
22	38	-0.0165641	0
22	39	-0.00998787	1
22	40	-0.000661853	0
22	41	-0.0117741	0
22	42	-0.0286811	1
22	43	0.00483364	0
22	44	-0.00927128	0
22	45	-0.0121395	0
22	46	0.00471775	0
22	47	0.00579457	0
22	48	0.00473494	1
22	49	-0.00393301	1
22	50	-0.000267517	1
22	51	-0.0211104	1
22	52	0.0109314	1
22	53	0.00149107	0
22	54	0.0337977	1
22	55	0.0293877	1
22	56	-0.00758197	1
22	57	-0.00217745	0
22	58	-0.0125202	1
22	59	0.00762965	1
22	60	-0.000967113	0
22	61	-0.00529474	0
22	62	-0.0133438	1
22	63	-0.0250848	0
22	64	0.0313195	1
22	65	-0.00753239	1
22	66	-0.00774082	1
22	67	0.0165322	0
22	68	-0.0147359	0
22	69	0.00648881	1
22	70	-0.0019121	1
22	71	0.00479231	0
22	72	0.000155114	1
22	73	0.00483036	0
22	74	0.00693455	1
22	75	0.0170077	0
22	76	0.00910089	0
22	77	0.00406329	0
22	78	0.00055253	1
22	79	0.00232227	0
22	80	-0.00495162	1
22	81	0.0104533	1
22	82	0.0201411	1
22	83	0.00167945	0
22	84	0.00700159	0
22	85	-0.0209251	1
22	86	-0.0169535	1
22	87	-0.000674246	0
22	88	0.00285289	0
22	89	0.00356212	1
22	90	0.00211405	0
22	91	0.0266365	0
22	92	-0.017943	0
22	93	-0.00512338	1
22	94	-0.0157877	1
22	95	0.00903838	0
22	96	0.00437247	0
22	97	0.0172753	1
22	98	-0.0056061	0
22	99	0.0103531	1
23	0	0.00106707	1
23	1	-0.00605771	1
23	2	-0.019538	1
23	3	0.0381977	0
23	4	-0.0126582	1
23	5	0.0118668	0
23	6	0.0123893	1
23	7	-0.00235369	0
23	8	-0.00364223	1
23	9	-0.022364	1
23	10	-0.0013809	1
23	11	-0.0137115	0
23	12	-0.0100439	0
23	13	0.00093169	1
23	14	-0.00657514	1
23	15	-0.000954857	1
23	16	0.0133508	1
23	17	-0.0091237	0
23	18	0.00663619	0
23	19	0.0152205	0
23	20	0.00746926	0
23	21	-0.0114671	1
23	22	0.00467233	1
23	23	0.0133819	0
23	24	0.0105315	1
23	25	0.000877422	0
23	26	-0.0286764	0
23	27	0.00546603	0
23	28	-0.000612373	0
23	29	-0.0247546	0
23	30	0.013771	0
23	31	-0.00885847	0
23	32	4.23458e-06	1
23	33	-0.0115304	0
23	34	-0.00110725	1
23	35	0.00134326	1
23	36	-0.018534	0
23	37	-0.00560556	1
23	38	0.00517022	1
23	39	-0.0227797	1
23	40	-0.00585072	0
23	41	0.0122582	0
23	42	-0.0111142	1
23	43	-0.00408903	1
23	44	-0.00475373	0
23	45	-0.0148952	0
23	46	-0.0108237	0
23	47	0.00668415	0
23	48	0.0201935	0
23	49	0.0153807	0
23	50	0.0108496	0
23	51	-0.00041252	0
23	52	-0.0170831	0
23	53	0.0181834	0
23	54	0.00224892	0
23	55	0.0113796	1
23	56	0.0044834	0
23	57	0.0260439	0
23	58	-0.00897256	1
23	59	-0.00465415	1
23	60	-0.0040447	0
23	61	-0.0029137	0
23	62	0.0139726	1
23	63	0.00708231	0
23	64	-0.0195076	1
23	65	0.00373103	0
23	66	-0.0201675	0
23	67	0.0126598	1
23	68	-0.00848704	0
23	69	0.0132277	0
23	70	-0.00445844	1
23	71	0.0201989	1
23	72	-0.00396564	0
23	73	0.00588687	0
23	74	-0.0087651	1
23	75	0.00703373	1
23	76	0.00253748	0
23	77	-0.00185164	1
23	78	-0.0266382	1
23	79	-0.00537677	1
23	80	-0.000773352	0
23	81	0.0156805	1
23	82	0.00836686	1
23	83	-0.00749581	0
23	84	0.00278662	0
23	85	0.0253967	0
23	86	0.0213047	1
23	87	-0.0218808	0
23	88	-0.0101194	0
23	89	-1.09988e-05	0
23	90	-0.0221049	0
23	91	0.013971	1
23	92	-0.0085394	1
23	93	0.0246367	1
23	94	-0.01038	0
23	95	0.021559	0
23	96	0.00979126	1
23	97	0.00177895	0
23	98	-0.0113585	0
23	99	0.00216317	0
24	0	0.00439805	1
24	1	-0.00520304	0
24	2	0.00730053	0
24	3	0.0124543	0
24	4	0.00639367	0
24	5	0.0202199	1
24	6	-0.00135152	0
24	7	0.0140014	0
24	8	0.0282973	0
24	9	0.0167707	1
24	10	-0.00860312	1
24	11	-0.0128252	0
24	12	0.0105388	1
24	13	-0.00108929	0
24	14	-0.00215428	0
24	15	-0.00526108	1
24	16	-0.0155708	1
24	17	0.00582704	0
24	18	0.0106886	0
24	19	0.00712729	0
24	20	0.0203798	0
24	21	-0.0163786	0
24	22	-0.000303085	0
24	23	-0.0128292	0
24	24	-0.0225036	0
24	25	0.00263795	0
24	26	0.0269704	1
24	27	0.0116539	0
24	28	0.00321564	0
24	29	-0.00274526	1
24	30	5.48797e-05	0
24	31	-0.00533717	1
24	32	0.00169406	0
24	33	0.00203437	1
24	34	-0.00576186	0
24	35	-0.0165772	0
24	36	-0.0130737	0
24	37	-0.00626505	0
24	38	0.0149135	1
24	39	0.00581274	1
24	40	-0.0142429	0
24	41	0.00168077	0
24	42	-0.00799779	1
24	43	0.0301982	0
24	44	-0.00651962	1
24	45	-0.00647469	0
24	46	-0.0131369	1
24	47	-0.00799753	0
24	48	-0.000883072	0
24	49	0.0206605	1
24	50	-0.0131329	0
24	51	0.0109274	0
24	52	0.000655703	1
24	53	-0.00010152	1
24	54	0.0119323	1
24	55	-0.00475494	0
24	56	-0.00338555	0
24	57	0.0131513	1
24	58	0.0191631	0
24	59	-0.00935565	0
24	60	0.0202096	1
24	61	0.0126899	0
24	62	-0.00790654	0
24	63	0.00812679	0
24	64	-0.0175987	1
24	65	-0.0124026	1
24	66	-0.000350937	1
24	67	-0.00804073	0
24	68	-0.00796366	0
24	69	-0.00419517	1
24	70	-0.0145618	0
24	71	-0.0192088	1
24	72	-0.00795316	1
24	73	-0.0248746	1
24	74	-0.0242243	1
24	75	0.0151682	1
24	76	0.00516555	0
24	77	-0.00970972	1
24	78	0.0136781	1
24	79	0.0159548	1
24	80	-0.00281502	0
24	81	-0.0229966	0
24	82	-0.0119111	0
24	83	0.00759046	0
24	84	0.0070777	0
24	85	0.00734408	0
24	86	0.0232614	0
24	87	-0.00601774	0
24	88	0.016174	1
24	89	-0.00746556	1
24	90	-0.0115948	0
24	91	-0.016004	0
24	92	-0.00416543	0
24	93	0.00445466	1
24	94	-0.0194311	1
24	95	0.026628	0
24	96	-0.0121139	1
24	97	0.0141812	0
24	98	-0.0197488	1
24	99	-0.0043879	1
25	0	-0.025848	1
25	1	-0.00391181	0
25	2	-0.00241457	1
25	3	0.00957725	1
25	4	-0.00923163	0
25	5	0.0236876	1
25	6	0.0129027	1
25	7	0.0184787	1
25	8	-0.00412002	0
25	9	0.0185868	0
25	10	-0.0319345	0
25	11	0.00129322	0
25	12	-0.0117422	1
25	13	-0.00413837	1
25	14	-0.00381595	1
25	15	-0.00590847	1
25	16	-0.0131996	1
25	17	-0.00172491	1
25	18	0.00453977	1
25	19	-0.00703322	1
25	20	0.016924	1
25	21	-0.00644664	0
25	22	0.00410992	1
25	23	-0.00255429	0
25	24	0.00686664	0
25	25	-0.0158835	1
25	26	0.023928	0
25	27	0.00458638	1
25	28	0.00975859	1
25	29	0.0064727	0
25	30	-0.00391199	1
25	31	0.000965157	1
25	32	0.00318196	1
25	33	-0.00782577	0
25	34	-0.0112915	1
25	35	-0.0286648	0
25	36	-0.0193163	0
25	37	0.00311462	0
25	38	0.0287838	1
25	39	0.0248493	1
25	40	0.00188079	1
25	41	0.00245811	0
25	42	-0.00235456	0
25	43	-0.0315862	1
25	44	-0.0137891	0
25	45	-0.00758033	1
25	46	0.0169295	1
25	47	-0.00767747	1
25	48	-0.00587631	1
25	49	-0.0383098	1
25	50	0.000942838	1
25	51	0.00308599	0
25	52	0.000265139	1
25	53	-0.00712586	0
25	54	-0.0270669	1
25	55	0.0163987	0
25	56	-0.014227	0
25	57	-0.0213506	0
25	58	0.0141499	1
25	59	0.00775755	1
25	60	0.0469158	1
25	61	0.0183393	0
25	62	0.0137266	0
25	63	-0.00581201	1
25	64	-0.00379859	1
25	65	0.0040726	0
25	66	0.0124312	1
25	67	0.00760249	0
25	68	-0.0259654	1
25	69	0.0116341	0
25	70	0.0100775	0
25	71	-0.00105006	1
25	72	-0.00531923	1
25	73	-0.010531	1
25	74	0.0147648	0
25	75	0.00630479	1
25	76	0.00922935	0
25	77	-0.0293911	0
25	78	0.0192354	1
25	79	-0.00141527	0
25	80	-0.0173373	1
25	81	0.00702758	0
25	82	-0.00238334	0
25	83	0.0194509	0
25	84	-0.00510566	1
25	85	-0.00928344	0
25	86	-0.0145993	1
25	87	0.0185584	0
25	88	0.0150381	0
25	89	-0.0154553	0
25	90	0.0171004	1
25	91	-0.00543359	0
25	92	0.0111613	0
25	93	0.0224887	1
25	94	-0.0136378	1
25	95	-0.0177467	0
25	96	0.0184924	0
25	97	-0.0130922	1
25	98	0.000820437	0
25	99	0.00427144	0
26	0	-0.00249102	0
26	1	-0.0119434	0
26	2	0.00269851	1
26	3	-0.00433642	0
26	4	0.00688407	0
26	5	-0.00486142	1
26	6	0.00603259	0
26	7	0.00248271	0
26	8	-0.00838268	0
26	9	0.023288	0
26	10	0.0166712	0
26	11	-0.0273234	0
26	12	0.0129802	0
26	13	0.000316379	0
26	14	0.0062808	0
26	15	0.01317	0
26	16	-0.00478756	1
26	17	0.0135899	0
26	18	0.00755776	1
26	19	-0.025638	0
26	20	0.00875466	1
26	21	-0.00968	1
26	22	-0.00934515	0
26	23	-0.00477596	0
26	24	-0.0232556	0
26	25	-0.003225	1
26	26	-0.0272522	0
26	27	-0.0239755	1
26	28	-0.0117024	1
26	29	0.00616037	1
26	30	-0.00338744	0
26	31	0.0326747	0
26	32	0.0394052	0
26	33	-0.0196093	0
26	34	0.00678003	0
26	35	0.00913398	0
26	36	0.00506725	1
26	37	-0.0103114	1
26	38	-0.0153609	1
26	39	0.0128005	0
26	40	-0.00181024	1
26	41	0.0112094	0
26	42	-0.00933634	0
26	43	0.0138567	1
26	44	-0.00664731	1
26	45	0.0141277	0
26	46	-0.00117639	1
26	47	0.00446967	1
26	48	-0.0191047	1
26	49	-0.00469728	1
26	50	0.00463888	0
26	51	-0.00250886	0
26	52	-0.00253984	1
26	53	0.001519	1
26	54	-0.00599968	1
26	55	-0.0198286	0
26	56	-0.00927544	0
26	57	0.00332632	1
26	58	-0.0301551	1
26	59	-0.00349221	0
26	60	0.00895913	1
26	61	0.00646161	1
26	62	-0.00688424	0
26	63	0.000529469	0
26	64	0.0254971	1
26	65	0.00485167	1
26	66	-0.0108942	0
26	67	0.000633313	0
26	68	-0.00544214	1
26	69	-0.0089073	0
26	70	-0.00418135	1
26	71	-0.00735175	1
26	72	0.0219473	1
26	73	0.00358986	1
26	74	-0.0120298	1
26	75	0.0215363	1
26	76	-0.00807404	1
26	77	-0.00347818	1
26	78	0.0196864	1
26	79	0.00244092	1
26	80	0.00437084	1
26	81	0.014847	0
26	82	0.0117507	1
26	83	-0.00293088	1
26	84	-7.89967e-06	1
26	85	0.0044215	0
26	86	-0.0175585	1
26	87	-0.00273724	0
26	88	-0.0102528	1
26	89	0.00160398	0
26	90	0.00782077	1
26	91	-0.00789114	0
26	92	-0.00745328	0
26	93	0.00416908	1
26	94	-0.00700593	0
26	95	0.021434	0
26	96	0.00614962	1
26	97	0.0257368	0
26	98	0.0146292	0
26	99	-0.0276455	1
27	0	-0.0127932	0
27	1	0.000705305	0
27	2	-0.00827236	0
27	3	0.0122162	1
27	4	-0.00230809	0
27	5	-0.00567099	1
27	6	-0.000379192	0
27	7	0.0255304	1
27	8	-0.000280265	1
27	9	-0.00944107	1
27	10	-0.0035032	1
27	11	0.00296073	1
27	12	-0.00675598	1
27	13	0.00657442	0
27	14	0.0164833	1
27	15	0.00167147	0
27	16	0.00875665	0
27	17	-0.013226	0
27	18	0.00201825	0
27	19	-0.0311933	1
27	20	0.0170421	0
27	21	0.00518896	1
27	22	-0.00989329	0
27	23	-0.00789033	1
27	24	0.00717397	1
27	25	0.0021635	1
27	26	-0.0205272	1
27	27	-0.01665	1
27	28	-0.0190117	0
27	29	-0.00574968	0
27	30	-0.0147895	0
27	31	-0.00873467	1
27	32	0.00546453	1
27	33	-0.00200643	0
27	34	-0.0340836	0
27	35	0.00796085	1
27	36	-0.0052969	1
27	37	-0.0188643	1
27	38	-0.0296673	0
27	39	0.012468	0
27	40	-0.00330914	1
27	41	0.00392133	0
27	42	0.00646326	1
27	43	0.01005	1
27	44	-0.00680071	0
27	45	-0.00797525	1
27	46	0.0149772	1
27	47	-0.00108071	0
27	48	0.00470615	1
27	49	0.00192544	1
27	50	0.0181272	1
27	51	0.0162538	1
27	52	0.0062652	1
27	53	0.00585619	1
27	54	0.00887125	1
27	55	-0.00813435	1
27	56	0.0110193	0
27	57	-0.0236481	0
27	58	0.00422699	0
27	59	-0.00278388	0
27	60	-0.0177379	1
27	61	0.043703	0
27	62	-0.0138233	1
27	63	-0.0151688	0
27	64	-0.00797138	1
27	65	-0.0104572	0
27	66	-0.00217035	0
27	67	-0.000938526	1
27	68	0.0108784	1
27	69	0.0109986	1
27	70	0.00729427	0
27	71	-0.00696461	1
27	72	-0.0043547	0
27	73	0.00973046	0
27	74	-0.00890669	0
27	75	0.00512168	0
27	76	0.00652806	1
27	77	0.0325556	0
27	78	0.0107294	1
27	79	0.0265494	0
27	80	0.0169356	1
27	81	0.000992028	0
27	82	0.00441507	1
27	83	-0.00372899	0
27	84	-0.0183905	1
27	85	-0.00264723	1
27	86	0.00635511	1
27	87	0.0067415	0
27	88	0.00295795	0
27	89	0.0211481	0
27	90	0.018403	1
27	91	-0.00166985	1
27	92	-0.000268844	0
27	93	-0.00448325	0
27	94	-0.0206142	1
27	95	0.00919227	0
27	96	0.00069607	1
27	97	-0.01984	1
27	98	-0.012111	0
27	99	0.0140004	0
28	0	-0.0037998	1
28	1	0.0099701	1
28	2	-0.00533512	0
28	3	0.0146626	1
28	4	-0.0124985	0
28	5	-0.0178039	1
28	6	-0.0217034	0
28	7	-0.00723972	1
28	8	0.0220397	0
28	9	-0.00794042	1
28	10	0.00736438	1
28	11	-0.000194992	1
28	12	0.0136154	0
28	13	-0.0232323	1
28	14	-0.00181741	0
28	15	-0.00151133	1
28	16	0.00617925	1
28	17	0.0149412	0
28	18	0.0189723	1
28	19	-0.00103318	1
28	20	0.00563841	0
28	21	-0.0221595	1
28	22	-0.00930329	1
28	23	-0.000186757	0
28	24	-0.00534172	0
28	25	-0.0292177	0
28	26	-0.00322771	1
28	27	-0.0054763	1
28	28	-0.00328137	0
28	29	-0.0135554	1
28	30	0.0103644	0
28	31	0.0111424	1
28	32	-0.0184172	0
28	33	0.0148703	0
28	34	0.0100386	0
28	35	-0.0168102	0
28	36	0.00911488	0
28	37	-0.025696	1
28	38	-0.0125832	0
28	39	0.0135091	1
28	40	0.0168684	1
28	41	0.00522196	1
28	42	-0.0129152	0
28	43	-0.0159019	0
28	44	-0.010532	1
28	45	-0.0071011	1
28	46	-0.00233436	1
28	47	0.00416148	1
28	48	-0.0107635	0
28	49	0.0202052	1
28	50	-0.00547268	1
28	51	0.0399378	0
28	52	0.00239611	1
28	53	0.00151152	1
28	54	0.00883349	0
28	55	-0.0108057	0
28	56	-0.0150007	1
28	57	-0.0132018	1
28	58	0.0138696	1
28	59	0.00851272	1
28	60	0.0126847	0
28	61	-0.0139447	0
28	62	0.00330803	0
28	63	-0.000971376	0
28	64	-0.00121668	0
28	65	-0.00979785	1
28	66	-0.00696301	1
28	67	-0.00957341	0
28	68	-0.00786322	1
28	69	0.0221604	0
28	70	0.00526376	0
28	71	-0.000439776	1
28	72	0.0225811	1
28	73	0.00479808	1
28	74	0.00968211	0
28	75	0.0151753	0
28	76	-0.00960042	1
28	77	0.0187849	1
28	78	0.00189048	0
28	79	0.00645856	1
28	80	-0.0188436	1
28	81	0.0185715	0
28	82	-0.00762047	0
28	83	-0.00635512	0
28	84	-0.0169574	0
28	85	0.00239969	1
28	86	0.000592048	1
28	87	-0.0137912	0
28	88	0.0326884	0
28	89	0.00974702	0
28	90	-0.0038506	1
28	91	-0.00709619	0
28	92	-0.00342559	1
28	93	-0.0154923	0
28	94	0.00837448	0
28	95	-0.00470279	1
28	96	0.0182482	1
28	97	-0.00291313	1
28	98	0.00570319	1
28	99	0.0117607	1
29	0	-0.00870219	0
29	1	0.0092396	1
29	2	-0.00223584	0
29	3	0.0187066	0
29	4	0.0138632	1
29	5	-0.0110536	1
29	6	-0.0220977	1
29	7	0.00255171	0
29	8	0.00784704	0
29	9	0.00405073	1
29	10	-0.00477183	1
29	11	-0.0309324	0
29	12	0.00315637	0
29	13	0.000226682	0
29	14	-0.00686881	1
29	15	0.000508361	1
29	16	-0.0115626	0
29	17	-0.000103757	1
29	18	-0.00375663	1
29	19	-0.0116283	0
29	20	-0.00451664	1
29	21	-0.00185413	1
29	22	0.000248094	1
29	23	-0.0138443	0
29	24	0.024143	1
29	25	-0.0106018	0
29	26	0.0226878	1
29	27	-0.0150399	0
29	28	-0.00349761	0
29	29	0.00753558	1
29	30	0.00967242	1
29	31	-0.000670174	0
29	32	-0.00127579	0
29	33	-0.0121012	1
29	34	-0.000135871	0
29	35	-0.0333221	1
29	36	-0.00577435	1
29	37	-0.00946627	1
29	38	-0.00193462	1
29	39	-0.00746998	1
29	40	0.008741	0
29	41	0.00384322	0
29	42	-0.00833057	0
29	43	-0.0148165	0
29	44	0.0219161	0
29	45	-0.0228143	0
29	46	-0.000993085	0
29	47	-0.0128563	1
29	48	-0.0112112	1
29	49	0.0139774	1
29	50	0.0225092	1
29	51	0.00730348	1
29	52	-0.0242009	0
29	53	0.00483887	1
29	54	-0.0047594	1
29	55	0.00879164	1
29	56	-0.00972508	1
29	57	-0.0283368	0
29	58	-0.0109292	1
29	59	-0.000892175	1
29	60	0.00356206	1
29	61	0.00986443	0
29	62	0.00242654	1
29	63	-0.00693108	0
29	64	0.0108519	1
29	65	0.00293955	1
29	66	0.0246283	0
29	67	0.011538	0
29	68	0.0210458	0
29	69	0.0221106	1
29	70	-0.0180805	1
29	71	0.00870806	0
29	72	-0.022135	0
29	73	0.00464312	1
29	74	0.00864782	0
29	75	-0.00489279	1
29	76	-0.00490663	1
29	77	-0.00623361	1
29	78	0.0207145	1
29	79	-0.0110858	1
29	80	-0.0084687	0
29	81	-0.0238331	1
29	82	0.0257731	0
29	83	0.00960043	0
29	84	0.0111128	0
29	85	0.0341427	0
29	86	0.00394646	0
29	87	-0.00555115	0
29	88	-0.0066411	1
29	89	0.00960232	0
29	90	0.00996492	1
29	91	0.0101222	0
29	92	0.0013894	0
29	93	0.00857185	1
29	94	0.0165361	0
29	95	0.00919802	1
29	96	0.0160186	0
29	97	-0.00967945	0
29	98	-0.0170229	0
29	99	-0.00347194	1
30	0	0.00307087	1
30	1	-0.00230243	1
30	2	-0.021705	0
30	3	-0.00883581	0
30	4	-0.0115288	0
30	5	0.0114161	0
30	6	0.00485597	0
30	7	-0.037694	1
30	8	-0.00587076	0
30	9	0.00899441	0
30	10	-0.00775355	0
30	11	-0.00471691	0
30	12	0.0108695	0
30	13	-0.00651404	0
30	14	0.0121124	1
30	15	0.0106925	0
30	16	0.00273529	0
30	17	0.00535431	0
30	18	-0.00191289	1
30	19	-0.00710068	0
30	20	-0.0290959	1
30	21	-0.0219996	1
30	22	0.00562709	0
30	23	-0.0129234	0
30	24	0.0088489	0
30	25	-0.0103576	1
30	26	-0.00410057	1
30	27	0.015036	0
30	28	0.00642955	0
30	29	0.00030268	0
30	30	0.00629228	1
30	31	-0.00927377	1
30	32	-0.0180599	1
30	33	0.00515863	0
30	34	-0.011808	1
30	35	-0.0110649	0
30	36	-0.00943213	0
30	37	0.012	1
30	38	0.0172215	0
30	39	0.00998735	1
30	40	-0.0063793	1
30	41	-0.00676213	0
30	42	0.0041949	0
30	43	0.00954821	0
30	44	0.00262842	1
30	45	-0.00160162	1
30	46	0.0117913	0
30	47	0.00917061	0
30	48	0.0134554	1
30	49	0.0125459	0
30	50	-0.00562043	1
30	51	-0.0279945	0
30	52	0.0153423	1
30	53	0.00908981	1
30	54	-0.0110648	1
30	55	0.0239618	0
30	56	0.00837387	1
30	57	0.0194517	0
30	58	-0.0114618	1
30	59	-0.0202427	1
30	60	-0.0209243	1
30	61	0.00367524	0
30	62	-0.00139144	1
30	63	0.0233352	1
30	64	0.000446654	0
30	65	0.00741135	0
30	66	0.00619612	1
30	67	-0.00065498	0
30	68	0.00403975	0
30	69	-0.00995826	1
30	70	0.00622575	0
30	71	0.00451395	1
30	72	-0.0061558	0
30	73	-0.000604902	0
30	74	-0.017513	0
30	75	-0.00974141	0
30	76	-0.0323169	1
30	77	-0.00441228	1
30	78	0.0136389	0
30	79	-0.019453	1
30	80	0.0324701	0
30	81	0.0113989	0
30	82	0.00893757	0
30	83	0.0104851	1
30	84	0.0230936	1
30	85	0.0150192	1
30	86	-0.0192845	1
30	87	0.019844	1
30	88	-0.00496299	0
30	89	0.00379944	1
30	90	-0.0138262	1
30	91	0.00471704	1
30	92	0.0140466	1
30	93	-0.0104876	0
30	94	-0.00835376	0
30	95	0.00499188	1
30	96	0.0212754	0
30	97	-0.00120749	1
30	98	-0.00313965	1
30	99	-0.00655533	0
31	0	-0.0114585	1
31	1	-0.0164436	1
31	2	0.0314508	1
31	3	0.0184823	1
31	4	0.00757682	0
31	5	-0.00888926	1
31	6	-0.00435236	0
31	7	-0.00527475	1
31	8	9.49629e-06	0
31	9	-4.64975e-05	1
31	10	0.0282013	1
31	11	-0.0105909	1
31	12	-0.00604997	1
31	13	0.00291472	0
31	14	-0.000782295	0
31	15	0.00121307	1
31	16	0.00627394	1
31	17	-0.0047499	0
31	18	-0.0128418	1
31	19	-0.0210351	0
31	20	-0.000980895	0
31	21	0.0262698	1
31	22	-0.015289	1
31	23	0.00438312	0
31	24	0.00538836	0
31	25	0.0124153	0
31	26	-0.0237257	0
31	27	-0.0181067	0
31	28	0.0159951	1
31	29	-0.0115016	0
31	30	-0.00266882	1
31	31	-0.0272693	0
31	32	-0.000424126	0
31	33	-0.00987398	1
31	34	0.00657581	0
31	35	-0.00269781	0
31	36	0.00703066	0
31	37	-0.0225392	1
31	38	0.00642983	1
31	39	-0.00369766	1
31	40	-0.00145504	0
31	41	-0.00953756	1
31	42	0.0100978	0
31	43	0.00356077	1
31	44	-0.00793119	0
31	45	-0.0147896	1
31	46	0.00861073	0
31	47	-0.0131123	1
31	48	0.0172158	1
31	49	0.0154247	0
31	50	8.18501e-05	1
31	51	-0.01168	0
31	52	-0.00133248	1
31	53	-0.00417399	0
31	54	-0.00898309	0
31	55	0.0208436	0
31	56	-0.00173362	1
31	57	0.00637431	0
31	58	0.0175123	1
31	59	0.0074045	1
31	60	-0.00595652	1
31	61	0.0238778	1
31	62	0.0286694	1
31	63	0.0166506	1
31	64	-0.0281572	1
31	65	-0.000644601	0
31	66	-0.00403976	1
31	67	-0.00861597	0
31	68	0.022269	0
31	69	0.00517213	0
31	70	-0.0070399	0
31	71	-0.0391554	1
31	72	0.0134261	1
31	73	-0.00295137	1
31	74	0.0266435	1
31	75	-0.00680861	1
31	76	0.0117248	1
31	77	-0.0113151	1
31	78	0.00168266	0
31	79	0.0216638	1
31	80	-0.0158892	1
31	81	0.0136662	1
31	82	0.0342968	1
31	83	-0.0159592	0
31	84	0.0187417	0
31	85	-0.0106729	0
31	86	-0.00236778	0
31	87	-0.0252078	1
31	88	-0.00498453	1
31	89	0.00087879	1
31	90	0.00713893	1
31	91	-0.0126705	0
31	92	-0.00590725	0
31	93	-0.0277621	0
31	94	0.0159242	0
31	95	0.0117562	0
31	96	0.00467202	1
31	97	-0.0116255	0
31	98	-0.00574483	0
31	99	0.00290273	0
32	0	0.015537	1
32	1	-0.0215357	1
32	2	-0.0136425	0
32	3	0.00741932	1
32	4	0.0292625	1
32	5	0.0117281	1
32	6	0.00843657	0
32	7	0.0156869	0
32	8	0.0094472	0
32	9	-0.0104635	1
32	10	0.0202485	1
32	11	0.0240034	0
32	12	-0.0118529	1
32	13	0.00936036	1
32	14	0.00908391	0
32	15	-0.00744042	1
32	16	0.00347991	1
32	17	-0.000788849	0
32	18	-0.0079012	1
32	19	0.000261532	1
32	20	-0.0146208	1
32	21	0.00377317	0
32	22	-0.0357965	1
32	23	-0.00910828	0
32	24	-0.0089805	0
32	25	0.0058933	1
32	26	0.00401464	1
32	27	-0.0043436	0
32	28	-0.0223161	0
32	29	0.015038	0
32	30	-0.0121656	1
32	31	-0.00695577	1
32	32	0.00925921	1
32	33	-0.0211643	0
32	34	-0.00708945	1
32	35	-0.00400393	1
32	36	0.00180516	1
32	37	-0.0200229	0
32	38	0.00908236	0
32	39	-0.0173144	1
32	40	-0.000895684	1
32	41	-0.0281974	0
32	42	0.02796	1
32	43	0.00953049	1
32	44	0.0127187	1
32	45	-0.0199106	1
32	46	0.0107379	0
32	47	-0.0289676	0
32	48	0.0115221	0
32	49	-0.0123468	1
32	50	0.0100673	0
32	51	0.000166388	0
32	52	0.0304756	1
32	53	0.00133704	0
32	54	-0.0150231	1
32	55	0.00679101	0
32	56	-0.00270447	1
32	57	0.0171925	1
32	58	-0.0131684	0
32	59	0.0155343	1
32	60	-0.0128812	0
32	61	-0.00787625	0
32	62	-0.0224985	1
32	63	-0.0211967	0
32	64	0.00832404	1
32	65	-0.00484166	0
32	66	0.0163546	0
32	67	0.01133	1
32	68	0.00157853	0
32	69	0.00390109	0
32	70	-0.00881435	0
32	71	-0.0153123	0
32	72	0.00451156	1
32	73	-0.0219301	0
32	74	-0.00921966	1
32	75	-0.00915712	0
32	76	0.00177839	0
32	77	0.00942682	0
32	78	0.000801618	1
32	79	-0.00684507	1
32	80	-0.018269	0
32	81	0.0199	1
32	82	0.0203882	0
32	83	-0.0303225	0
32	84	-0.000925493	0
32	85	0.00909767	0
32	86	0.0085358	0
32	87	0.000135972	0
32	88	0.0140201	0
32	89	0.0152109	1
32	90	0.00602094	1
32	91	0.00944998	1
32	92	-0.00796896	0
32	93	-0.00902127	0
32	94	0.00633243	1
32	95	0.0468225	0
32	96	-0.0021356	1
32	97	0.00114933	1
32	98	0.00466339	0
32	99	0.00134857	1
33	0	-0.0239908	0
33	1	0.00276503	0
33	2	-0.00068667	1
33	3	0.00420917	0
33	4	0.00458043	1
33	5	-0.00254319	1
33	6	0.0121652	0
33	7	0.016381	0
33	8	-0.0108295	0
33	9	-0.000497951	0
33	10	0.00345279	1
33	11	0.00784341	1
33	12	0.00142511	1
33	13	-0.00526362	1
33	14	-0.0174716	1
33	15	0.000319051	1
33	16	0.00709121	0
33	17	-0.00237494	0
33	18	0.00823133	1
33	19	-0.0193459	0
33	20	0.0158433	1
33	21	0.0073449	0
33	22	0.00575175	0
33	23	-0.0071388	1
33	24	-0.00159477	0
33	25	-0.0188636	0
33	26	-0.013529	1
33	27	-0.0139743	1
33	28	-0.00189997	1
33	29	-0.00401114	0
33	30	0.00521057	0
33	31	-0.00864149	1
33	32	0.00972262	0
33	33	-0.0115268	0
33	34	0.00015101	0
33	35	0.0158345	0
33	36	-0.00526589	1
33	37	-0.0159732	0
33	38	-0.00649795	0
33	39	0.0105088	1
33	40	0.00463257	1
33	41	-0.0272536	0
33	42	-0.00394557	1
33	43	-0.0134646	0
33	44	0.00864897	0
33	45	-0.00511287	0
33	46	-0.00662324	1
33	47	0.0151275	0
33	48	0.00077699	1
33	49	0.0231795	0
33	50	-0.00638786	0
33	51	-0.00860277	1
33	52	0.0322984	1
33	53	0.0232758	0
33	54	0.00239356	0
33	55	-0.0243597	1
33	56	0.0146398	0
33	57	-0.00991141	0
33	58	6.59319e-06	1
33	59	-0.0171984	0
33	60	-0.0017265	0
33	61	0.00204171	1
33	62	0.005472	1
33	63	-0.00444756	0
33	64	-0.0139802	1
33	65	0.00654039	0
33	66	0.0232576	1
33	67	-0.00299626	0
33	68	0.00410116	0
33	69	0.0110496	0
33	70	-0.0239305	1
33	71	-0.0082054	0
33	72	-0.0146161	1
33	73	0.0157179	0
33	74	-0.00354071	1
33	75	-0.00717804	1
33	76	-0.0188143	1
33	77	-0.0179213	0
33	78	-0.00727046	0
33	79	0.0205102	1
33	80	0.0260009	0
33	81	0.00205789	0
33	82	-0.00836462	0
33	83	0.00851279	1
33	84	0.011946	1
33	85	0.0205522	1
33	86	0.0178939	0
33	87	-0.0218415	1
33	88	0.018758	1
33	89	0.0276653	0
33	90	-0.00355384	0
33	91	0.009426	0
33	92	0.0129791	0
33	93	-0.0108309	1
33	94	-0.00388026	1
33	95	0.00972693	0
33	96	-0.0193183	0
33	97	0.00601712	0
33	98	-0.0118765	1
33	99	-0.00496321	1
34	0	0.0168698	1
34	1	0.0127884	1
34	2	0.00486813	1
34	3	-0.0088417	0
34	4	-0.0236444	0
34	5	0.0296794	0
34	6	0.00203692	0
34	7	-0.00460598	1
34	8	-0.00642497	1
34	9	-0.0190588	0
34	10	-0.0212524	1
34	11	-0.0186915	1
34	12	0.0131731	0
34	13	0.00830479	0
34	14	-0.0120519	0
34	15	-0.00259166	0
34	16	0.00162722	1
34	17	0.00524258	1
34	18	0.012251	0
34	19	-0.0228779	0
34	20	0.0230464	0
34	21	-0.0105437	1
34	22	0.00767619	0
34	23	0.0132788	0
34	24	-0.0185363	1
34	25	0.0173323	1
34	26	0.017562	1
34	27	0.00310465	0
34	28	0.00911597	1
34	29	0.0189566	1
34	30	0.00114876	0
34	31	-1.63499e-05	1
34	32	0.00200873	1
34	33	0.0120117	1
34	34	0.00827715	0
34	35	0.0112386	1
34	36	0.00256825	0
34	37	0.0321227	0
34	38	0.00646515	0
34	39	-0.0204868	1
34	40	0.00424438	1
34	41	0.00214739	1
34	42	-0.0171458	0
34	43	-0.011746	0
34	44	-0.00615835	0
34	45	0.0110263	0
34	46	-0.00211152	0
34	47	0.00312292	1
34	48	-0.00262574	0
34	49	0.0116317	1
34	50	-0.00440906	1
34	51	0.0295469	1
34	52	-0.0055938	1
34	53	-0.00478145	0
34	54	-0.0215529	1
34	55	-0.00724482	1
34	56	-0.0114911	1
34	57	0.0141695	1
34	58	-0.00602564	1
34	59	0.00943422	0
34	60	0.0361662	0
34	61	-0.0144775	0
34	62	0.0145754	0
34	63	0.00466365	0
34	64	-0.0203459	1
34	65	-0.00675646	1
34	66	-0.00881809	0
34	67	0.0273167	1
34	68	-0.00670714	1
34	69	0.0014362	0
34	70	0.000727664	0
34	71	0.022849	1
34	72	0.0167923	1
34	73	-0.0307543	1
34	74	-0.00146343	1
34	75	-0.0365325	0
34	76	-0.00420896	0
34	77	0.00177449	0
34	78	-0.00289742	0
34	79	-0.0173927	0
34	80	0.00698273	0
34	81	0.0164843	1
34	82	-0.00787286	0
34	83	-0.00170938	0
34	84	-0.0072384	0
34	85	-0.019295	1
34	86	-0.0122802	1
34	87	-0.00149591	1
34	88	0.00390751	1
34	89	-0.005971	1
34	90	0.000376174	0
34	91	-0.0298087	0
34	92	0.00741162	1
34	93	0.019553	0
34	94	-0.0199777	0
34	95	-0.000608931	1
34	96	-0.0182234	1
34	97	-0.00486648	0
34	98	0.00325458	1
34	99	0.00786275	1
35	0	0.00537729	1
35	1	-0.00489051	0
35	2	-0.00571291	1
35	3	0.00986324	0
35	4	-0.018403	0
35	5	0.0193905	1
35	6	0.0349469	1
35	7	0.0117512	1
35	8	0.00394525	0
35	9	-0.0118176	1
35	10	0.00307996	1
35	11	0.0290448	0
35	12	-0.0120582	1
35	13	-0.0401629	1
35	14	-0.00471853	0
35	15	0.00727653	0
35	16	0.0418344	0
35	17	0.0229886	1
35	18	0.000431701	1
35	19	-0.0114598	1
35	20	0.0146808	1
35	21	-0.00423667	1
35	22	0.00157616	0
35	23	-0.00840322	1
35	24	-0.00868038	1
35	25	0.0102961	1
35	26	-0.0208292	1
35	27	-0.00912486	0
35	28	-0.0152063	1
35	29	-0.00754297	0
35	30	-0.00788225	1
35	31	-0.0211203	0
35	32	-0.0115392	0
35	33	-0.00154913	0
35	34	0.00276404	1
35	35	0.0360054	0
35	36	-0.000402271	0
35	37	0.0198336	1
35	38	0.0425922	0
35	39	0.0191266	1
35	40	0.0076869	0
35	41	0.0112296	1
35	42	-0.0155175	1
35	43	-0.0165015	1
35	44	-0.0210334	1
35	45	0.00909622	1
35	46	0.00898037	1
35	47	-0.00872171	0
35	48	0.00545456	1
35	49	-0.00488444	1
35	50	-0.0305387	1
35	51	-0.00583803	0
35	52	0.0164392	1
35	53	0.0151106	1
35	54	-0.0177117	0
35	55	0.00916173	0
35	56	0.00104424	0
35	57	-0.00405891	0
35	58	-0.00889712	0
35	59	0.00126294	1
35	60	0.00542631	0
35	61	0.00708905	1
35	62	-0.00319274	0
35	63	-0.000654074	1
35	64	-0.0159795	1
35	65	-0.00519229	1
35	66	0.0019577	1
35	67	-0.00313491	0
35	68	0.0129903	0
35	69	0.0233696	0
35	70	-0.00547699	1
35	71	0.00407704	0
35	72	-0.0174067	1
35	73	-0.00690648	1
35	74	0.00931159	0
35	75	-0.0202281	0
35	76	-0.00915925	1
35	77	0.000461733	1
35	78	-0.000913235	0
35	79	-0.0145106	1
35	80	-0.022003	1
35	81	-0.00595338	1
35	82	-0.00156713	0
35	83	0.0100757	1
35	84	-0.0158382	0
35	85	0.0172282	1
35	86	-0.00110222	0
35	87	0.0143406	1
35	88	0.00276636	0
35	89	-0.0135676	1
35	90	0.0182778	0
35	91	-0.019997	1
35	92	-0.00403393	1
35	93	-0.00550873	0
35	94	-0.00737277	0
35	95	0.000817306	0
35	96	-0.00108381	1
35	97	-0.00612948	0
35	98	-0.00175681	0
35	99	0.0176514	0
36	0	-0.000493378	1
36	1	0.000622123	1
36	2	-0.0032925	0
36	3	-0.00447998	0
36	4	-0.02667	1
36	5	-0.0159455	0
36	6	-0.0194824	1
36	7	-0.0113875	1
36	8	0.0139535	0
36	9	-0.00297019	0
36	10	-0.0276356	1
36	11	-0.0119836	1
36	12	0.00612083	0
36	13	-0.00308227	1
36	14	0.000276294	0
36	15	-0.0171844	0
36	16	0.00406337	0
36	17	0.00201872	0
36	18	-0.000994119	1
36	19	-0.00545375	0
36	20	0.03352	0
36	21	-0.00325167	0
36	22	-0.0151687	0
36	23	-0.0165757	1
36	24	0.0329925	0
36	25	-0.00529187	0
36	26	0.0155548	1
36	27	-0.0165996	0
36	28	-0.0053371	1
36	29	0.00882277	0
36	30	-0.0161571	0
36	31	-0.0120183	0
36	32	-0.0152432	1
36	33	0.00338985	1
36	34	-0.00330552	1
36	35	-0.0130114	0
36	36	-0.0104798	0
36	37	0.0207664	1
36	38	0.0092058	1
36	39	0.00451625	1
36	40	-0.000409299	0
36	41	-0.0022073	1
36	42	0.0328441	0
36	43	-0.0108291	1
36	44	0.0123601	1
36	45	-0.000998585	0
36	46	-0.0147253	1
36	47	0.00471846	1
36	48	-0.0143351	0
36	49	0.0310564	0
36	50	-0.00816053	1
36	51	0.00791719	1
36	52	0.0180117	0
36	53	-0.00738685	1
36	54	-0.0103101	0
36	55	0.00474948	0
36	56	0.0147375	0
36	57	-0.0118397	1
36	58	-0.00709094	1
36	59	0.00565447	0
36	60	-0.00278592	0
36	61	0.0143071	0
36	62	-0.00162478	0
36	63	0.00320735	1
36	64	0.00146265	0
36	65	0.00169196	0
36	66	0.0306297	1
36	67	-0.0116099	0
36	68	0.00464004	1
36	69	0.0172957	0
36	70	-0.00799532	1
36	71	-0.0103275	0
36	72	-0.00284742	0
36	73	0.00870694	1
36	74	-0.0111372	1
36	75	-0.00486458	1
36	76	0.00528393	1
36	77	-0.0295758	1
36	78	-0.00273331	1
36	79	0.0113101	1
36	80	0.00834055	0
36	81	-0.00558182	0
36	82	0.00391276	0
36	83	-0.0202376	1
36	84	0.000321593	0
36	85	-0.010451	1
36	86	0.0100085	0
36	87	0.0194666	0
36	88	0.0222982	1
36	89	-0.00527258	0
36	90	0.0140742	1
36	91	0.0135445	0
36	92	0.0109457	0
36	93	-0.00108522	0
36	94	-0.00485526	0
36	95	-0.0310561	0
36	96	0.0340396	1
36	97	0.00970917	0
36	98	-0.00403367	1
36	99	0.00679347	0
37	0	-0.00203497	0
37	1	0.00217071	0
37	2	-0.00464421	1
37	3	0.0185802	1
37	4	-0.00891075	1
37	5	0.0178323	1
37	6	-0.0136295	1
37	7	0.0265083	0
37	8	-0.00826587	1
37	9	-0.0249764	1
37	10	0.00982923	1
37	11	-0.0130059	0
37	12	0.00444153	0
37	13	0.00886748	0
37	14	-0.0032052	1
37	15	0.00125853	0
37	16	-0.0057278	0
37	17	-0.0241777	1
37	18	0.00970566	1
37	19	0.00443166	0
37	20	-0.00583799	0
37	21	0.00354039	1
37	22	-0.0143022	0
37	23	0.0068824	0
37	24	-0.0169316	0
37	25	0.00242842	1
37	26	-0.0157186	0
37	27	0.00660923	0
37	28	0.0155552	0
37	29	-0.0229753	0
37	30	-0.0160005	0
37	31	-0.0108868	0
37	32	-0.00276482	0
37	33	-0.00636488	1
37	34	0.00402888	1
37	35	-0.0151495	1
37	36	0.00390022	0
37	37	-0.00940504	0
37	38	0.0149808	1
37	39	0.00190404	1
37	40	0.000385477	1
37	41	-0.0195469	1
37	42	-0.00198525	0
37	43	0.000879459	0
37	44	0.0110992	1
37	45	0.0102016	1
37	46	0.00666658	0
37	47	0.0079496	1
37	48	-0.00312854	0
37	49	0.00427831	1
37	50	-0.00140758	0
37	51	-0.0195786	0
37	52	0.0140168	1
37	53	0.00886499	0
37	54	0.0116855	0
37	55	-0.0195389	1
37	56	0.0285484	0
37	57	-0.005726	1
37	58	0.0066483	0
37	59	-0.00552628	0
37	60	0.00248307	1
37	61	0.0151588	0
37	62	0.00876386	1
37	63	0.00193989	1
37	64	-0.0284212	0
37	65	0.0118019	1
37	66	-0.00886044	0
37	67	-0.0158062	1
37	68	0.00641718	1
37	69	0.017695	1
37	70	-0.00366226	1
37	71	0.0189832	0
37	72	-0.00726043	1
37	73	-0.00663564	0
37	74	-0.00687164	0
37	75	0.00234135	0
37	76	0.00297095	0
37	77	-0.0185533	0
37	78	-0.00618758	0
37	79	0.0243911	1
37	80	-0.00413337	1
37	81	0.0137045	0
37	82	0.017366	1
37	83	-0.00017329	1
37	84	0.0101133	0
37	85	0.016825	1
37	86	0.0274384	0
37	87	-0.0252001	1
37	88	-0.0256607	1
37	89	-0.00432167	0
37	90	0.00935535	0
37	91	0.0202719	0
37	92	-0.0174239	0
37	93	0.000316273	1
37	94	-0.0163125	1
37	95	-0.00454324	0
37	96	0.027692	0
37	97	0.00724464	1
37	98	-0.0172037	1
37	99	0.00063162	1
38	0	-0.00836394	0
38	1	0.00346602	0
38	2	-0.000712539	0
38	3	0.00390418	1
38	4	-0.00278135	0
38	5	0.00119021	1
38	6	-0.0108621	0
38	7	0.00455946	0
38	8	0.0270475	0
38	9	0.0119579	0
38	10	0.00884354	1
38	11	-0.00155599	0
38	12	0.00942292	1
38	13	-0.0154829	0
38	14	-0.00779525	0
38	15	0.00306108	1
38	16	-0.0133923	0
38	17	-0.0116944	1
38	18	0.0159364	1
38	19	-0.014285	0
38	20	-0.0268698	1
38	21	-0.00200348	0
38	22	-0.0275883	0
38	23	0.00163427	1
38	24	-0.00974173	1
38	25	-0.000887976	1
38	26	0.0165043	0
38	27	-0.0239365	0
38	28	0.00673423	0
38	29	-0.014899	1
38	30	-0.0180347	1
38	31	0.000856607	0
38	32	-0.0176684	1
38	33	0.00211449	1
38	34	-0.0258918	0
38	35	-0.000811859	0
38	36	0.0175316	0
38	37	-0.00378647	0
38	38	-0.0208379	0
38	39	0.0211584	0
38	40	0.0400843	0
38	41	0.0133871	0
38	42	-0.000377622	1
38	43	0.00629934	1
38	44	-0.0121531	0
38	45	-0.0211482	1
38	46	0.0102951	1
38	47	-0.0102093	1
38	48	-0.00126941	1
38	49	0.0191961	1
38	50	-0.0118877	1
38	51	0.000663487	0
38	52	0.0127428	1
38	53	0.00215611	1
38	54	0.0178972	0
38	55	0.0164625	0
38	56	-0.000724546	1
38	57	-0.0198971	0
38	58	0.00945171	0
38	59	0.0236839	0
38	60	0.00870244	0
38	61	0.00476515	0
38	62	-0.00992408	0
38	63	-0.0420353	0
38	64	0.00188887	0
38	65	0.0101295	1
38	66	-0.0240987	0
38	67	-0.00613833	0
38	68	0.00213515	0
38	69	-0.0171396	0
38	70	0.0125044	1
38	71	-0.00169946	0
38	72	-0.00913452	0
38	73	0.0223671	1
38	74	0.00268036	1
38	75	0.00918048	0
38	76	0.00940083	0
38	77	0.014199	1
38	78	0.00369304	0
38	79	0.00178727	1
38	80	0.0316367	1
38	81	-0.00620432	0
38	82	-0.00542872	0
38	83	-0.0130366	1
38	84	0.00265366	0
38	85	-1.68697e-05	1
38	86	-0.0291544	0
38	87	0.0295549	0
38	88	0.0214469	1
38	89	0.015292	1
38	90	0.00177206	0
38	91	0.00168689	0
38	92	-0.00387111	1
38	93	-0.0163912	0
38	94	0.00693793	1
38	95	0.00710392	0
38	96	0.0224765	1
38	97	0.00543622	0
38	98	-0.0179546	1
38	99	-0.0178955	0
39	0	-0.00987032	0
39	1	0.00926626	1
39	2	0.0265969	0
39	3	0.00484291	0
39	4	0.00830441	1
39	5	0.021177	1
39	6	0.00405533	0
39	7	0.011629	0
39	8	0.00131001	0
39	9	-0.00613572	1
39	10	0.000686842	0
39	11	-0.0123779	1
39	12	-0.010031	1
39	13	0.00452262	0
39	14	0.00488873	1
39	15	-0.0133256	1
39	16	-0.00646191	1
39	17	-0.0117399	0
39	18	-0.00381076	1
39	19	0.00468215	0
39	20	-0.011033	1
39	21	0.0162199	0
39	22	0.0115802	0
39	23	0.00624684	0
39	24	0.0355863	0
39	25	-0.000946793	1
39	26	0.00828955	1
39	27	-0.0207322	1
39	28	0.00486655	0
39	29	0.0394999	1
39	30	0.00875334	1
39	31	0.0201359	1
39	32	0.00335786	0
39	33	0.024379	0
39	34	-0.0163325	0
39	35	0.0085145	0
39	36	-0.0131813	0
39	37	0.0153891	1
39	38	-0.00601807	0
39	39	-0.00135095	0
39	40	0.0013305	1
39	41	0.00539783	0
39	42	0.0256082	1
39	43	-0.0109602	0
39	44	0.00713126	1
39	45	0.0222863	1
39	46	0.0137868	1
39	47	0.0280096	1
39	48	-0.0180925	1
39	49	0.0146512	1
39	50	-0.000122704	1
39	51	-0.0252621	1
39	52	-0.0246487	0
39	53	-0.00145182	1
39	54	0.00184701	1
39	55	0.00736413	0
39	56	-0.00536245	1
39	57	0.0231219	0
39	58	-0.0059429	0
39	59	-0.00351963	0
39	60	-0.0144325	0
39	61	-0.0113828	1
39	62	0.0006192	0
39	63	-0.00427583	1
39	64	0.000135247	1
39	65	-0.0104053	0
39	66	-0.0319867	0
39	67	0.0120974	0
39	68	-0.00527343	0
39	69	-0.00832599	1
39	70	0.00923392	0
39	71	-0.00668999	0
39	72	-0.00787891	1
39	73	0.000158433	1
39	74	-0.0296108	1
39	75	0.00569986	1
39	76	-0.0292757	0
39	77	-0.021791	0
39	78	-0.00396077	0
39	79	-0.0195644	1
39	80	-0.0392807	1
39	81	-0.00438446	0
39	82	0.0103101	1
39	83	0.0106803	0
39	84	-0.0112785	1
39	85	0.00229285	1
39	86	0.0049324	1
39	87	-0.0109311	1
39	88	-0.00130582	1
39	89	0.0128891	1
39	90	0.0146271	1
39	91	-0.0129282	1
39	92	-0.00143641	0
39	93	0.00776501	0
39	94	-0.00928984	1
39	95	-0.00711138	0
39	96	-0.00698163	0
39	97	-0.0146869	1
39	98	-0.00555032	1
39	99	0.0219731	0
40	0	-0.00484179	0
40	1	0.0228548	0
40	2	0.00408601	0
40	3	0.00202016	0
40	4	-0.00592159	1
40	5	-0.0177115	1
40	6	-0.00439745	1
40	7	-0.0233191	1
40	8	-0.0112577	0
40	9	-0.0205357	0
40	10	-0.00151502	0
40	11	-0.0246701	0
40	12	0.00569089	0
40	13	-0.017562	1
40	14	-0.0149959	0
40	15	-0.0327289	1
40	16	0.00369058	0
40	17	-0.0110275	0
40	18	0.0139654	0
40	19	-0.00798596	0
40	20	0.00465432	0
40	21	0.00431993	0
40	22	-0.0169686	1
40	23	-0.0237332	1
40	24	-0.0139422	0
40	25	-0.0142174	1
40	26	0.00255766	0
40	27	0.0164302	0
40	28	-0.00471615	0
40	29	-0.0140413	1
40	30	-0.00968364	1
40	31	0.00866032	1
40	32	-0.00815412	0
40	33	0.011795	0
40	34	0.021176	0
40	35	-0.0273297	1
40	36	-0.00551449	0
40	37	0.00878494	1
40	38	0.00334307	1
40	39	0.0370916	0
40	40	-0.0082242	1
40	41	-0.00213233	1
40	42	0.0152202	0
40	43	-0.0130704	0
40	44	-0.020399	0
40	45	-0.0154119	0
40	46	0.00543837	0
40	47	-0.000553993	0
40	48	-0.00691932	0
40	49	0.00826236	0
40	50	0.0054495	1
40	51	-0.0115651	0
40	52	-0.0139893	1
40	53	-0.00822588	1
40	54	0.000846405	0
40	55	-0.0119719	1
40	56	-0.00293072	0
40	57	-0.0193593	1
40	58	0.0252852	0
40	59	-0.0250657	1
40	60	0.0263545	0
40	61	0.0204332	0
40	62	0.0329616	0
40	63	0.0259731	1
40	64	0.00496517	1
40	65	0.013204	0
40	66	0.0167279	1
40	67	-0.0214457	0
40	68	0.00593285	0
40	69	-0.0144762	1
40	70	0.00125458	0
40	71	0.0269396	1
40	72	-0.00555429	0
40	73	0.0122766	1
40	74	0.0098186	1
40	75	0.0266269	0
40	76	0.00616586	1
40	77	0.0031492	0
40	78	0.0195938	1
40	79	0.000232213	1
40	80	0.0171742	0
40	81	0.0082524	1
40	82	-0.00628784	0
40	83	0.00631847	0
40	84	0.00191307	1
40	85	0.000707587	0
40	86	0.000244075	1
40	87	0.0141461	1
40	88	-0.019554	0
40	89	0.00291232	0
40	90	0.00662436	1
40	91	0.0154797	1
40	92	-0.000357109	0
40	93	-0.00438407	1
40	94	0.00480064	0
40	95	-0.016098	0
40	96	0.0299347	0
40	97	0.00763801	1
40	98	-0.0162051	1
40	99	0.000574187	0
41	0	-0.00327766	1
41	1	0.00948147	1
41	2	0.00280041	1
41	3	-0.0137799	0
41	4	-0.00980687	0
41	5	-0.0210498	1
41	6	0.00981461	0
41	7	-0.000122407	1
41	8	-0.0112559	0
41	9	0.0351272	1
41	10	0.0120187	0
41	11	0.0155493	1
41	12	0.00449847	1
41	13	-0.00668231	0
41	14	-0.0109098	0
41	15	-0.00778511	1
41	16	-0.0049136	0
41	17	-0.00637475	1
41	18	-0.00537762	1
41	19	0.0216842	0
41	20	0.00172064	1
41	21	0.000198424	0
41	22	-0.0137266	0
41	23	-0.00427256	1
41	24	0.0171737	1
41	25	-0.00886117	0
41	26	0.027582	1
41	27	0.0179982	1
41	28	0.0239445	0
41	29	0.0232138	0
41	30	0.0171524	1
41	31	0.00234838	1
41	32	0.00597908	1
41	33	0.00554848	1
41	34	-0.0146218	0
41	35	-0.0139678	1
41	36	-0.0167808	1
41	37	2.57915e-05	0
41	38	0.0129982	0
41	39	-0.012857	0
41	40	0.00773314	1
41	41	0.00869938	1
41	42	0.0199833	0
41	43	0.0178596	0
41	44	-0.0130585	0
41	45	0.0143894	1
41	46	-0.00204346	1
41	47	-0.0168003	1
41	48	-0.00358527	1
41	49	-0.000736995	1
41	50	0.00474134	1
41	51	0.00758589	0
41	52	-0.00541335	1
41	53	-0.00715576	0
41	54	0.00568021	0
41	55	-0.0133774	1
41	56	-0.00727009	0
41	57	-0.0103751	1
41	58	-0.0175521	1
41	59	0.00588947	0
41	60	0.00787911	0
41	61	-0.0031604	1
41	62	0.00163857	1
41	63	0.00170234	0
41	64	0.0190876	1
41	65	0.00439952	1
41	66	0.0211091	0
41	67	-0.00689637	0
41	68	0.0079381	0
41	69	0.0184439	1
41	70	-0.00469388	1
41	71	-0.00863492	0
41	72	-0.0193678	0
41	73	0.0147952	1
41	74	-0.0131492	1
41	75	-0.0141256	0
41	76	0.019075	1
41	77	0.00640322	1
41	78	-0.025107	1
41	79	-0.0163818	0
41	80	-0.0106711	0
41	81	-0.0182467	1
41	82	-0.0220398	0
41	83	-0.0296736	0
41	84	-0.0108466	1
41	85	-0.00209607	1
41	86	0.0153055	1
41	87	-0.00143475	0
41	88	-0.00252372	0
41	89	0.00993218	0
41	90	0.011155	1
41	91	0.0176761	0
41	92	-0.00910168	0
41	93	0.00671516	0
41	94	-0.0280615	0
41	95	0.00879525	0
41	96	0.00218723	1
41	97	-0.00726055	0
41	98	-0.0141007	1
41	99	-0.00229188	0
42	0	-0.00530028	1
42	1	0.00800536	0
42	2	0.00888739	0
42	3	-0.0199428	1
42	4	0.0312453	1
42	5	-0.0147032	1
42	6	-0.00664331	1
42	7	0.0166837	1
42	8	-0.00491472	1
42	9	-0.0022238	0
42	10	0.0210366	0
42	11	-0.0106846	1
42	12	-0.00528631	0
42	13	-0.0099166	1
42	14	-0.0200562	1
42	15	-0.018023	0
42	16	-0.00231781	1
42	17	-0.0175279	0
42	18	-0.00471692	0
42	19	0.0178851	0
42	20	-0.00580053	1
42	21	0.00926795	0
42	22	0.00259279	1
42	23	-0.0184314	0
42	24	0.0161119	0
42	25	0.0125043	1
42	26	-0.00370911	1
42	27	-0.000812802	0
42	28	0.00307002	1
42	29	-0.00305611	1
42	30	0.0223037	1
42	31	0.024778	0
42	32	0.0102912	1
42	33	0.00461852	0
42	34	-0.00818693	0
42	35	0.0206297	0
42	36	-0.0159563	1
42	37	-0.0216765	1
42	38	-0.00211403	0
42	39	-0.00336191	0
42	40	-0.00197475	0
42	41	-0.0279862	1
42	42	-0.0168586	1
42	43	0.032543	0
42	44	0.00345851	1
42	45	0.00726298	1
42	46	-0.00691433	0
42	47	-0.0217314	0
42	48	0.00104505	1
42	49	-0.00560908	0
42	50	0.00850449	1
42	51	0.00046188	0
42	52	0.00321804	0
42	53	-0.0164682	0
42	54	-0.00676864	1
42	55	0.0147784	1
42	56	-0.0223561	1
42	57	-0.0140897	1
42	58	-0.0152268	0
42	59	0.0101702	1
42	60	-0.00342717	0
42	61	-0.00776754	0
42	62	0.0014416	1
42	63	0.0021044	1
42	64	-0.00979857	1
42	65	0.0134366	0
42	66	-0.00446173	0
42	67	0.00421478	1
42	68	0.00648777	1
42	69	-0.0127541	1
42	70	0.00438949	0
42	71	0.0145744	0
42	72	0.000199629	1
42	73	0.0252804	1
42	74	-0.004141	0
42	75	2.88802e-06	0
42	76	-0.00796611	1
42	77	0.00452272	1
42	78	0.0298138	1
42	79	-0.0156166	1
42	80	0.0206274	0
42	81	0.000171523	0
42	82	-0.0210283	0
42	83	-0.0352337	1
42	84	-0.0141825	1
42	85	0.0114144	1
42	86	-0.00847276	1
42	87	-0.0213975	1
42	88	0.0211301	0
42	89	0.0185274	1
42	90	0.0031551	0
42	91	0.0278065	0
42	92	-0.0135958	1
42	93	0.0283687	0
42	94	-0.00129516	0
42	95	0.00177959	0
42	96	0.00187016	1
42	97	0.0132422	1
42	98	0.00627777	0
42	99	-0.00970807	0
43	0	0.00741327	1
43	1	-0.00529371	1
43	2	-0.0228283	0
43	3	-0.00931272	1
43	4	0.0183382	1
43	5	0.00963013	1
43	6	0.016184	0
43	7	0.00427834	0
43	8	0.0333896	0
43	9	-0.0419675	1
43	10	0.00691157	0
43	11	0.00859161	0
43	12	0.0218556	0
43	13	-0.0101164	0
43	14	-0.00125189	1
43	15	0.00396416	0
43	16	0.0249075	0
43	17	0.00460612	1
43	18	0.0129828	0
43	19	-0.00132381	0
43	20	0.00418851	1
43	21	0.00427667	1
43	22	-0.00299946	0
43	23	0.0212339	0
43	24	0.00291018	0
43	25	0.0214685	0
43	26	0.00915638	1
43	27	-0.00702313	0
43	28	0.0125737	1
43	29	0.000156135	1
43	30	0.0493021	1
43	31	-0.0139576	0
43	32	0.02102	1
43	33	-0.00467486	1
43	34	0.0181846	0
43	35	-0.0114065	0
43	36	-0.00634391	1
43	37	0.0117925	0
43	38	0.0147754	0
43	39	-0.00196988	0
43	40	-0.0226206	0
43	41	-0.015928	0
43	42	-0.0435647	0
43	43	-0.0226764	0
43	44	0.00517232	0
43	45	0.0150718	1
43	46	0.000214872	1
43	47	-0.0164145	0
43	48	0.00724025	1
43	49	0.00307706	1
43	50	-0.0111543	1
43	51	-0.0338984	1
43	52	-0.0165769	1
43	53	-0.0149278	1
43	54	-0.00692755	1
43	55	-0.00325369	0
43	56	-0.0145727	1
43	57	0.0107061	1
43	58	-0.00849449	1
43	59	-0.0229442	0
43	60	-0.000145851	0
43	61	0.00167631	0
43	62	-0.0259132	0
43	63	-0.0180908	0
43	64	0.0060311	1
43	65	-0.010499	1
43	66	0.000143222	1
43	67	0.0260783	0
43	68	0.0232163	0
43	69	-0.00449745	1
43	70	-0.00167757	0
43	71	-0.0109197	1
43	72	-0.00685592	1
43	73	0.00190417	0
43	74	-0.00418896	1
43	75	0.005092	0
43	76	0.00659357	0
43	77	-0.0220136	1
43	78	0.0113494	0
43	79	0.00541892	0
43	80	-0.0268566	1
43	81	0.0278309	0
43	82	0.0170638	1
43	83	-0.00199232	1
43	84	0.00450044	0
43	85	0.00584036	0
43	86	-0.00250729	1
43	87	-0.00122561	1
43	88	0.0019624	0
43	89	-0.0023107	0
43	90	0.00709046	0
43	91	0.00798655	1
43	92	-0.00396509	0
43	93	-0.00152481	1
43	94	0.00486551	1
43	95	0.0247173	0
43	96	-0.00980383	1
43	97	-0.0107278	0
43	98	-0.03233	1
43	99	-0.00246484	1
44	0	-0.000849149	0
44	1	0.00669409	1
44	2	0.00514226	1
44	3	-0.00634475	0
44	4	0.0201009	0
44	5	0.00385379	0
44	6	0.00603608	0
44	7	0.0166355	1
44	8	-0.00669892	0
44	9	0.00996212	1
44	10	-0.0050045	1
44	11	-0.0241963	0
44	12	-0.00246658	1
44	13	0.0208832	1
44	14	0.0237941	0
44	15	-0.004708	1
44	16	0.0166449	1
44	17	0.0257151	1
44	18	0.0157426	1
44	19	0.00262543	0
44	20	0.000289475	1
44	21	-0.0131718	0
44	22	-5.10798e-05	1
44	23	-0.00465683	1
44	24	-0.0227379	0
44	25	-0.0108279	0
44	26	0.00477107	1
44	27	-0.0168387	0
44	28	-0.00500736	0
44	29	0.00576348	1
44	30	-0.0193056	0
44	31	0.00874935	0
44	32	-0.00505829	0
44	33	-0.00375866	0
44	34	0.0275552	1
44	35	0.0135336	0
44	36	-0.021365	1
44	37	-0.0119945	0
44	38	-0.00192996	0
44	39	0.0032059	1
44	40	-0.00169906	1
44	41	-0.00301142	1
44	42	0.0035635	0
44	43	0.00499587	1
44	44	0.00828386	1
44	45	0.0144184	0
44	46	-0.0257697	0
44	47	-0.00717346	0
44	48	-0.0103719	0
44	49	-0.0189555	0
44	50	-0.0166083	0
44	51	-0.00363704	0
44	52	-0.0124805	0
44	53	0.00703985	1
44	54	-0.0125484	0
44	55	0.0115922	0
44	56	0.000815886	1
44	57	0.0303432	0
44	58	-0.00942284	1
44	59	0.0159746	0
44	60	-0.0047438	0
44	61	-0.0170918	0
44	62	0.017032	0
44	63	-0.0112554	0
44	64	-0.0116811	1
44	65	0.0211313	1
44	66	-0.0134315	1
44	67	-0.0223481	0
44	68	-0.0120071	0
44	69	0.0153139	1
44	70	0.000766716	1
44	71	-0.00438788	0
44	72	0.0243417	0
44	73	0.0169098	1
44	74	-0.00498075	1
44	75	0.00032985	0
44	76	-0.0235225	1
44	77	-0.0235148	0
44	78	0.00535207	0
44	79	0.014913	0
44	80	-0.0207215	1
44	81	-0.0155777	1
44	82	0.00174555	0
44	83	0.00353771	1
44	84	0.0182966	1
44	85	0.00283126	1
44	86	0.00315383	0
44	87	0.0329614	1
44	88	-0.00822659	1
44	89	-0.00557684	0
44	90	0.019716	1
44	91	0.00623687	0
44	92	0.016998	0
44	93	-0.00777943	1
44	94	-0.00132612	0
44	95	-0.0163806	1
44	96	-0.0149587	1
44	97	0.0107831	1
44	98	-0.0110036	1
44	99	-0.00791042	0
45	0	0.000479867	1
45	1	-0.0034567	0
45	2	-0.00955004	1
45	3	-0.0290228	1
45	4	-0.00554528	0
45	5	-0.0296589	0
45	6	0.0180475	0
45	7	-0.00558863	1
45	8	0.0147333	0
45	9	0.0205116	1
45	10	0.0198148	0
45	11	-0.00864528	1
45	12	-0.00491876	0
45	13	0.0129287	0
45	14	-0.00379518	0
45	15	0.00431719	0
45	16	0.022115	0
45	17	0.0338034	0
45	18	0.0102124	0
45	19	-0.00166705	0
45	20	0.013543	0
45	21	-0.000774428	1
45	22	0.00510839	0
45	23	-0.0180784	1
45	24	0.00768426	1
45	25	-0.0249846	0
45	26	0.0222786	1
45	27	-0.000730325	0
45	28	0.00830727	0
45	29	-0.0379968	1
45	30	-0.000873956	0
45	31	0.00857417	1
45	32	0.000891857	0
45	33	-0.0203549	1
45	34	-0.00767106	0
45	35	0.00675193	1
45	36	0.0119575	0
45	37	-0.0154274	1
45	38	-0.0153622	1
45	39	0.00411317	0
45	40	0.00149528	0
45	41	-0.00266337	0
45	42	0.0128941	1
45	43	0.0152265	0
45	44	-0.00583991	1
45	45	-0.0103884	1
45	46	0.000854435	1
45	47	-0.0176113	0
45	48	0.0104474	0
45	49	0.00430031	0
45	50	-0.00641687	0
45	51	0.0172966	1
45	52	0.0396177	1
45	53	-0.00492611	0
45	54	0.0243853	1
45	55	-0.00335865	1
45	56	-0.00134309	1
45	57	-0.00458102	0
45	58	-0.00637102	0
45	59	-0.0164309	1
45	60	0.011687	1
45	61	0.000885929	1
45	62	0.0146461	1
45	63	0.00455352	0
45	64	-0.0125831	1
45	65	-0.00559155	0
45	66	-0.0025499	1
45	67	-0.00401959	0
45	68	0.00751824	1
45	69	-0.0169687	1
45	70	-0.00111051	0
45	71	-0.00211269	0
45	72	0.0156686	0
45	73	0.00123633	0
45	74	-0.00220563	1
45	75	0.00364251	0
45	76	-0.000428109	0
45	77	0.00676188	0
45	78	0.00164248	0
45	79	-0.0228364	0
45	80	0.000302161	1
45	81	-0.00475523	1
45	82	0.00628945	0
45	83	0.00248672	1
45	84	-0.0233446	1
45	85	-0.0233519	1
45	86	0.0103673	1
45	87	0.0125278	1
45	88	-0.00294714	0
45	89	-0.00886851	1
45	90	0.00936156	1
45	91	0.0112677	1
45	92	-0.0063112	0
45	93	0.00117579	0
45	94	-0.00446111	0
45	95	0.00502143	1
45	96	0.00992754	0
45	97	-0.00983262	1
45	98	-0.0293286	0
45	99	-0.00202119	1
46	0	-0.0102864	0
46	1	0.00791627	0
46	2	0.0261923	0
46	3	0.0372047	1
46	4	-0.00415715	0
46	5	-0.00332321	0
46	6	0.013961	1
46	7	-0.000397912	1
46	8	0.00644554	1
46	9	-0.0152332	1
46	10	-0.0109374	0
46	11	0.00251921	0
46	12	-0.00566877	0
46	13	0.0337805	1
46	14	0.00748007	1
46	15	-0.0134103	0
46	16	0.00114148	1
46	17	-0.0092798	0
46	18	0.00152572	1
46	19	0.00284724	1
46	20	-0.0100442	1
46	21	-0.00718809	1
46	22	0.0117712	1
46	23	-0.00864983	1
46	24	0.0107349	1
46	25	0.013566	1
46	26	-0.0186266	0
46	27	0.0188548	0
46	28	0.00544631	1
46	29	0.0116153	0
46	30	-0.0179059	0
46	31	0.015047	0
46	32	-0.00265542	1
46	33	0.00914358	0
46	34	-0.0131813	1
46	35	0.00227323	0
46	36	-0.00861984	0
46	37	-0.0118404	0
46	38	0.0146053	1
46	39	0.00485591	1
46	40	-0.00571642	0
46	41	0.0292418	0
46	42	-0.0153954	0
46	43	-0.00564452	0
46	44	0.00735162	0
46	45	-0.00664888	1
46	46	0.00653035	0
46	47	0.0240299	1
46	48	-0.0104959	1
46	49	0.00302319	0
46	50	0.0221078	0
46	51	0.0259973	0
46	52	-0.0440639	1
46	53	-0.0130784	0
46	54	-0.00569515	1
46	55	0.0269657	1
46	56	0.0145587	1
46	57	0.0148683	1
46	58	-0.0260718	0
46	59	-0.0175775	1
46	60	0.000749754	1
46	61	-0.0124439	0
46	62	-0.0184612	1
46	63	0.0211759	0
46	64	-0.00420312	0
46	65	0.000647989	1
46	66	-0.0303608	0
46	67	0.00234274	1
46	68	0.00598956	1
46	69	-0.0107846	1
46	70	0.00633757	0
46	71	-0.0112594	0
46	72	-0.00215164	0
46	73	-0.0120333	0
46	74	0.0303116	1
46	75	0.00704069	1
46	76	0.00783896	0
46	77	0.00243032	0
46	78	0.0202674	1
46	79	-0.010616	1
46	80	-0.0487625	1
46	81	-0.019599	1
46	82	0.0109821	0
46	83	-0.00868341	1
46	84	0.00393871	0
46	85	-0.00218001	0
46	86	0.0246339	1
46	87	-0.0129441	1
46	88	-0.0176945	0
46	89	-0.0112903	0
46	90	-0.017966	1
46	91	-0.00867177	0
46	92	0.0091396	0
46	93	-0.0143165	0
46	94	-0.00345494	1
46	95	-0.0156448	1
46	96	-0.00601503	0
46	97	0.00411735	1
46	98	0.0185125	0
46	99	0.0112718	0
47	0	-0.0318116	0
47	1	0.00759197	1
47	2	-0.0378798	0
47	3	0.000620789	0
47	4	0.0228818	1
47	5	-0.0104353	1
47	6	-0.00821153	1
47	7	0.032569	1
47	8	-0.00474648	1
47	9	0.0256299	1
47	10	-0.0211882	0
47	11	0.0167866	1
47	12	0.00352488	1
47	13	0.0186785	1
47	14	-0.00872581	0
47	15	0.0101401	1
47	16	-0.00236138	0
47	17	0.000123969	1
47	18	-0.00384422	1
47	19	-0.0150957	1
47	20	-0.00429621	1
47	21	0.00310224	0
47	22	0.00448455	1
47	23	0.00522451	0
47	24	-0.0164172	1
47	25	0.00163444	0
47	26	-0.00138098	0
47	27	0.00307838	0
47	28	0.00432776	0
47	29	-0.00330942	1
47	30	0.0128949	1
47	31	0.00529928	0
47	32	0.00301232	1
47	33	-0.0243897	1
47	34	0.0124362	1
47	35	0.0249266	1
47	36	0.00473192	0
47	37	0.00332113	0
47	38	0.011568	1
47	39	0.00217713	1
47	40	0.00178482	1
47	41	0.0100122	0
47	42	-0.0162655	0
47	43	-0.0341666	1
47	44	-0.00407122	1
47	45	-0.00684991	0
47	46	0.0219705	1
47	47	0.016258	0
47	48	0.00101401	0
47	49	0.0164135	0
47	50	0.0038004	0
47	51	0.00608447	0
47	52	-0.00272441	1
47	53	0.0103061	0
47	54	-0.00552158	1
47	55	-0.00673306	0
47	56	0.0153465	0
47	57	-0.011484	0
47	58	0.0120101	1
47	59	0.00160341	0
47	60	0.00801069	0
47	61	-0.0329318	1
47	62	-0.00017412	0
47	63	0.0153783	1
47	64	0.0247981	1
47	65	-0.00662695	1
47	66	-0.0113439	1
47	67	0.0142374	1
47	68	-0.00298035	0
47	69	0.00883301	0
47	70	-0.00753671	1
47	71	0.00988522	0
47	72	-0.0189663	1
47	73	-0.00918672	1
47	74	-0.00683732	0
47	75	-0.0171101	1
47	76	0.00108775	0
47	77	-0.0291637	1
47	78	-0.00835752	0
47	79	-0.0113233	1
47	80	0.0165525	1
47	81	-0.00257263	0
47	82	0.00800368	0
47	83	0.0188499	0
47	84	-0.00498023	1
47	85	-0.0234739	0
47	86	0.00522749	0
47	87	-0.0100838	1
47	88	0.0138436	0
47	89	0.0127169	0
47	90	-0.0108894	0
47	91	-9.74254e-05	1
47	92	-0.0173316	0
47	93	0.00833145	1
47	94	-0.0209268	1
47	95	0.00652241	1
47	96	-5.79912e-05	0
47	97	-0.00102874	0
47	98	-0.0110987	1
47	99	0.0173404	1
48	0	-0.012581	0
48	1	0.0239982	1
48	2	-0.0200991	0
48	3	-0.0208486	0
48	4	0.00388151	1
48	5	-0.0054783	1
48	6	-0.0135262	1
48	7	0.00996217	1
48	8	-0.0146736	1
48	9	0.0110762	0
48	10	6.24049e-05	1
48	11	0.019324	0
48	12	-0.00633753	1
48	13	0.0147245	0
48	14	0.0249075	0
48	15	0.000752795	1
48	16	-0.0112838	1
48	17	-0.0160268	0
48	18	0.00639165	0
48	19	-0.0127696	1
48	20	0.0114627	0
48	21	0.0306374	0
48	22	0.0174667	1
48	23	-0.0191339	0
48	24	-0.0110741	0
48	25	0.00265188	1
48	26	0.022016	1
48	27	-0.00552472	0
48	28	-0.00848154	0
48	29	0.0105829	1
48	30	-0.00401317	1
48	31	-0.0198507	1
48	32	-0.00942755	0
48	33	0.0182987	1
48	34	-0.00887764	0
48	35	-0.00431849	0
48	36	0.0379282	1
48	37	0.00537103	1
48	38	0.0317256	0
48	39	-0.00330687	1
48	40	-0.0166767	1
48	41	0.00141687	0
48	42	-0.00224294	1
48	43	0.00725915	0
48	44	-0.00339811	1
48	45	0.0213566	1
48	46	-0.0146883	0
48	47	0.00102123	0
48	48	0.0118609	0
48	49	-0.0136844	0
48	50	0.000568562	1
48	51	-0.00695577	0
48	52	-0.00662169	0
48	53	-0.0074785	0
48	54	0.000976446	1
48	55	0.0141348	0
48	56	0.000200015	0
48	57	-0.0213616	0
48	58	-0.00948289	1
48	59	0.0110219	0
48	60	0.00458641	0
48	61	0.0163188	0
48	62	-0.0171397	0
48	63	0.0118226	1
48	64	-0.0104108	0
48	65	0.014479	0
48	66	0.00670023	0
48	67	-0.000553446	1
48	68	0.00439518	0
48	69	0.00285484	1
48	70	-0.0119051	1
48	71	-0.019612	0
48	72	-0.000130521	0
48	73	0.0113217	1
48	74	0.0024566	0
48	75	-0.00227171	0
48	76	-0.0109313	1
48	77	-0.00333911	0
48	78	0.00282238	1
48	79	0.00339685	1
48	80	0.011871	0
48	81	-0.0119568	0
48	82	-0.0043556	1
48	83	0.00742544	0
48	84	0.0278777	0
48	85	0.0060924	1
48	86	-0.00180345	0
48	87	-0.017383	1
48	88	0.00717023	0
48	89	-0.0287311	0
48	90	-0.00808729	0
48	91	-0.00636453	1
48	92	0.00746979	0
48	93	0.0054642	0
48	94	-0.00938825	0
48	95	0.0180862	1
48	96	-0.0436614	1
48	97	-0.0225219	1
48	98	-0.000777929	1
48	99	0.0158989	0
49	0	0.0407209	1
49	1	-0.0082798	0
49	2	0.0103728	1
49	3	-0.014799	0
49	4	-0.00505002	1
49	5	-0.00607526	1
49	6	0.0166405	1
49	7	-0.0148969	1
49	8	-0.00576884	0
49	9	0.00188339	0
49	10	-0.0284551	0
49	11	0.0211309	1
49	12	-0.013956	0
49	13	-0.00425079	0
49	14	0.00777982	0
49	15	4.36481e-07	1
49	16	-0.00648636	1
49	17	-0.00357454	0
49	18	-0.0119838	0
49	19	-0.0105559	1
49	20	0.0134491	1
49	21	0.00318048	0
49	22	0.0089456	0
49	23	0.0259459	1
49	24	-0.01822	1
49	25	0.0159637	1
49	26	-0.00475799	1
49	27	0.0208472	0
49	28	0.0133593	1
49	29	-0.0151069	0
49	30	0.00476076	0
49	31	0.0158228	1
49	32	0.00639986	1
49	33	-0.0174822	0
49	34	-0.010702	0
49	35	-0.0182852	1
49	36	-0.0289609	0
49	37	-0.00189079	0
49	38	0.00518135	0
49	39	0.0195099	1
49	40	0.00191927	0
49	41	0.00244944	0
49	42	0.00822852	0
49	43	-0.0182503	1
49	44	0.018169	1
49	45	-0.00671834	1
49	46	-0.0197628	0
49	47	0.0123396	0
49	48	-0.00392498	0
49	49	0.000722936	0
49	50	-0.0109378	1
49	51	0.00166037	1
49	52	-0.00805518	0
49	53	0.0214295	1
49	54	-0.00439296	1
49	55	0.00298828	1
49	56	-0.0252781	1
49	57	-0.018695	0
49	58	-0.00436606	1
49	59	0.015458	0
49	60	-0.000657141	0
49	61	-0.00400782	0
49	62	-0.0185691	1
49	63	-0.0196269	0
49	64	0.0105737	1
49	65	0.00582887	1
49	66	0.00283007	1
49	67	-0.00815901	0
49	68	0.0109643	1
49	69	-0.0278284	1
49	70	0.021632	1
49	71	0.0025541	0
49	72	-0.00931142	1
49	73	-0.0273293	0
49	74	-0.0191022	1
49	75	0.0150192	1
49	76	0.0215844	0
49	77	-0.0129727	0
49	78	-0.00157449	1
49	79	0.00434201	1
49	80	-0.0199583	1
49	81	0.0124852	1
49	82	-0.0137745	0
49	83	0.0281451	0
49	84	0.0328947	0
49	85	-0.0082408	0
49	86	0.0183031	1
49	87	-0.000442716	1
49	88	0.0175585	0
49	89	0.0303222	1
49	90	-0.0135363	1
49	91	0.00665922	1
49	92	-0.00922686	1
49	93	0.0181918	1
49	94	-0.0213084	0
49	95	-0.00130402	1
49	96	-0.00654641	0
49	97	0.0119452	0
49	98	0.00285955	0
49	99	0.00144381	0
