0	0	-0.00393461	0
0	1	-0.00900737	1
0	2	-0.0313432	1
0	3	0.00584942	1
0	4	0.0137357	0
0	5	-0.0125295	0
0	6	0.0229618	1
0	7	0.0240101	0
0	8	-0.00214892	1
0	9	-0.00417599	0
0	10	0.00411423	1
0	11	0.00759378	1
0	12	0.011846	0
0	13	-0.00624626	1
0	14	0.0039729	1
0	15	-0.0200327	0
0	16	0.0221501	1
0	17	-0.000530508	0
0	18	0.00758097	1
0	19	0.0183326	0
0	20	0.0022115	1
0	21	0.00636964	0
0	22	-0.00326698	1
0	23	0.0150861	1
0	24	0.00856928	1
0	25	-0.00680473	1
0	26	0.00837302	0
0	27	-0.00440885	0
0	28	-0.00238311	1
0	29	0.0211977	0
0	30	-0.0100351	0
0	31	-0.0243793	1
0	32	0.00726744	1
0	33	0.00451767	1
0	34	0.00817737	1
0	35	0.0143164	0
0	36	0.00283999	0
0	37	-0.000375321	0
0	38	-0.00432945	0
0	39	0.00326035	1
0	40	-0.00374955	0
0	41	0.0147999	1
0	42	0.000305282	1
0	43	0.0123358	1
0	44	-0.00656761	1
0	45	-0.00758334	1
0	46	-0.00150316	0
0	47	-0.0022855	1
0	48	0.00649754	0
0	49	-0.000712815	0
0	50	0.00653201	0
0	51	-0.00329295	1
0	52	-0.0201874	1
0	53	-0.0141448	0
0	54	0.00104791	1
0	55	-0.0248777	0
0	56	-0.00139957	0
0	57	-0.00645059	0
0	58	0.0029845	0
0	59	-0.00308033	0
0	60	-0.00349173	1
0	61	0.00817935	0
0	62	0.0037912	0
0	63	0.0148793	1
0	64	-0.0137741	1
0	65	-0.0105945	1
0	66	-0.0110833	0
0	67	-0.00280749	1
0	68	-0.0169049	0
0	69	-0.00126504	1
0	70	-0.0228999	1
0	71	0.00794601	1
0	72	-0.00757655	1
0	73	0.00420027	0
0	74	0.0248876	0
0	75	0.022965	1
0	76	0.00686274	1
0	77	-0.0157471	1
0	78	-0.00391092	0
0	79	-0.0176969	1
0	80	-0.0115675	0
0	81	0.0376742	0
0	82	0.00385179	0
0	83	-0.00784212	0
0	84	0.0149928	0
0	85	-0.0120364	1
0	86	-0.00393784	0
0	87	-0.0153468	1
0	88	-0.00133553	1
0	89	-0.0138535	0
0	90	0.0129168	0
0	91	-0.0111399	1
0	92	0.010554	1
0	93	-0.00737825	0
0	94	-0.0144246	1
0	95	0.00101617	0
0	96	0.00595866	0
0	97	-0.00406837	0
0	98	-0.00218034	0
0	99	0.00511801	0
1	0	-0.0144365	0
1	1	-0.00618838	1
1	2	0.0117859	1
1	3	-0.0148313	0
1	4	-0.0185436	0
1	5	0.00714178	0
1	6	-0.00251351	1
1	7	0.00482724	1
1	8	0.00209821	1
1	9	0.0135207	1
1	10	-0.00614676	0
1	11	-0.015646	0
1	12	-0.0046157	1
1	13	0.0143742	0
1	14	0.011283	1
1	15	0.0187667	1
1	16	-0.0110459	1
1	17	0.0349835	0
1	18	0.00725966	1
1	19	0.018923	1
1	20	0.0126942	1
1	21	-0.00285629	0
1	22	-0.0159055	0
1	23	0.00842915	0
1	24	0.0272241	0
1	25	-0.0184741	1
1	26	0.012689	0
1	27	0.00947362	0
1	28	0.0247947	0
1	29	-0.00655235	0
1	30	-0.00330863	0
1	31	-0.0077807	0
1	32	0.0152773	0
1	33	-0.0140538	0
1	34	0.0163056	1
1	35	-0.0283912	1
1	36	-0.0148448	0
1	37	0.0178	1
1	38	-0.013639	1
1	39	0.00501497	1
1	40	-0.0168249	1
1	41	-0.0142994	0
1	42	0.00759856	1
1	43	0.00545953	1
1	44	-0.0169033	1
1	45	0.00418299	1
1	46	0.0291139	0
1	47	0.0118896	1
1	48	0.0123768	0
1	49	-0.0120355	1
1	50	0.00448857	0
1	51	0.0235247	1
1	52	0.0151346	1
1	53	0.0113077	1
1	54	-0.00299987	1
1	55	0.0335904	0
1	56	0.00205228	1
1	57	0.00300009	0
1	58	-0.0376091	1
1	59	-0.000847365	1
1	60	-0.0165303	1
1	61	-0.00751427	1
1	62	-0.00566978	1
1	63	-0.0131073	1
1	64	-0.000643939	0
1	65	-0.01106	0
1	66	-0.0104223	1
1	67	0.0166907	0
1	68	-0.00847558	0
1	69	-0.0111311	1
1	70	-0.00697436	0
1	71	-0.0243441	1
1	72	-0.000288982	1
1	73	-0.0185626	0
1	74	-0.00696716	1
1	75	0.00867697	0
1	76	0.0191891	1
1	77	-0.0144747	0
1	78	0.0150636	0
1	79	0.000113808	0
1	80	0.00872962	1
1	81	0.0144156	1
1	82	0.0084195	0
1	83	-0.0265088	1
1	84	-0.00810236	0
1	85	-0.00644564	1
1	86	0.00313353	0
1	87	-0.00983282	0
1	88	0.014947	1
1	89	-0.016908	0
1	90	-0.0068269	0
1	91	-0.00699334	0
1	92	0.00352793	1
1	93	0.0156225	1
1	94	-0.0294129	1
1	95	-0.000656217	1
1	96	0.0098677	1
1	97	0.0188525	1
1	98	0.00774223	1
1	99	-0.0342317	0
2	0	-0.00898844	1
2	1	-0.00782315	0
2	2	0.0108065	0
2	3	0.00708603	0
2	4	-0.000613203	0
2	5	0.0095047	0
2	6	-0.0281077	0
2	7	0.0128916	0
2	8	0.0223769	1
2	9	0.0062736	0
2	10	0.0077526	0
2	11	0.00273271	1
2	12	0.0351343	0
2	13	-0.0151526	1
2	14	-0.0278264	1
2	15	0.0185259	0
2	16	0.0113433	1
2	17	0.00562305	1
2	18	-0.0114731	0
2	19	0.000123618	1
2	20	0.00100413	0
2	21	0.0329159	0
2	22	0.0255533	1
2	23	0.005692	1
2	24	-0.00161659	1
2	25	-0.0133791	1
2	26	-0.00775935	1
2	27	-0.0163985	1
2	28	-0.00715075	0
2	29	0.0119928	1
2	30	0.000646782	0
2	31	-0.0131751	1
2	32	-0.0147544	0
2	33	-0.00619877	0
2	34	0.0122661	0
2	35	-0.0150042	0
2	36	0.0192712	0
2	37	0.0194467	1
2	38	-0.0168493	1
2	39	0.0216606	0
2	40	-0.0045995	1
2	41	-0.0318043	1
2	42	-0.00474315	1
2	43	-0.00781506	0
2	44	-0.0287714	0
2	45	0.00936592	0
2	46	0.0120016	1
2	47	-0.00471961	1
2	48	-0.00778381	1
2	49	0.0153126	1
2	50	-0.00129565	1
2	51	-0.00564879	0
2	52	0.0146351	1
2	53	-0.013033	1
2	54	0.00753491	0
2	55	-0.00493859	1
2	56	-0.00383866	1
2	57	-0.00495596	0
2	58	-0.0259526	1
2	59	0.0114585	0
2	60	0.00290375	1
2	61	0.00497022	0
2	62	-0.00724819	1
2	63	-0.00601566	1
2	64	-0.0239605	1
2	65	0.0221409	0
2	66	-0.0170163	1
2	67	0.00428221	1
2	68	0.0100177	0
2	69	-0.0173808	0
2	70	-0.00385368	1
2	71	0.0175347	1
2	72	0.00519371	1
2	73	0.0237657	1
2	74	0.0156768	0
2	75	-0.0204478	0
2	76	-0.00870356	0
2	77	-0.0152103	0
2	78	-0.00556686	1
2	79	-0.00129582	0
2	80	-0.00512003	0
2	81	0.025059	1
2	82	-0.00988184	1
2	83	-0.00175065	1
2	84	0.00929913	1
2	85	-0.0257168	1
2	86	-0.00562521	1
2	87	0.0169306	0
2	88	-0.0166909	1
2	89	0.00988565	1
2	90	0.0120673	0
2	91	0.00560931	1
2	92	0.0157077	1
2	93	-0.00533579	1
2	94	0.0169604	1
2	95	-0.0265048	1
2	96	0.00106517	1
2	97	-0.0330823	0
2	98	0.0354964	1
2	99	-0.00692082	1
3	0	-0.0167139	1
3	1	0.00838766	0
3	2	0.017807	0
3	3	-0.0112041	0
3	4	-0.0013847	1
3	5	-0.0115906	0
3	6	-0.0146558	0
3	7	0.012756	1
3	8	0.0241543	0
3	9	-0.0276752	0
3	10	0.015867	1
3	11	-0.00830231	0
3	12	0.0018609	1
3	13	-3.04565e-05	0
3	14	0.00305347	1
3	15	0.0167732	0
3	16	0.0289618	1
3	17	-0.0156975	0
3	18	-0.0163085	0
3	19	-0.0104127	1
3	20	0.0216532	0
3	21	0.0129123	1
3	22	-0.013937	1
3	23	-0.0247444	1
3	24	-0.0135213	0
3	25	-0.00604925	0
3	26	0.0114709	0
3	27	0.00358742	0
3	28	-0.00204435	0
3	29	0.0134344	0
3	30	-0.0187321	0
3	31	-0.0216953	0
3	32	-0.014212	1
3	33	-0.0044592	0
3	34	-0.0155285	0
3	35	0.00955397	0
3	36	0.000292962	1
3	37	-0.0160696	1
3	38	-0.000358603	1
3	39	0.0185077	0
3	40	-0.0051559	0
3	41	0.0115935	1
3	42	0.00565071	1
3	43	-0.0134422	0
3	44	0.0042745	1
3	45	0.0155648	1
3	46	-0.00592487	1
3	47	0.00552894	1
3	48	-0.0215925	1
3	49	0.0129807	1
3	50	-0.00704521	1
3	51	-0.0128624	0
3	52	-0.0087108	0
3	53	-0.00121018	1
3	54	-0.00944205	0
3	55	-0.014577	0
3	56	0.0114978	1
3	57	-0.00988928	1
3	58	0.00268521	0
3	59	-0.00259445	1
3	60	0.0364149	1
3	61	-0.00646394	0
3	62	-0.00590768	1
3	63	0.0192102	0
3	64	-0.00815164	0
3	65	0.00238941	0
3	66	0.0228961	1
3	67	0.00539875	0
3	68	0.0123061	0
3	69	0.00821706	1
3	70	0.0175143	0
3	71	0.00503468	0
3	72	-0.00506558	0
3	73	-0.0114703	1
3	74	-0.00896387	1
3	75	0.00280164	0
3	76	0.0114881	1
3	77	0.0178529	0
3	78	0.00334515	0
3	79	-0.0119361	1
3	80	0.00958208	0
3	81	-0.00321826	1
3	82	-0.00106442	1
3	83	-0.00266152	1
3	84	0.0111386	1
3	85	-0.0141712	0
3	86	-0.000292304	1
3	87	0.0119405	0
3	88	-0.0193844	0
3	89	-0.0137355	0
3	90	-0.0179689	0
3	91	-0.0167112	1
3	92	-0.00377222	1
3	93	-0.00937159	0
3	94	0.0174302	1
3	95	0.0360989	1
3	96	-0.00420462	1
3	97	0.00275593	0
3	98	0.0112249	0
3	99	0.00643854	0
4	0	-0.0128514	0
4	1	-0.01468	0
4	2	0.0129678	1
4	3	-0.0125687	1
4	4	-0.0196461	1
4	5	-0.00758012	1
4	6	-0.0184639	1
4	7	-0.00983404	1
4	8	0.0164395	1
4	9	-0.00239033	1
4	10	-0.00907183	1
4	11	-0.00359859	1
4	12	0.00226808	0
4	13	-0.00513869	1
4	14	0.0187269	1
4	15	0.00739625	0
4	16	0.00135847	1
4	17	-0.00494087	1
4	18	0.00307247	0
4	19	0.0125795	1
4	20	-0.0140991	1
4	21	-0.0162506	1
4	22	-0.00349863	1
4	23	0.0155529	0
4	24	0.0248072	0
4	25	-0.011237	0
4	26	-0.00317551	0
4	27	0.0175335	0
4	28	0.00528637	1
4	29	-0.00519995	1
4	30	0.0172591	1
4	31	-0.0370881	0
4	32	0.00173685	0
4	33	0.0337396	1
4	34	0.0124563	1
4	35	0.00063109	1
4	36	-0.0171442	0
4	37	0.024363	1
4	38	0.013836	0
4	39	0.0271532	0
4	40	-0.00688243	0
4	41	0.0156532	0
4	42	0.0117959	0
4	43	0.0096518	0
4	44	0.0037149	1
4	45	-0.0129982	1
4	46	-0.0239238	1
4	47	0.0180536	0
4	48	-0.011904	1
4	49	-0.00194236	0
4	50	0.00875439	1
4	51	0.0136918	1
4	52	0.000386563	0
4	53	0.00451485	0
4	54	-0.00128768	1
4	55	0.00814769	0
4	56	-0.0129979	1
4	57	0.00162061	1
4	58	-0.000933736	1
4	59	-0.012138	1
4	60	-0.00812151	1
4	61	-0.00245813	1
4	62	0.0101396	0
4	63	0.0154435	0
4	64	0.00146679	1
4	65	-0.0203794	1
4	66	-0.00753153	1
4	67	0.0085985	1
4	68	-0.0144804	1
4	69	0.0146366	1
4	70	0.0211816	0
4	71	-0.00236213	1
4	72	0.00952842	0
4	73	0.00141648	1
4	74	0.011297	0
4	75	-0.0160878	1
4	76	0.00360726	1
4	77	-0.0182259	0
4	78	0.0195259	0
4	79	0.010813	0
4	80	0.0152737	0
4	81	-0.0158262	0
4	82	-0.0262359	1
4	83	-0.0148527	0
4	84	0.012494	0
4	85	0.00622663	0
4	86	-0.00867514	0
4	87	-0.0148762	1
4	88	0.0110252	0
4	89	-0.0233727	0
4	90	-0.0146136	0
4	91	-0.0265496	1
4	92	-0.00174697	1
4	93	-0.0127779	1
4	94	-0.00538895	1
4	95	0.00688473	0
4	96	3.79578e-05	0
4	97	-0.00377682	1
4	98	0.0144397	0
4	99	0.0126192	1
5	0	-0.0203244	1
5	1	-0.00310291	1
5	2	0.00137381	0
5	3	-0.00216307	1
5	4	0.0186664	0
5	5	-0.00090372	1
5	6	-0.0232312	0
5	7	-0.00208569	0
5	8	-0.00326906	0
5	9	-0.000820239	1
5	10	0.00918349	1
5	11	-0.00764456	1
5	12	0.0252525	1
5	13	-0.0261573	0
5	14	0.0129349	0
5	15	0.00134038	0
5	16	0.019095	0
5	17	0.0120769	1
5	18	0.0107927	1
5	19	0.0160682	1
5	20	-0.000523487	1
5	21	0.0103538	1
5	22	0.0247183	1
5	23	-0.00413387	1
5	24	0.015863	1
5	25	-0.000276693	1
5	26	0.00706232	0
5	27	0.00715099	1
5	28	-0.00897854	0
5	29	0.0118495	0
5	30	0.000297155	1
5	31	0.0108724	1
5	32	0.0118028	0
5	33	0.00466615	1
5	34	-0.000564319	0
5	35	0.013306	0
5	36	0.000689254	1
5	37	-0.00339911	0
5	38	0.00340599	0
5	39	0.000763301	0
5	40	-0.013479	1
5	41	-0.00438681	0
5	42	-0.0105517	1
5	43	0.00810176	1
5	44	-0.00496739	1
5	45	-0.00454791	0
5	46	0.00808058	1
5	47	-0.0175774	1
5	48	-0.000414561	0
5	49	-0.0280678	1
5	50	0.00502047	1
5	51	-0.00235194	1
5	52	0.0253913	0
5	53	-0.000690534	0
5	54	0.0176226	1
5	55	-0.00948755	1
5	56	-0.0281972	0
5	57	0.00380976	1
5	58	-0.0101193	1
5	59	-0.0266254	1
5	60	-0.0121793	0
5	61	0.0076079	1
5	62	-0.0096328	1
5	63	0.0188632	1
5	64	-0.0101519	1
5	65	0.018361	0
5	66	0.0026772	0
5	67	0.0117074	0
5	68	-0.0182298	1
5	69	-0.0146033	0
5	70	0.00170309	0
5	71	-0.0210016	1
5	72	0.000108426	0
5	73	-0.030575	0
5	74	-0.0132131	0
5	75	-0.00820029	0
5	76	-0.00525435	0
5	77	0.00779345	1
5	78	-0.018348	1
5	79	0.00774976	1
5	80	0.0195826	0
5	81	0.00316249	1
5	82	-0.00294035	1
5	83	-0.00691171	0
5	84	-0.00209507	1
5	85	-0.000723625	0
5	86	-0.00481907	0
5	87	-0.0239338	0
5	88	-0.00371614	0
5	89	-0.017212	0
5	90	0.0207119	1
5	91	0.0139645	1
5	92	0.039355	0
5	93	0.00254779	0
5	94	0.00584494	0
5	95	-0.00132517	1
5	96	0.00783512	0
5	97	-0.00362475	1
5	98	-0.00225518	0
5	99	-0.00719855	1
6	0	-0.00634756	0
6	1	0.0112682	0
6	2	0.00607607	1
6	3	0.0293596	0
6	4	-0.00150616	0
6	5	-0.00401258	0
6	6	0.0142206	1
6	7	0.0103568	1
6	8	0.00523463	1
6	9	-0.00396191	0
6	10	0.0111996	0
6	11	0.00768401	1
6	12	-0.000390789	1
6	13	0.00232344	0
6	14	-0.03186	0
6	15	-0.000166383	0
6	16	0.0107611	1
6	17	0.0211547	1
6	18	-0.0291187	1
6	19	-8.62418e-05	1
6	20	-0.000983732	0
6	21	-0.0169409	0
6	22	-0.0104944	1
6	23	-0.0145335	0
6	24	-0.00342895	0
6	25	0.00713039	1
6	26	-0.0274121	0
6	27	-0.0207235	1
6	28	0.00610273	0
6	29	-0.020007	0
6	30	0.0350856	0
6	31	0.00705743	0
6	32	-0.0286015	0
6	33	0.001517	1
6	34	-0.012606	0
6	35	-0.0224516	1
6	36	-0.00148343	1
6	37	-0.0222912	0
6	38	-0.00178547	1
6	39	-0.00307873	1
6	40	0.00523806	0
6	41	0.0291633	0
6	42	-0.0103119	0
6	43	0.0191205	1
6	44	0.00759055	1
6	45	0.0186906	0
6	46	-0.0298389	1
6	47	-0.0163197	1
6	48	0.0141256	1
6	49	-0.0178564	0
6	50	0.0299523	0
6	51	0.00391042	1
6	52	0.0101206	0
6	53	0.00451448	1
6	54	-0.0118433	0
6	55	0.00476672	0
6	56	-0.00830704	1
6	57	-0.00444184	0
6	58	0.0069265	1
6	59	0.0120878	0
6	60	0.00512934	0
6	61	-0.00366726	0
6	62	-0.0312239	0
6	63	-0.00556847	0
6	64	0.0151088	1
6	65	0.0128631	0
6	66	-0.00259291	0
6	67	-0.01179	1
6	68	0.0194512	1
6	69	0.00447044	0
6	70	0.0115478	1
6	71	-0.00136392	1
6	72	0.00437534	1
6	73	-0.00155633	1
6	74	0.00412433	0
6	75	-0.0222279	0
6	76	-0.0194019	0
6	77	0.0199808	1
6	78	0.00652988	0
6	79	-0.0125699	0
6	80	0.00169426	1
6	81	-0.0221547	0
6	82	-0.0248458	0
6	83	0.0106663	0
6	84	-0.0030244	0
6	85	0.000260851	1
6	86	0.00938665	0
6	87	0.008069	0
6	88	0.0149601	0
6	89	0.00839901	1
6	90	-0.00133742	1
6	91	0.0115525	1
6	92	-0.0140973	1
6	93	0.0149647	1
6	94	0.00778974	1
6	95	-0.0106185	0
6	96	0.0009233	1
6	97	0.00763026	1
6	98	0.00482556	1
6	99	0.0137898	1
7	0	0.00909422	0
7	1	-0.00229708	0
7	2	-0.00732636	0
7	3	-0.00102256	1
7	4	-0.00916571	0
7	5	0.0266946	1
7	6	-0.013333	0
7	7	-0.00142375	1
7	8	-0.00497961	0
7	9	0.0132481	0
7	10	0.00265793	0
7	11	0.00812808	0
7	12	0.000534838	0
7	13	-0.0366682	0
7	14	-0.0185643	1
7	15	-0.0326102	1
7	16	-0.00515806	0
7	17	0.0110128	1
7	18	0.0282944	0
7	19	0.00435228	0
7	20	-0.0260077	0
7	21	0.00439503	1
7	22	-0.0109815	1
7	23	0.00495115	0
7	24	-0.00155903	0
7	25	-0.0080056	1
7	26	-0.00155288	0
7	27	-0.027071	0
7	28	-0.0143298	0
7	29	-0.0111152	1
7	30	-0.0105551	0
7	31	-0.0243102	0
7	32	0.00946618	1
7	33	-0.00584876	1
7	34	-0.0106078	1
7	35	-0.00219283	1
7	36	0.00923018	0
7	37	-0.00163848	1
7	38	-0.0102487	0
7	39	-0.012093	1
7	40	-0.00973005	1
7	41	-0.0163048	1
7	42	0.00774977	0
7	43	0.0226208	0
7	44	0.00343411	1
7	45	-0.0178362	1
7	46	-0.0117113	0
7	47	-0.000162126	0
7	48	0.00840282	0
7	49	0.0121341	1
7	50	0.0319099	1
7	51	0.00331227	1
7	52	-0.011089	1
7	53	0.00212396	0
7	54	0.0181669	0
7	55	0.000895689	1
7	56	0.0172622	0
7	57	0.00178186	0
7	58	0.000169324	1
7	59	0.00875718	1
7	60	-0.004589	1
7	61	0.00781938	1
7	62	0.00157947	0
7	63	-0.0153284	0
7	64	0.00603048	1
7	65	0.00568079	1
7	66	-0.000616168	0
7	67	0.0105271	1
7	68	-0.00756436	1
7	69	0.0215571	0
7	70	0.0143466	0
7	71	-0.000593363	1
7	72	0.0243609	1
7	73	0.000640405	0
7	74	-0.00967897	0
7	75	-0.0120387	1
7	76	0.00539004	0
7	77	0.00205989	0
7	78	-0.00347655	0
7	79	0.00186059	0
7	80	0.0053493	1
7	81	-0.0122543	1
7	82	0.00877276	1
7	83	0.0126061	1
7	84	0.00735584	1
7	85	0.0233148	0
7	86	0.00753888	1
7	87	-0.00838199	1
7	88	0.010393	0
7	89	-0.0131896	1
7	90	-0.0278301	1
7	91	-0.0204373	0
7	92	0.0293699	0
7	93	-0.0123314	0
7	94	0.00758005	1
7	95	0.0228626	0
7	96	0.00632167	0
7	97	0.000670926	1
7	98	0.0149917	1
7	99	-0.00395041	0
8	0	0.000152494	0
8	1	0.0183499	1
8	2	-0.00519603	0
8	3	0.0106445	1
8	4	0.0135797	0
8	5	0.00201148	1
8	6	0.00667009	1
8	7	0.00576104	1
8	8	-0.0369213	0
8	9	0.0158925	1
8	10	0.0072927	1
8	11	0.00759474	0
8	12	-0.0103931	1
8	13	0.017266	0
8	14	0.0343366	1
8	15	0.00895344	1
8	16	0.0134224	1
8	17	-0.0338339	0
8	18	-0.00474558	1
8	19	-0.00802268	1
8	20	-0.0158015	1
8	21	0.00506269	1
8	22	-0.00108107	1
8	23	0.0148585	0
8	24	0.00536005	1
8	25	0.0315417	1
8	26	0.00137882	1
8	27	-0.00253939	0
8	28	-0.00762901	1
8	29	0.00206218	0
8	30	-0.0154858	1
8	31	0.0215028	0
8	32	0.00170363	0
8	33	0.00390116	1
8	34	0.00156049	0
8	35	0.00457356	1
8	36	0.00609965	0
8	37	-0.0381571	1
8	38	0.00556543	0
8	39	-0.0244738	1
8	40	0.0224293	1
8	41	0.01237	1
8	42	0.00428954	0
8	43	-0.0223358	1
8	44	0.00776788	0
8	45	-0.010323	1
8	46	0.00645786	0
8	47	-0.0057492	0
8	48	-0.00338805	0
8	49	0.00148739	1
8	50	-0.0173394	1
8	51	0.00447582	0
8	52	0.00993302	1
8	53	0.0168209	1
8	54	-0.013296	1
8	55	-0.0103879	1
8	56	-0.00110489	0
8	57	-0.00757442	0
8	58	-0.0219602	0
8	59	-0.0114044	0
8	60	0.0127916	0
8	61	-0.0438052	0
8	62	-0.00650344	1
8	63	-0.00570671	1
8	64	-0.0174437	0
8	65	0.00283401	0
8	66	0.00161969	1
8	67	-0.0169247	1
8	68	0.00958742	0
8	69	-0.000484339	1
8	70	0.0013718	1
8	71	0.00485218	1
8	72	-0.00984431	0
8	73	0.008645	1
8	74	-0.000619116	0
8	75	-0.00688881	0
8	76	-0.00814916	1
8	77	0.0132122	1
8	78	0.0223001	0
8	79	0.00456809	1
8	80	0.00479396	1
8	81	-0.00920321	1
8	82	0.0306837	1
8	83	0.00217058	1
8	84	0.0265154	1
8	85	-0.00459281	0
8	86	-0.00214625	1
8	87	-8.36816e-05	0
8	88	-0.00519256	0
8	89	-0.00614508	0
8	90	-0.000529377	1
8	91	0.00140726	0
8	92	-0.0101509	0
8	93	-0.00392864	1
8	94	0.00201012	0
8	95	-0.0141633	1
8	96	-0.00774225	0
8	97	0.00675352	0
8	98	-0.00645861	1
8	99	0.0066029	1
9	0	0.00266638	0
9	1	0.0016448	1
9	2	-0.020479	1
9	3	0.000830458	1
9	4	-0.00436827	1
9	5	0.015222	1
9	6	-0.00477768	0
9	7	0.00728492	0
9	8	0.0324606	1
9	9	0.00107332	0
9	10	-0.015395	0
9	11	0.00694129	1
9	12	0.0229532	0
9	13	-0.0127368	0
9	14	0.0087748	1
9	15	-0.00308813	0
9	16	0.000134593	0
9	17	0.00258143	0
9	18	-0.0186203	0
9	19	0.00815098	1
9	20	-0.000424922	1
9	21	0.00955994	0
9	22	-0.000262373	0
9	23	-0.0020368	1
9	24	-0.00423832	0
9	25	0.0125143	1
9	26	-0.0256905	1
9	27	-0.00436541	1
9	28	-0.00764627	1
9	29	0.00762601	1
9	30	-0.000899544	0
9	31	-0.0062704	0
9	32	-0.0124395	1
9	33	0.0111745	0
9	34	8.20006e-05	0
9	35	-0.00672686	1
9	36	-0.0120038	0
9	37	0.0170535	1
9	38	0.0176437	1
9	39	0.0237177	0
9	40	0.0258662	0
9	41	-0.000454869	1
9	42	0.00774968	1
9	43	-0.0211468	1
9	44	0.00930512	1
9	45	0.00388984	1
9	46	0.0108581	0
9	47	-0.0136602	0
9	48	0.0152799	0
9	49	-0.0194286	1
9	50	-0.00267425	0
9	51	-0.00398126	1
9	52	-0.00272951	1
9	53	-0.0131839	1
9	54	-0.0190455	1
9	55	-0.02982	0
9	56	-0.0342419	1
9	57	0.0159243	1
9	58	0.0018222	0
9	59	-0.00310999	0
9	60	0.0261896	0
9	61	-0.0295463	0
9	62	-0.00180951	0
9	63	0.000612471	1
9	64	0.0113188	1
9	65	0.0142419	1
9	66	-0.00639791	1
9	67	-0.0045289	1
9	68	-0.00628057	0
9	69	-0.0124264	0
9	70	0.0110344	0
9	71	-0.00717679	1
9	72	-0.0136608	0
9	73	-0.0132306	1
9	74	0.0101911	0
9	75	0.00443353	1
9	76	-0.00891566	0
9	77	-0.0373787	0
9	78	-0.025686	1
9	79	0.0198218	0
9	80	0.0328754	0
9	81	0.0118768	1
9	82	0.0104342	0
9	83	-0.00373706	1
9	84	-0.0123185	1
9	85	0.00727933	0
9	86	-0.00505993	0
9	87	-0.0163194	1
9	88	0.00831061	0
9	89	-0.0191865	0
9	90	-0.0126793	1
9	91	0.0206159	0
9	92	0.0400096	0
9	93	-0.0146362	1
9	94	-0.0244335	0
9	95	0.0227931	0
9	96	0.00548196	1
9	97	0.00580003	0
9	98	0.0230515	1
9	99	0.0141977	0
10	0	0.00179705	0
10	1	-0.00187169	1
10	2	-0.0105067	1
10	3	0.00171468	0
10	4	-0.0175219	1
10	5	-0.00807898	1
10	6	-0.00106496	0
10	7	0.00133059	1
10	8	-0.00638661	0
10	9	-0.00014521	0
10	10	-0.0107519	1
10	11	-0.00753326	1
10	12	-0.0178336	0
10	13	-0.0264251	1
10	14	-0.00127257	1
10	15	-0.0194865	1
10	16	0.00435161	0
10	17	0.00950726	1
10	18	-0.00151902	1
10	19	6.81697e-05	0
10	20	-0.000158115	1
10	21	0.0165229	0
10	22	0.0033084	1
10	23	0.0123232	0
10	24	0.00946604	1
10	25	0.00147388	1
10	26	0.0144084	1
10	27	-0.00910444	1
10	28	-0.0201069	0
10	29	0.00708287	0
10	30	0.0113081	0
10	31	0.0245337	0
10	32	0.0108874	1
10	33	0.00544627	1
10	34	0.00578651	0
10	35	-0.0015496	1
10	36	0.0347263	1
10	37	0.00633065	0
10	38	-0.000714932	1
10	39	0.00775915	0
10	40	-0.0123114	1
10	41	-0.00557631	0
10	42	0.0430647	1
10	43	0.0126945	1
10	44	0.0190971	1
10	45	0.0147794	0
10	46	0.0195113	0
10	47	-0.0088797	0
10	48	-0.0119089	0
10	49	0.018997	0
10	50	-0.0366626	0
10	51	0.00311	0
10	52	-0.0234673	1
10	53	0.00630633	1
10	54	-0.00560239	0
10	55	-0.00483327	1
10	56	-0.0402208	0
10	57	0.0115896	0
10	58	-0.0157869	0
10	59	0.00152095	1
10	60	0.00860846	1
10	61	0.0187301	1
10	62	-0.00689794	1
10	63	-0.00941384	0
10	64	0.00948158	0
10	65	0.0114692	0
10	66	0.0205321	1
10	67	-0.00368473	0
10	68	-0.00741349	0
10	69	-0.0226728	1
10	70	0.0209976	0
10	71	0.00114714	0
10	72	-0.0131839	1
10	73	-0.000841418	0
10	74	0.00736651	0
10	75	-0.0135929	0
10	76	-0.0231608	0
10	77	0.0146465	1
10	78	-0.039306	1
10	79	-0.0109647	1
10	80	0.0132265	0
10	81	-0.0153337	0
10	82	-0.00109034	1
10	83	-0.00965633	0
10	84	0.0298384	0
10	85	-0.00737428	0
10	86	-0.0271911	1
10	87	0.00118699	0
10	88	-0.00515532	1
10	89	-0.0157929	1
10	90	-0.000733289	0
10	91	0.0103414	0
10	92	0.0321194	0
10	93	0.00705551	1
10	94	-0.0145605	1
10	95	0.0208619	1
10	96	0.0174682	0
10	97	-0.0064102	0
10	98	-0.00492794	1
10	99	0.000758574	0
11	0	0.005993	0
11	1	-0.0116491	0
11	2	0.00201534	0
11	3	0.0256175	1
11	4	0.00450814	0
11	5	0.0171115	1
11	6	-0.0102444	1
11	7	0.0407721	0
11	8	-0.00915103	1
11	9	-0.00244114	0
11	10	-0.0154321	0
11	11	0.00441143	0
11	12	0.0281918	0
11	13	0.00741724	1
11	14	0.0103574	1
11	15	0.0124093	0
11	16	-0.0172235	1
11	17	0.0186382	1
11	18	-0.0102061	0
11	19	0.00565249	1
11	20	0.0137651	1
11	21	-0.0127925	0
11	22	0.03162	1
11	23	0.00611231	1
11	24	-0.00957182	0
11	25	0.00278711	0
11	26	-0.012003	1
11	27	0.00657401	1
11	28	-0.0264428	1
11	29	0.00988954	1
11	30	0.00953948	1
11	31	-0.00476056	0
11	32	0.000269631	0
11	33	-0.0188582	1
11	34	-0.015002	1
11	35	-0.00601083	1
11	36	-0.00129602	0
11	37	-0.0203719	1
11	38	-0.0125101	0
11	39	0.0063401	0
11	40	0.0125014	0
11	41	0.0108068	1
11	42	-0.025041	1
11	43	-0.00451954	1
11	44	0.0116359	1
11	45	-0.0293135	1
11	46	0.0051408	1
11	47	0.0254563	0
11	48	0.0274075	1
11	49	-0.0246836	1
11	50	0.00913252	0
11	51	-0.000438888	0
11	52	-0.0158492	0
11	53	-0.00950462	1
11	54	0.0102769	1
11	55	-0.00977496	0
11	56	0.00569429	1
11	57	-0.00967707	0
11	58	0.0132117	0
11	59	0.00957652	1
11	60	0.0147153	0
11	61	-0.0233532	1
11	62	0.00347856	0
11	63	-0.0125782	0
11	64	0.00419483	0
11	65	-0.0120926	1
11	66	-0.00401313	1
11	67	-0.0270347	1
11	68	-0.0123381	1
11	69	0.0314182	1
11	70	0.0177268	1
11	71	-0.0173519	0
11	72	0.00758149	1
11	73	0.021716	0
11	74	-0.0251972	1
11	75	0.0242039	1
11	76	0.000837468	0
11	77	0.00765094	1
11	78	0.015924	1
11	79	-0.00989805	0
11	80	0.00618907	0
11	81	0.00713811	0
11	82	-0.00423043	0
11	83	-0.0237548	1
11	84	-0.0136887	1
11	85	0.00221339	0
11	86	-0.00189044	1
11	87	0.00938723	1
11	88	-0.0129932	1
11	89	-0.0227909	1
11	90	-0.0175448	1
11	91	0.00330304	0
11	92	0.00678368	0
11	93	0.00204391	1
11	94	-0.00777563	1
11	95	0.0113332	1
11	96	0.00137291	0
11	97	0.0144334	1
11	98	-0.00383903	1
11	99	-0.027344	1
12	0	-0.0229201	0
12	1	0.0101523	0
12	2	0.00712224	0
12	3	-0.0113691	1
12	4	-0.00173318	1
12	5	0.00274906	0
12	6	0.000227762	1
12	7	-0.0169117	0
12	8	0.00821258	0
12	9	-0.0012728	1
12	10	0.0103734	0
12	11	0.0475904	0
12	12	-0.0149485	0
12	13	-0.0030003	1
12	14	0.0365439	0
12	15	-0.00755475	0
12	16	0.00428999	0
12	17	0.0100002	0
12	18	-0.00952534	0
12	19	0.0093463	0
12	20	0.00181212	1
12	21	0.00368851	1
12	22	-0.00734369	1
12	23	0.0117308	0
12	24	-0.0184793	0
12	25	-0.0201103	0
12	26	-0.00408485	0
12	27	0.0175592	0
12	28	0.024391	0
12	29	-0.0126676	0
12	30	0.00328348	0
12	31	0.0149273	0
12	32	0.00819247	0
12	33	-0.0209837	0
12	34	-0.0208413	0
12	35	0.00282893	1
12	36	-0.00393232	1
12	37	0.00567788	1
12	38	0.00987375	1
12	39	-0.0202795	0
12	40	-0.0302242	0
12	41	0.0104544	0
12	42	-0.0172315	0
12	43	0.00666821	0
12	44	0.00314301	0
12	45	0.00462443	1
12	46	-0.0175981	1
12	47	-0.0242812	1
12	48	0.0183928	0
12	49	0.0133374	0
12	50	-0.011829	0
12	51	0.000579665	1
12	52	-0.00287634	0
12	53	-0.00628935	1
12	54	-0.00805569	0
12	55	-0.0133381	1
12	56	-0.0156134	0
12	57	0.000943849	0
12	58	-0.001271	1
12	59	0.0230238	1
12	60	0.016838	1
12	61	-0.0182786	1
12	62	0.00854336	0
12	63	-1.82289e-05	0
12	64	0.0164751	0
12	65	-0.0321031	0
12	66	0.013662	1
12	67	0.0181499	1
12	68	0.0169497	1
12	69	-0.00595124	1
12	70	-0.0289452	0
12	71	0.0118622	0
12	72	0.00974241	1
12	73	-0.0208501	0
12	74	-0.0105657	1
12	75	0.0167684	1
12	76	-0.00596275	0
12	77	0.0128148	1
12	78	-0.0209041	0
12	79	-0.00169957	0
12	80	-0.020444	0
12	81	0.0147709	0
12	82	0.00709579	1
12	83	-0.0140128	0
12	84	0.0246933	0
12	85	-0.000542839	0
12	86	0.000654316	0
12	87	-0.000882273	0
12	88	-0.0301406	1
12	89	0.00275718	1
12	90	-0.00806239	0
12	91	0.000641127	0
12	92	0.00656461	1
12	93	-0.00160177	1
12	94	-0.00134508	1
12	95	0.0172561	0
12	96	-0.0192908	1
12	97	0.0239083	0
12	98	0.0311741	1
12	99	0.00510468	1
13	0	0.0171672	0
13	1	-0.00368116	1
13	2	-0.00151082	1
13	3	0.00472978	0
13	4	0.00211865	1
13	5	0.010766	0
13	6	-0.00879967	1
13	7	-0.00131663	0
13	8	0.0033919	1
13	9	0.0208528	1
13	10	-0.00337575	1
13	11	-0.0131469	1
13	12	0.00880474	1
13	13	0.00177813	0
13	14	-0.00375549	1
13	15	-0.0217702	1
13	16	0.00286491	1
13	17	-0.00810291	1
13	18	-0.0225209	1
13	19	-0.00217523	1
13	20	0.00173589	1
13	21	-0.0107108	1
13	22	-0.0202595	0
13	23	0.0112092	0
13	24	0.00870975	1
13	25	0.0231867	1
13	26	0.0127888	0
13	27	0.00859848	1
13	28	-0.00457854	0
13	29	0.0216659	1
13	30	0.00965891	1
13	31	6.49869e-05	0
13	32	-0.00420087	0
13	33	-0.00615683	1
13	34	0.00414041	0
13	35	0.0187666	0
13	36	-0.00859157	1
13	37	0.0139275	0
13	38	0.00388948	1
13	39	0.00573683	0
13	40	0.00786378	0
13	41	-0.0170095	0
13	42	0.0322844	0
13	43	-0.016441	0
13	44	0.0185501	1
13	45	-0.00288904	1
13	46	-0.00133758	1
13	47	0.00585241	0
13	48	0.00582547	0
13	49	0.0116428	1
13	50	-0.00503926	1
13	51	-0.00203504	0
13	52	-0.0125724	1
13	53	0.011356	1
13	54	-0.0221511	0
13	55	0.00184306	0
13	56	-0.00188355	0
13	57	0.00946032	1
13	58	0.00389788	0
13	59	-0.0114492	1
13	60	-0.0113307	1
13	61	-0.0227207	1
13	62	0.00368519	1
13	63	-0.0300021	1
13	64	-0.0166986	1
13	65	-0.0242782	1
13	66	0.00034396	1
13	67	-0.0117812	1
13	68	0.00976219	0
13	69	0.00135898	1
13	70	0.000495117	1
13	71	0.00237027	1
13	72	0.0206959	0
13	73	0.0278703	1
13	74	-0.0018616	0
13	75	0.00832377	1
13	76	-0.0108184	1
13	77	-0.0128609	0
13	78	-0.0117825	0
13	79	-0.00586264	1
13	80	0.0155683	0
13	81	-0.0203098	1
13	82	-0.0204369	0
13	83	-0.00526462	0
13	84	-0.0203719	0
13	85	0.0185176	0
13	86	0.0159511	1
13	87	-0.00195772	1
13	88	0.0208779	1
13	89	0.0331497	0
13	90	0.00410277	0
13	91	0.00565071	0
13	92	0.0207235	0
13	93	-0.0134949	0
13	94	-0.00990204	0
13	95	-0.0206026	1
13	96	-0.0284262	1
13	97	0.0229819	1
13	98	-0.0102555	0
13	99	-0.00907801	0
14	0	-0.0171938	0
14	1	-0.0130035	0
14	2	-0.0169224	1
14	3	-0.0143265	1
14	4	0.00256	0
14	5	-0.00273111	1
14	6	-0.0039837	1
14	7	0.00245132	0
14	8	0.018408	0
14	9	-0.00145449	0
14	10	-0.0122479	1
14	11	-0.00194399	0
14	12	-0.00758756	0
14	13	0.00880589	1
14	14	0.00130743	1
14	15	-0.0136895	0
14	16	0.00333292	0
14	17	-0.000460651	0
14	18	-0.0173212	0
14	19	0.0374547	0
14	20	-0.0106658	1
14	21	0.00423874	0
14	22	0.00645199	1
14	23	0.0163408	0
14	24	-0.0157567	1
14	25	0.022217	0
14	26	-0.0136274	0
14	27	-0.00604234	1
14	28	-0.00941266	0
14	29	0.00294505	0
14	30	0.0175185	0
14	31	0.0198865	0
14	32	-0.00278403	0
14	33	0.00831191	1
14	34	0.00774531	1
14	35	0.0136803	1
14	36	-0.00369758	1
14	37	-0.00776924	0
14	38	0.0208373	1
14	39	-0.00988882	1
14	40	0.0128718	0
14	41	-0.000814824	1
14	42	-0.00661427	1
14	43	-0.00389684	1
14	44	0.00668146	0
14	45	-0.00183945	1
14	46	0.00950959	0
14	47	-0.000752833	1
14	48	0.00609313	1
14	49	-0.00391716	1
14	50	-0.00137151	0
14	51	-0.0123611	0
14	52	0.00392758	1
14	53	0.00263946	0
14	54	0.0135918	1
14	55	0.0181235	0
14	56	-0.0165936	1
14	57	0.0191741	1
14	58	0.0134539	1
14	59	0.0239523	0
14	60	-0.00155528	1
14	61	0.000252134	0
14	62	-0.00861458	0
14	63	-0.028789	0
14	64	0.00473702	0
14	65	0.000770539	0
14	66	-0.0109198	0
14	67	0.00681429	0
14	68	0.0222896	0
14	69	0.00305453	0
14	70	-0.000163152	1
14	71	0.00622703	0
14	72	-0.0314619	1
14	73	-0.0270622	0
14	74	0.0166536	1
14	75	-0.00147941	1
14	76	-0.0165808	1
14	77	-0.00319096	1
14	78	0.00795187	1
14	79	0.00281908	0
14	80	0.00353826	1
14	81	0.0049559	1
14	82	-0.0109396	0
14	83	-0.0103011	0
14	84	-0.00950672	1
14	85	-0.0040474	1
14	86	0.000181724	1
14	87	-0.0042666	0
14	88	-0.00174073	0
14	89	-0.00202562	1
14	90	0.00443906	1
14	91	-0.00287397	1
14	92	-0.0148539	1
14	93	-0.00188825	1
14	94	-0.0159851	0
14	95	-0.0122787	1
14	96	0.00107789	1
14	97	-0.00406042	1
14	98	0.0357865	1
14	99	0.00919663	1
15	0	0.00973555	0
15	1	0.00536072	1
15	2	0.0162444	1
15	3	0.0197372	0
15	4	-0.0108106	1
15	5	0.000124861	1
15	6	0.0100279	1
15	7	0.0222095	1
15	8	-0.00362174	1
15	9	0.0201645	0
15	10	0.0122996	0
15	11	-0.0193122	0
15	12	0.00773788	0
15	13	-0.0231212	1
15	14	0.00804654	1
15	15	-0.00791448	0
15	16	0.000167342	1
15	17	-0.0030713	0
15	18	-0.000867057	1
15	19	-0.0272801	1
15	20	0.00588927	0
15	21	-0.0224066	0
15	22	0.00353799	0
15	23	-0.00726023	1
15	24	-0.0122611	0
15	25	-0.0308059	1
15	26	-0.00540743	1
15	27	0.00995154	1
15	28	0.00975642	1
15	29	0.00777675	0
15	30	0.00915001	0
15	31	0.00328734	1
15	32	-0.011311	1
15	33	-0.024041	1
15	34	0.00404437	1
15	35	0.00623485	1
15	36	-0.0203825	1
15	37	-0.00453657	1
15	38	-0.00355025	0
15	39	-0.00281067	0
15	40	0.0171038	1
15	41	-0.00735804	1
15	42	-0.019096	1
15	43	0.0154253	1
15	44	0.02467	1
15	45	0.0158924	0
15	46	0.0154841	0
15	47	-0.00566676	0
15	48	0.0178602	0
15	49	0.00404973	1
15	50	-0.00421525	1
15	51	-0.00472798	0
15	52	0.00939437	1
15	53	0.00701455	0
15	54	0.0202977	1
15	55	-0.0142703	0
15	56	0.00767913	0
15	57	0.00491851	1
15	58	-0.00949631	0
15	59	0.0122904	1
15	60	0.000565618	1
15	61	-0.00716165	0
15	62	-0.0167228	0
15	63	-0.0189251	1
15	64	-0.0140233	0
15	65	-0.00933188	1
15	66	0.0257552	0
15	67	0.00230637	0
15	68	0.0138469	1
15	69	8.92815e-07	0
15	70	-0.0202299	0
15	71	-0.00408671	0
15	72	0.0190249	0
15	73	0.00788839	0
15	74	-0.00714664	0
15	75	0.0194263	0
15	76	-0.00364198	1
15	77	-0.0376162	0
15	78	0.00820624	1
15	79	-0.0130571	0
15	80	0.0127056	0
15	81	0.011028	1
15	82	-0.00260639	1
15	83	-0.0188195	1
15	84	-0.00254274	1
15	85	-0.0107475	1
15	86	-0.0134024	0
15	87	-0.0047502	0
15	88	-0.0166341	1
15	89	-0.00221071	1
15	90	0.0247617	0
15	91	0.0262939	0
15	92	0.017414	0
15	93	0.0128873	1
15	94	-0.0377162	1
15	95	0.00801263	0
15	96	-0.0104035	0
15	97	0.00169028	0
15	98	-0.00198668	1
15	99	0.00398664	1
16	0	-0.0266278	1
16	1	0.0198318	0
16	2	0.0120151	0
16	3	-0.0204327	1
16	4	-0.0019716	1
16	5	-0.000327146	0
16	6	0.00902746	1
16	7	0.0127978	1
16	8	-0.0144394	1
16	9	-7.67704e-05	1
16	10	0.00384075	0
16	11	0.0105564	0
16	12	-0.0150523	1
16	13	-0.00930955	1
16	14	-0.0021993	1
16	15	-0.011162	0
16	16	0.00832013	0
16	17	0.005283	1
16	18	-0.0255761	0
16	19	0.0134874	1
16	20	-0.0166577	0
16	21	-0.00433933	0
16	22	-0.00781604	1
16	23	-0.00803299	1
16	24	-0.0217115	1
16	25	0.012013	0
16	26	0.00748749	0
16	27	-0.00235368	0
16	28	-0.00323296	0
16	29	-0.00189945	0
16	30	0.0142452	0
16	31	-0.0152592	1
16	32	0.00187543	0
16	33	0.00690437	1
16	34	-0.0139487	1
16	35	0.0034631	0
16	36	-0.0117728	0
16	37	-0.00744068	1
16	38	-0.00329	0
16	39	-0.0220928	0
16	40	-0.0186988	1
16	41	0.00893286	1
16	42	0.0138015	1
16	43	0.0126189	0
16	44	-0.0179617	1
16	45	-0.00797355	1
16	46	0.016078	0
16	47	-0.0196742	0
16	48	0.0170603	1
16	49	0.0211218	1
16	50	0.014981	1
16	51	-0.00184567	1
16	52	-0.00764077	0
16	53	-0.0313098	0
16	54	0.00317598	1
16	55	-0.00838014	1
16	56	0.0252407	0
16	57	0.00932282	1
16	58	-0.0323076	1
16	59	0.0162059	0
16	60	-0.0219125	0
16	61	-0.00146868	0
16	62	-0.00277281	1
16	63	0.00378797	0
16	64	0.0268264	1
16	65	-0.000125657	1
16	66	-0.00487535	1
16	67	0.000967854	0
16	68	-0.0160685	0
16	69	0.0111443	1
16	70	0.00836528	0
16	71	-0.00760473	0
16	72	-0.00666926	0
16	73	-0.00468079	0
16	74	-0.00913608	0
16	75	0.00360579	0
16	76	0.0132161	0
16	77	0.0025291	1
16	78	-0.00544194	1
16	79	0.00642843	1
16	80	0.0112647	0
16	81	0.0215574	1
16	82	0.0190982	0
16	83	-0.00599886	1
16	84	-0.00522526	1
16	85	0.00662536	0
16	86	0.00246116	0
16	87	-0.00051141	0
16	88	0.0413508	1
16	89	0.000191768	0
16	90	0.00904419	1
16	91	0.00582562	1
16	92	-0.00503561	0
16	93	0.00846051	1
16	94	0.0102112	0
16	95	0.00227768	1
16	96	-0.0156754	0
16	97	0.0201519	1
16	98	-0.0141782	0
16	99	0.00511559	0
17	0	0.034313	0
17	1	-0.00813745	1
17	2	0.00977005	0
17	3	0.0220598	0
17	4	0.0173783	1
17	5	0.0128601	1
17	6	0.00923755	1
17	7	-0.00664448	0
17	8	0.0117859	1
17	9	0.0168088	0
17	10	-0.0122511	1
17	11	0.0105678	0
17	12	0.0207607	1
17	13	0.0112403	1
17	14	-0.00388062	0
17	15	-0.0260766	1
17	16	-0.00753892	0
17	17	0.00201189	1
17	18	-0.00548604	1
17	19	-0.014818	0
17	20	-0.00649048	1
17	21	0.0195237	1
17	22	0.00521161	1
17	23	0.00194118	1
17	24	0.00955677	0
17	25	-0.0145946	1
17	26	0.00266461	1
17	27	-0.0174843	1
17	28	-0.000157893	0
17	29	0.0201156	0
17	30	-0.0092863	1
17	31	-0.0131068	0
17	32	0.017349	1
17	33	-0.00464395	0
17	34	0.0348835	0
17	35	-0.0146193	1
17	36	0.00611366	0
17	37	0.00958942	0
17	38	-0.00984699	0
17	39	0.00270429	0
17	40	0.00762127	1
17	41	-0.0158485	1
17	42	-0.0107059	0
17	43	-0.015531	1
17	44	-0.00584083	1
17	45	-0.00777173	0
17	46	-0.00878765	1
17	47	-0.00616224	0
17	48	-0.0139261	1
17	49	-0.00293431	1
17	50	0.0017856	1
17	51	0.017698	0
17	52	-0.00669334	1
17	53	-0.0230648	0
17	54	0.00160948	1
17	55	-0.00170891	1
17	56	-0.0128836	0
17	57	0.00348957	0
17	58	0.0375421	1
17	59	0.00241903	1
17	60	-0.00048433	1
17	61	0.00883538	1
17	62	2.83955e-05	1
17	63	0.0037565	1
17	64	0.00429359	0
17	65	-0.00417832	0
17	66	0.0299422	0
17	67	-0.0120365	1
17	68	0.00949874	1
17	69	0.00614866	0
17	70	-0.0162332	0
17	71	-0.012566	0
17	72	0.00400703	1
17	73	-0.0147076	1
17	74	-0.00899233	1
17	75	-0.00569021	0
17	76	0.0225858	0
17	77	-0.00546862	1
17	78	-0.0247237	1
17	79	0.00511572	1
17	80	0.0118813	1
17	81	0.0131512	1
17	82	-0.0337269	0
17	83	-0.0166595	0
17	84	0.00124138	0
17	85	0.000357285	0
17	86	-0.0371283	1
17	87	0.0196011	0
17	88	-0.0198923	1
17	89	-0.00596342	1
17	90	0.00744486	0
17	91	0.00561601	1
17	92	-0.000170112	0
17	93	0.0292303	1
17	94	0.0191214	1
17	95	-0.0294278	0
17	96	-0.0137904	1
17	97	-0.0093101	1
17	98	-0.0189041	0
17	99	0.0145071	0
18	0	-0.0094457	0
18	1	-0.0104851	0
18	2	-0.0111085	0
18	3	-0.0104442	1
18	4	-0.0166848	0
18	5	-0.00864289	1
18	6	-0.00127583	1
18	7	0.0235534	1
18	8	0.00668229	1
18	9	-0.0363521	1
18	10	-0.0176887	1
18	11	0.0318435	1
18	12	0.00359764	0
18	13	0.00428604	1
18	14	0.00621884	1
18	15	0.00133547	0
18	16	-0.0140694	0
18	17	-0.0036565	1
18	18	0.0243648	0
18	19	0.0297465	1
18	20	0.0121807	1
18	21	0.0136365	0
18	22	0.0053594	1
18	23	-0.00734735	1
18	24	-0.0125294	1
18	25	-0.00753816	1
18	26	0.0145146	0
18	27	0.00143171	0
18	28	-0.0151535	0
18	29	-0.0259847	0
18	30	0.0222713	0
18	31	-0.00407059	1
18	32	-0.0152542	0
18	33	0.0101092	1
18	34	0.0203447	0
18	35	0.0148141	0
18	36	-0.00267068	1
18	37	0.00436633	1
18	38	0.00980722	0
18	39	5.9574e-05	0
18	40	-0.0106286	0
18	41	0.0317107	1
18	42	-0.0246702	0
18	43	-0.00762982	0
18	44	-0.00879971	0
18	45	0.00313246	0
18	46	-0.0113485	0
18	47	-0.00511842	0
18	48	0.00203141	0
18	49	-0.0185348	0
18	50	0.0151607	0
18	51	-0.0138471	1
18	52	-0.00787671	1
18	53	-0.0127593	1
18	54	-0.0176357	1
18	55	0.0154341	0
18	56	-0.00804971	1
18	57	0.0216435	0
18	58	-0.0249708	1
18	59	0.0257457	1
18	60	0.00187954	1
18	61	-0.0234547	0
18	62	-0.00336374	1
18	63	0.0155213	0
18	64	-0.00548995	1
18	65	0.0033801	1
18	66	-0.0297171	1
18	67	0.0173012	1
18	68	0.0220624	1
18	69	-0.0207182	1
18	70	-0.0223069	0
18	71	-0.00897414	0
18	72	0.0158898	0
18	73	-0.00809531	1
18	74	-0.00108071	0
18	75	-0.00759912	1
18	76	0.00025918	1
18	77	0.00607031	0
18	78	0.0077956	0
18	79	-0.0015323	1
18	80	0.00129148	0
18	81	0.0036883	1
18	82	0.000299004	0
18	83	-0.00646714	0
18	84	-0.0114516	1
18	85	0.0118006	0
18	86	0.00981165	0
18	87	-0.00084878	1
18	88	0.00769033	1
18	89	0.0138556	1
18	90	0.00221365	1
18	91	-0.00857198	0
18	92	0.00783135	1
18	93	-0.014366	1
18	94	0.0152752	0
18	95	-0.00558859	0
18	96	0.0206481	0
18	97	0.0260607	1
18	98	0.00167036	0
18	99	-0.0057798	0
19	0	0.023938	0
19	1	-0.0052196	0
19	2	-0.0194294	0
19	3	0.00410996	0
19	4	0.0040901	1
19	5	0.00217916	1
19	6	0.01543	1
19	7	-0.00701956	0
19	8	-0.00270644	0
19	9	-0.00821285	0
19	10	0.0177205	1
19	11	0.0246889	1
19	12	-0.00730873	0
19	13	0.0104002	1
19	14	0.0197526	0
19	15	-0.01215	0
19	16	0.00212944	0
19	17	0.00588996	1
19	18	-0.00789872	1
19	19	-0.00331888	1
19	20	-0.0056289	0
19	21	-0.0141819	0
19	22	-0.0229328	1
19	23	0.0305959	0
19	24	-0.00200024	0
19	25	-0.00340508	0
19	26	-0.0193252	1
19	27	0.00254396	1
19	28	-0.024283	0
19	29	-0.00517948	0
19	30	0.0107053	1
19	31	-0.0113313	0
19	32	0.0116318	1
19	33	-0.0203572	0
19	34	-0.00311163	0
19	35	0.0180382	0
19	36	0.000440429	0
19	37	-0.00101741	1
19	38	0.0164597	1
19	39	-0.022641	0
19	40	-0.0171424	0
19	41	-0.00233081	1
19	42	0.0109938	1
19	43	0.0141864	1
19	44	0.00768059	1
19	45	-0.000647302	1
19	46	0.0135238	0
19	47	-0.00331791	1
19	48	-0.00872277	1
19	49	0.0206043	1
19	50	-0.00561443	1
19	51	0.00722481	1
19	52	-0.00912146	0
19	53	-0.0184801	1
19	54	-0.0100126	1
19	55	-0.0133326	1
19	56	-0.00766688	0
19	57	-0.00173842	0
19	58	0.0198819	0
19	59	0.012563	0
19	60	-0.00558403	1
19	61	0.00216656	0
19	62	0.00754305	1
19	63	-0.0218281	1
19	64	-0.000634525	0
19	65	0.00414655	0
19	66	0.000346452	1
19	67	-0.00103269	0
19	68	-0.00991599	1
19	69	-0.00327642	0
19	70	-0.00655319	0
19	71	0.00777102	0
19	72	0.00124474	0
19	73	0.0303984	1
19	74	0.0175601	0
19	75	0.00334338	1
19	76	-0.000488181	0
19	77	0.0164009	0
19	78	-0.0176628	1
19	79	-0.00050281	0
19	80	-0.00121817	0
19	81	-0.002536	1
19	82	-0.0198809	0
19	83	0.00526038	1
19	84	-0.0138158	1
19	85	0.00727065	1
19	86	0.00272938	0
19	87	0.00361189	1
19	88	-0.0136896	0
19	89	-0.00158433	1
19	90	-0.0145377	0
19	91	-0.00587003	0
19	92	0.0036481	1
19	93	-0.00568961	1
19	94	0.0206679	1
19	95	-0.00502921	1
19	96	0.000334749	0
19	97	0.00145187	1
19	98	0.0186077	1
19	99	-0.00378948	1
20	0	0.00225913	1
20	1	-0.0205532	0
20	2	-0.00156171	1
20	3	-0.00892591	1
20	4	-0.00894821	1
20	5	0.0180761	0
20	6	-0.0248342	0
20	7	0.0196148	1
20	8	-0.00629264	1
20	9	0.0169183	0
20	10	0.0109264	1
20	11	-0.00437263	0
20	12	-0.0113379	0
20	13	-0.00721298	0
20	14	-0.0248103	1
20	15	-0.00671581	1
20	16	-0.0135133	1
20	17	0.0182668	1
20	18	0.00466451	0
20	19	0.0110772	0
20	20	0.0038902	0
20	21	-0.0309685	1
20	22	-0.00980075	0
20	23	0.0251305	0
20	24	-0.0176006	1
20	25	-0.000126327	1
20	26	0.0129399	0
20	27	0.0236418	0
20	28	0.0100498	0
20	29	-0.0278875	1
20	30	-0.00868412	0
20	31	-0.0151694	0
20	32	0.00848404	1
20	33	-0.00143544	0
20	34	0.00436877	1
20	35	-0.00918814	1
20	36	-0.00622905	0
20	37	0.0147336	0
20	38	0.0135048	1
20	39	0.00205759	0
20	40	0.00121717	0
20	41	-0.0274576	1
20	42	-0.00948498	0
20	43	0.0148665	1
20	44	-0.0129263	1
20	45	0.028516	1
20	46	-0.000700719	0
20	47	-0.000563707	0
20	48	0.00681397	1
20	49	-0.0148257	0
20	50	-0.00702457	0
20	51	-0.00560397	0
20	52	0.0125269	1
20	53	0.0328557	1
20	54	0.00408369	0
20	55	-0.0140027	1
20	56	0.00440447	0
20	57	-0.00513202	0
20	58	0.0123269	0
20	59	-0.0110444	0
20	60	0.0112005	1
20	61	0.0186062	1
20	62	-0.00216879	1
20	63	0.024927	0
20	64	-0.00168065	1
20	65	-0.0216625	0
20	66	-0.00808229	0
20	67	0.0068546	1
20	68	-0.0150918	0
20	69	0.00227343	1
20	70	-0.0096666	0
20	71	0.0037931	0
20	72	-0.00976333	1
20	73	0.0183576	0
20	74	0.00311001	0
20	75	0.00351669	0
20	76	-0.0247884	0
20	77	-0.0111725	0
20	78	0.0235902	1
20	79	0.00290902	1
20	80	-0.0206551	1
20	81	-0.0131117	0
20	82	-0.000280596	0
20	83	0.00700663	1
20	84	-0.0142887	0
20	85	-0.00391274	1
20	86	0.00204821	0
20	87	-0.004661	1
20	88	-0.0110643	1
20	89	0.00424152	1
20	90	0.0175564	1
20	91	-0.00865951	1
20	92	-0.0110409	0
20	93	0.0185213	1
20	94	-0.00098832	0
20	95	0.0146938	1
20	96	0.0137116	0
20	97	0.0253226	1
20	98	0.0158476	1
20	99	-0.0086288	0
21	0	0.0146996	0
21	1	0.00196786	0
21	2	0.00722868	1
21	3	0.0113824	1
21	4	0.0274653	0
21	5	-0.0158844	0
21	6	-0.00617256	1
21	7	-0.00899113	0
21	8	-0.0184704	1
21	9	0.00476411	1
21	10	-0.00900082	0
21	11	0.0179602	0
21	12	0.00645564	0
21	13	-0.0170262	0
21	14	0.0105188	1
21	15	-0.0180865	0
21	16	0.0201038	0
21	17	0.0191748	1
21	18	0.00914718	0
21	19	0.000823422	1
21	20	-0.00425144	1
21	21	-0.0329998	0
21	22	-0.0268403	1
21	23	0.0175873	0
21	24	0.00729672	1
21	25	-0.00927361	1
21	26	0.00409758	1
21	27	-0.00396454	0
21	28	-0.00474652	0
21	29	0.0254009	0
21	30	0.000422424	0
21	31	0.0275367	0
21	32	0.0138834	1
21	33	0.000987428	1
21	34	0.0188944	1
21	35	0.00618534	0
21	36	0.0204252	0
21	37	-0.0180301	0
21	38	-0.0283281	0
21	39	-0.00831852	1
21	40	0.00179712	0
21	41	-0.02448	1
21	42	0.00464079	0
21	43	0.00893136	1
21	44	0.00873654	0
21	45	-0.00184871	1
21	46	0.00120641	0
21	47	-0.0122987	1
21	48	0.00208578	0
21	49	0.00595065	1
21	50	-0.00551276	0
21	51	-0.00105158	0
21	52	0.0222003	0
21	53	-0.00894874	0
21	54	-0.00491451	1
21	55	0.00753587	1
21	56	0.027715	0
21	57	-0.010897	1
21	58	-0.0153717	1
21	59	-0.00178165	0
21	60	-0.0117937	1
21	61	0.0109884	0
21	62	-0.00779805	1
21	63	-0.0134709	0
21	64	-0.000135253	1
21	65	0.0020609	0
21	66	-0.00381686	0
21	67	-1.24903e-05	1
21	68	0.0110034	0
21	69	-0.00018726	0
21	70	-0.00302123	1
21	71	-0.00990234	1
21	72	-0.0139018	0
21	73	0.0116978	0
21	74	-0.0100203	0
21	75	-0.00498233	0
21	76	0.0080634	1
21	77	-0.011129	0
21	78	0.00670262	1
21	79	-0.0149778	1
21	80	0.0120687	0
21	81	-0.00117449	1
21	82	0.00519567	0
21	83	-0.0201599	0
21	84	-0.012297	0
21	85	0.0171182	1
21	86	0.0015544	1
21	87	0.00428478	0
21	88	-0.00398745	1
21	89	0.0067155	1
21	90	0.0184172	0
21	91	-0.00618754	1
21	92	-0.0147183	0
21	93	-0.0105561	1
21	94	0.00498768	0
21	95	0.000462403	1
21	96	-0.0101858	1
21	97	-0.0108427	1
21	98	0.00899065	0
21	99	-0.00277163	1
22	0	-0.016133	1
22	1	-0.00446431	1
22	2	0.00503113	0
22	3	-0.00453632	0
22	4	-0.0194357	0
22	5	0.0141109	1
22	6	0.000146505	0
22	7	0.0252933	0
22	8	-0.00235738	1
22	9	-0.00820613	1
22	10	0.0151991	1
22	11	-0.000133919	1
22	12	-0.0317771	0
22	13	-0.00467185	1
22	14	-0.0115143	0
22	15	0.017125	0
22	16	-0.0113743	0
22	17	-0.0493791	1
22	18	-0.00118828	1
22	19	0.0154488	0
22	20	0.00337033	1
22	21	0.0213794	0
22	22	-0.0014751	1
22	23	0.000602078	0
22	24	0.0128931	0
22	25	0.00109175	0
22	26	-0.0143191	1
22	27	0.0101584	0
22	28	-0.00283781	0
22	29	-0.00522484	0
22	30	0.00610419	0
22	31	0.000520873	1
22	32	-0.0144266	0
22	33	0.019145	0
22	34	-0.0324474	1
22	35	0.029922	1
22	36	0.0246055	1
22	37	0.00735166	0
22	38	0.00102833	1
22	39	0.00889337	1
22	40	-0.0068972	0
22	41	-0.00741453	1
22	42	0.000591038	0
22	43	0.00427643	0
22	44	-0.00427908	0
22	45	0.0122849	0
22	46	0.0122891	0
22	47	-0.00356381	1
22	48	0.00591166	0
22	49	0.0128558	0
22	50	-0.00705875	0
22	51	-0.0141945	1
22	52	-0.000215093	1
22	53	0.017324	0
22	54	-0.0200426	1
22	55	0.00770485	0
22	56	0.00664009	0
22	57	-0.00153533	1
22	58	0.00661882	0
22	59	-0.00754674	0
22	60	0.00807412	1
22	61	0.0285451	1
22	62	-0.0195122	1
22	63	0.00545981	0
22	64	-0.00651577	1
22	65	-0.00899049	0
22	66	0.0150424	1
22	67	0.00458208	1
22	68	0.0180434	0
22	69	-0.0181049	1
22	70	-0.0216398	0
22	71	0.00170812	1
22	72	-0.0183722	1
22	73	0.00915008	1
22	74	0.0172394	1
22	75	-0.0237995	0
22	76	0.0107336	0
22	77	0.00630453	0
22	78	-0.00576269	0
22	79	0.00925215	0
22	80	-0.0152974	1
22	81	0.0101981	0
22	82	-0.0404814	1
22	83	0.00376597	0
22	84	0.0134322	1
22	85	0.00789924	0
22	86	0.0148897	0
22	87	-0.000591627	1
22	88	0.0472227	0
22	89	0.000413523	1
22	90	-0.0122373	1
22	91	0.00894205	1
22	92	-0.0148423	0
22	93	-0.00506476	0
22	94	-0.0210731	1
22	95	-0.00082844	1
22	96	0.0014909	0
22	97	-0.00774446	0
22	98	0.00433839	0
22	99	-0.0231366	1
23	0	-0.0220281	0
23	1	0.00265981	0
23	2	0.0257989	1
23	3	0.0102174	0
23	4	0.0254742	1
23	5	-0.00816353	1
23	6	0.00199462	1
23	7	0.00174183	0
23	8	0.00970971	0
23	9	0.0210623	0
23	10	-0.0219687	1
23	11	0.00136097	0
23	12	-0.0183191	1
23	13	-0.00164634	1
23	14	-0.00477569	0
23	15	-0.00379104	1
23	16	-0.00237551	0
23	17	0.0117038	1
23	18	0.000314524	0
23	19	-0.00293873	1
23	20	-0.00822686	1
23	21	0.00255322	0
23	22	0.0238363	1
23	23	-0.00321043	0
23	24	0.00556315	1
23	25	-0.00674037	0
23	26	0.0035494	1
23	27	-0.00374541	0
23	28	-0.000877081	1
23	29	0.0484644	1
23	30	0.0113121	0
23	31	-0.00244741	0
23	32	-0.00157493	0
23	33	-0.00541375	1
23	34	0.0074709	1
23	35	-0.00295418	0
23	36	-0.00512755	0
23	37	0.00580462	1
23	38	-0.00120705	0
23	39	-0.013239	1
23	40	-0.0124251	0
23	41	0.0140618	1
23	42	-0.0292673	1
23	43	-0.00810972	0
23	44	-0.00373326	1
23	45	0.00817466	0
23	46	-0.0260361	1
23	47	-0.0164608	1
23	48	-0.0238201	1
23	49	-0.00714696	0
23	50	0.0103723	0
23	51	0.0093915	0
23	52	0.0131222	0
23	53	0.00632167	1
23	54	0.00391397	1
23	55	-0.023717	0
23	56	0.0274107	0
23	57	-0.0153702	1
23	58	-0.0138843	1
23	59	0.00688775	0
23	60	-0.00978532	1
23	61	0.00127519	0
23	62	-0.00478372	1
23	63	-0.01108	1
23	64	-0.0385897	0
23	65	0.0091833	1
23	66	0.0153857	0
23	67	-0.00661908	1
23	68	0.00507415	0
23	69	0.00413159	0
23	70	0.00281642	1
23	71	-0.00558504	0
23	72	0.00337032	1
23	73	-0.00805693	0
23	74	0.0101647	1
23	75	0.00887254	0
23	76	-0.0125026	1
23	77	0.00781359	0
23	78	0.00605133	1
23	79	0.00905572	1
23	80	-0.00201999	0
23	81	-0.018052	1
23	82	-0.0114048	0
23	83	-0.0176173	0
23	84	-0.00342243	1
23	85	0.0223584	0
23	86	0.00810674	1
23	87	-0.00468245	0
23	88	0.0154321	0
23	89	-0.0086099	0
23	90	0.0079764	1
23	91	-0.00424064	0
23	92	0.0117412	1
23	93	-0.0124507	1
23	94	-0.00247328	1
23	95	0.0194813	1
23	96	0.0266473	1
23	97	0.00203675	0
23	98	0.00854396	0
23	99	-0.0230503	0
24	0	0.00677034	0
24	1	0.00379262	0
24	2	-0.00694845	0
24	3	-0.00651275	0
24	4	-0.0176922	1
24	5	-6.24223e-05	1
24	6	0.0229667	0
24	7	-0.00921579	1
24	8	0.0129161	0
24	9	-0.01272	1
24	10	-0.0150471	1
24	11	-0.030949	1
24	12	-0.00780012	1
24	13	0.00900755	1
24	14	0.0138521	0
24	15	-0.0302284	1
24	16	0.0282585	0
24	17	-0.03351	0
24	18	-0.00919127	0
24	19	-0.0192033	1
24	20	-0.00742842	1
24	21	0.0142672	0
24	22	-0.0162951	1
24	23	-0.0106479	1
24	24	0.0117613	1
24	25	0.0155267	1
24	26	-0.00298405	1
24	27	0.00471087	0
24	28	0.0113453	0
24	29	0.0242861	1
24	30	-0.0211697	0
24	31	-0.00748641	0
24	32	0.00878856	1
24	33	-0.00454232	1
24	34	-0.00090623	1
24	35	0.00590083	0
24	36	-0.00332879	1
24	37	0.0198058	1
24	38	0.00724187	0
24	39	-0.00288356	1
24	40	0.0128601	1
24	41	-0.0173669	1
24	42	0.00861239	0
24	43	-0.00625564	0
24	44	-0.00434202	0
24	45	0.0168611	0
24	46	-0.00790418	0
24	47	0.0138073	0
24	48	0.0247475	1
24	49	0.00522567	0
24	50	-0.0052697	0
24	51	0.0283804	0
24	52	0.0229676	1
24	53	0.00905755	0
24	54	-0.0180783	0
24	55	0.00335835	0
24	56	0.0295475	1
24	57	0.0254161	1
24	58	0.0184223	1
24	59	-0.0031106	1
24	60	0.021573	1
24	61	-0.0191827	0
24	62	0.0147824	1
24	63	0.00379457	0
24	64	-0.0245009	1
24	65	-0.0160486	1
24	66	0.0119071	1
24	67	0.00458981	1
24	68	-0.00514537	0
24	69	0.0101997	0
24	70	-0.0184496	0
24	71	-0.0188243	0
24	72	0.0110106	0
24	73	0.0167673	0
24	74	0.00737924	1
24	75	-0.014955	0
24	76	-0.022226	0
24	77	-0.00914343	0
24	78	-0.0218405	0
24	79	0.00878487	0
24	80	-0.00612398	1
24	81	0.010348	0
24	82	0.00343875	1
24	83	0.000528959	0
24	84	0.00998245	0
24	85	-0.00777734	0
24	86	-0.0144502	0
24	87	0.0228285	0
24	88	0.00385891	1
24	89	-0.00881918	0
24	90	-0.0098586	0
24	91	-0.0177072	1
24	92	0.0170856	0
24	93	-0.00593427	1
24	94	-0.011112	0
24	95	0.0224328	0
24	96	-0.00475999	1
24	97	-0.0369579	1
24	98	0.00866054	0
24	99	-0.0175179	0
25	0	-0.00750677	1
25	1	0.00605508	1
25	2	-0.00624454	1
25	3	0.00457216	0
25	4	0.0418943	0
25	5	0.00703183	1
25	6	0.0113672	1
25	7	-0.0156935	0
25	8	0.0112686	1
25	9	-0.00444735	1
25	10	0.00991494	1
25	11	-0.0202649	0
25	12	0.000131697	1
25	13	0.0122195	1
25	14	-0.0087515	1
25	15	-0.00820626	0
25	16	0.0078859	1
25	17	0.012869	1
25	18	-0.000996542	0
25	19	-0.00256302	1
25	20	0.0017029	1
25	21	-0.00494223	1
25	22	0.00975845	1
25	23	-0.0195025	1
25	24	-0.000445208	0
25	25	-0.0095984	0
25	26	-0.0128738	0
25	27	0.00671954	1
25	28	-0.000138408	0
25	29	0.0133422	1
25	30	-0.0202494	1
25	31	-0.0154262	0
25	32	-0.0174195	0
25	33	-0.00740447	1
25	34	-0.00525983	0
25	35	-0.0195665	0
25	36	-0.0411496	1
25	37	-0.0057936	1
25	38	-0.0164424	0
25	39	0.00827625	1
25	40	-0.0111358	0
25	41	0.00633023	1
25	42	0.0121192	0
25	43	-0.00296723	1
25	44	-0.0138573	0
25	45	0.0167389	1
25	46	0.0188586	0
25	47	0.00104337	1
25	48	0.0116368	0
25	49	-0.0159967	1
25	50	0.00144208	1
25	51	-0.0162406	0
25	52	0.0155245	0
25	53	-0.00237027	1
25	54	-0.00672571	0
25	55	-0.017316	0
25	56	0.0182581	1
25	57	0.0317251	0
25	58	0.00989616	1
25	59	0.00472468	1
25	60	-0.000911994	0
25	61	0.0115879	1
25	62	-0.0154587	1
25	63	-0.00397516	0
25	64	-0.00250215	0
25	65	0.0132463	1
25	66	-0.0133167	1
25	67	-0.0235069	1
25	68	-8.09387e-05	0
25	69	0.0184913	0
25	70	-0.0056845	1
25	71	0.0228316	0
25	72	0.0305188	0
25	73	0.0164532	1
25	74	-0.000144085	0
25	75	-0.00752356	1
25	76	-0.0119997	1
25	77	0.00848529	1
25	78	0.0170066	1
25	79	-0.0201852	1
25	80	0.0122093	1
25	81	-0.0157597	1
25	82	0.0147414	0
25	83	-0.0159565	0
25	84	-0.0190489	0
25	85	0.00503417	1
25	86	0.0118147	1
25	87	0.008165	0
25	88	-0.00498685	0
25	89	0.0161712	1
25	90	-0.0179382	0
25	91	0.00404145	1
25	92	-0.00690862	1
25	93	-0.00481674	0
25	94	0.0181325	0
25	95	-0.022017	0
25	96	0.00938381	0
25	97	0.0118756	0
25	98	0.00677283	1
25	99	-5.21164e-05	1
26	0	0.0211969	1
26	1	0.00923469	1
26	2	-0.00445945	1
26	3	-0.0139928	0
26	4	0.0141554	0
26	5	0.00550251	1
26	6	-0.00406588	1
26	7	-0.0283023	1
26	8	-0.00330079	1
26	9	0.00405344	1
26	10	0.00684244	0
26	11	0.00283082	0
26	12	0.0138186	1
26	13	0.0157031	0
26	14	-0.00554895	0
26	15	-0.0127813	1
26	16	0.00428291	1
26	17	-0.00529333	1
26	18	-0.0271684	1
26	19	-0.00174278	1
26	20	0.0239253	0
26	21	0.00658264	0
26	22	0.00873335	1
26	23	-0.0150582	1
26	24	-0.0283707	0
26	25	0.0125481	1
26	26	0.00564461	1
26	27	-0.00872432	1
26	28	0.00668112	1
26	29	-0.0121592	1
26	30	-0.000471005	1
26	31	0.00501679	1
26	32	0.00352027	0
26	33	-0.0054874	1
26	34	-0.0187824	0
26	35	0.0263619	1
26	36	0.0049579	1
26	37	-0.0220616	0
26	38	0.0236174	0
26	39	-0.00407081	0
26	40	0.014214	1
26	41	0.0108812	1
26	42	0.00263296	0
26	43	-0.00455573	1
26	44	-0.0141419	0
26	45	0.0179994	0
26	46	-0.00691476	1
26	47	-0.0121701	0
26	48	0.0102063	1
26	49	-0.012446	0
26	50	0.0104763	0
26	51	0.0038741	0
26	52	-0.0177582	1
26	53	-0.0135343	0
26	54	-0.00239755	0
26	55	0.0161584	0
26	56	0.0184001	1
26	57	-0.0131798	1
26	58	-0.0325198	0
26	59	0.0024837	0
26	60	-0.0183339	0
26	61	-0.00609112	1
26	62	0.0128962	1
26	63	0.0108232	1
26	64	0.00841738	1
26	65	-0.0219759	0
26	66	0.0225617	1
26	67	-0.000251905	1
26	68	0.0184558	0
26	69	-0.010047	1
26	70	0.0155566	0
26	71	-0.00404873	0
26	72	-0.0145061	0
26	73	-0.000918711	1
26	74	0.0118371	1
26	75	0.0100009	1
26	76	-0.00636791	0
26	77	0.0018445	0
26	78	-0.00530832	0
26	79	-0.0138843	1
26	80	-0.0239004	0
26	81	-0.0119029	1
26	82	-0.00099692	0
26	83	0.0167455	1
26	84	0.023352	0
26	85	0.000501221	0
26	86	-0.00377109	0
26	87	0.000710427	0
26	88	-0.0126037	0
26	89	-0.0133138	0
26	90	0.00261703	1
26	91	0.0176415	1
26	92	0.00579774	1
26	93	0.025296	0
26	94	0.015115	1
26	95	-0.0127528	1
26	96	0.000345121	1
26	97	-0.0114688	1
26	98	-0.00534143	1
26	99	-0.0038059	1
27	0	0.0103358	0
27	1	-0.00932061	1
27	2	-0.00653076	0
27	3	-0.0151642	0
27	4	0.0273577	0
27	5	-0.00310253	0
27	6	-0.0171344	1
27	7	-0.0195998	0
27	8	0.00343759	0
27	9	-0.00943603	1
27	10	-0.0144812	1
27	11	0.00380556	1
27	12	0.0276443	1
27	13	-0.00733007	1
27	14	0.0103244	0
27	15	0.0176986	0
27	16	0.00900956	0
27	17	0.0094019	0
27	18	-0.0032654	1
27	19	-0.0120006	1
27	20	0.0156158	0
27	21	-0.0127307	1
27	22	-0.000732377	1
27	23	-0.0183205	1
27	24	0.00590257	0
27	25	0.013835	0
27	26	-0.0185917	0
27	27	0.0108083	1
27	28	-0.00784558	1
27	29	-0.000275876	0
27	30	0.0187941	0
27	31	-0.000697054	0
27	32	0.00849569	0
27	33	-0.0111379	1
27	34	-0.00895824	1
27	35	0.00694911	1
27	36	0.0056701	0
27	37	0.017296	1
27	38	-0.022212	1
27	39	-0.00958889	1
27	40	0.000447463	0
27	41	-0.00383874	1
27	42	0.000378433	1
27	43	-0.000784321	0
27	44	0.00241445	1
27	45	0.00738136	1
27	46	-0.0144674	0
27	47	0.00892374	0
27	48	0.00156208	1
27	49	-0.0183965	1
27	50	0.00048289	0
27	51	0.0219576	0
27	52	-0.0135695	0
27	53	-0.00586658	1
27	54	0.00282646	0
27	55	0.00460558	0
27	56	0.0152775	1
27	57	-0.00300751	1
27	58	0.00813857	0
27	59	-0.00239735	1
27	60	0.00338332	0
27	61	-0.0100173	0
27	62	-0.0239357	0
27	63	0.00741169	0
27	64	0.00335254	0
27	65	0.000183606	1
27	66	-0.0132861	0
27	67	0.0231027	0
27	68	0.00302944	1
27	69	7.36817e-06	0
27	70	-0.00225992	1
27	71	0.0342161	0
27	72	-0.0126429	1
27	73	-0.00691011	0
27	74	0.00324769	0
27	75	0.0101963	1
27	76	-0.00184447	1
27	77	-0.00102147	1
27	78	-0.00701919	1
27	79	0.0159618	1
27	80	-0.00381294	0
27	81	-0.00520692	1
27	82	-0.00991978	1
27	83	-0.00121459	1
27	84	0.00654087	1
27	85	-0.0156511	1
27	86	0.0100177	0
27	87	0.0116735	0
27	88	-0.0232815	1
27	89	-0.0151044	0
27	90	-0.00468405	0
27	91	-0.00925267	1
27	92	-0.000491076	0
27	93	0.00435617	1
27	94	0.0177826	1
27	95	0.00253655	0
27	96	0.00234031	0
27	97	0.00481328	1
27	98	0.00308785	0
27	99	-0.00567904	0
28	0	-0.0179009	1
28	1	-0.000749267	1
28	2	-0.00216497	1
28	3	-0.00374099	1
28	4	0.0105246	0
28	5	-0.00293519	1
28	6	-0.00940905	1
28	7	-0.0309654	0
28	8	-0.00969921	0
28	9	-0.018534	1
28	10	0.0126018	0
28	11	-0.00635513	0
28	12	-0.00471304	0
28	13	-0.00444531	0
28	14	0.0199944	1
28	15	0.00831723	1
28	16	0.00695156	0
28	17	-0.000928297	0
28	18	0.000534433	1
28	19	-0.0274198	1
28	20	-0.0155756	0
28	21	-0.0205507	1
28	22	0.019749	0
28	23	-0.0071904	1
28	24	-0.0234343	1
28	25	-0.00765846	1
28	26	0.00206156	1
28	27	-0.00631517	1
28	28	0.00267523	1
28	29	0.00133269	0
28	30	0.0125494	0
28	31	0.000212625	1
28	32	0.0169975	1
28	33	0.00547489	0
28	34	-0.0147498	0
28	35	0.0260579	1
28	36	0.022621	0
28	37	0.00929092	0
28	38	-0.0254102	1
28	39	0.0234192	1
28	40	0.00767191	0
28	41	0.0141702	0
28	42	-0.0112286	1
28	43	-0.016643	1
28	44	0.0256068	0
28	45	-0.00615764	1
28	46	0.0158213	1
28	47	0.0226027	1
28	48	-0.00594297	0
28	49	-0.0148322	1
28	50	0.0158095	1
28	51	-0.0133069	1
28	52	-0.00998761	0
28	53	-0.0239923	0
28	54	0.022777	1
28	55	-0.0179716	1
28	56	-0.00578088	0
28	57	-0.0075518	0
28	58	-0.0147522	1
28	59	0.0330316	1
28	60	-0.0112021	0
28	61	0.00467772	0
28	62	0.0173131	1
28	63	0.0258895	0
28	64	0.0145256	0
28	65	-0.0158393	1
28	66	0.00177297	0
28	67	-0.0058616	0
28	68	-0.00516717	1
28	69	-0.00602862	1
28	70	-0.00748847	1
28	71	4.17645e-05	0
28	72	-0.0123158	1
28	73	-0.0191713	1
28	74	0.0171438	1
28	75	0.0146546	1
28	76	0.0140179	1
28	77	-0.000589742	0
28	78	0.00119815	1
28	79	-0.0037331	1
28	80	-0.0205808	1
28	81	0.00710182	0
28	82	-0.00144856	0
28	83	0.0122113	0
28	84	-0.0153011	1
28	85	0.00336825	0
28	86	0.0169399	1
28	87	0.00328945	1
28	88	-0.0162635	1
28	89	-0.0065165	1
28	90	0.00316458	0
28	91	-0.00407536	1
28	92	0.0154556	0
28	93	0.00444942	1
28	94	0.0115887	1
28	95	0.0117869	0
28	96	-0.00771445	1
28	97	-0.00499902	0
28	98	0.000122372	0
28	99	0.0137189	0
29	0	-0.0155442	0
29	1	-0.00665966	0
29	2	0.00283423	0
29	3	-0.0165466	0
29	4	0.00546538	0
29	5	-0.0202188	0
29	6	-0.00626436	0
29	7	0.0312258	0
29	8	0.0147159	0
29	9	0.0155124	0
29	10	-0.000825666	0
29	11	0.0134973	0
29	12	-0.0273442	0
29	13	0.0188964	0
29	14	0.00156616	0
29	15	0.00247013	0
29	16	0.00372598	0
29	17	0.0324728	0
29	18	0.00224892	0
29	19	-0.021988	1
29	20	-0.00029929	1
29	21	-0.013796	0
29	22	0.0165552	1
29	23	0.0357758	1
29	24	-0.0178629	0
29	25	-0.00275808	0
29	26	-0.0183886	1
29	27	-0.0067836	1
29	28	-0.0114442	1
29	29	-0.0188003	0
29	30	-0.0182998	0
29	31	0.0122135	1
29	32	0.00229289	0
29	33	-0.0144739	0
29	34	-0.0206293	1
29	35	-0.0162243	1
29	36	-0.00303629	0
29	37	-0.00813692	1
29	38	0.00624705	0
29	39	0.00739152	0
29	40	0.0273451	1
29	41	-0.00363717	1
29	42	0.00611015	0
29	43	-0.0175977	0
29	44	0.00118135	0
29	45	0.02412	1
29	46	-0.0182558	0
29	47	-0.000148734	1
29	48	0.0181528	0
29	49	-0.00541099	0
29	50	0.0282217	1
29	51	0.00282919	0
29	52	-0.0140733	0
29	53	-0.0188601	0
29	54	-0.00665669	1
29	55	-0.000634701	1
29	56	-0.00165852	0
29	57	0.00228221	1
29	58	0.00362947	1
29	59	0.00307741	1
29	60	0.0144427	0
29	61	-0.00194239	1
29	62	-0.0125018	1
29	63	-0.00808559	0
29	64	0.0231601	1
29	65	-0.00254652	0
29	66	-0.0025403	0
29	67	0.021127	0
29	68	0.0106925	0
29	69	0.00807211	0
29	70	-0.027126	1
29	71	-0.00719506	0
29	72	-0.0238502	0
29	73	0.0091353	1
29	74	0.00331805	1
29	75	0.00591704	1
29	76	-0.00416944	0
29	77	0.00116728	1
29	78	0.00223713	0
29	79	-0.00786986	0
29	80	-0.00168228	0
29	81	0.000227613	1
29	82	-0.00401254	0
29	83	0.00666464	0
29	84	0.00182065	1
29	85	0.0402445	1
29	86	-0.00296944	1
29	87	-0.00502803	1
29	88	-0.0256406	0
29	89	-0.0162487	1
29	90	0.0228596	0
29	91	-0.00306895	1
29	92	0.0189505	1
29	93	-0.012362	0
29	94	0.00566273	0
29	95	-0.0177302	1
29	96	0.0164806	1
29	97	0.00300211	0
29	98	-0.0219635	0
29	99	0.0245533	1
30	0	0.00993529	1
30	1	0.00324716	1
30	2	0.0176135	1
30	3	0.00252519	1
30	4	-0.0314829	1
30	5	-0.00500799	0
30	6	-0.0311464	1
30	7	-0.00608341	1
30	8	-0.00167355	0
30	9	0.00351544	0
30	10	0.000615733	0
30	11	0.0104432	0
30	12	0.0119974	1
30	13	-0.0186094	1
30	14	-0.00791109	0
30	15	0.00151064	0
30	16	0.0226047	1
30	17	-8.46559e-06	1
30	18	0.0131879	1
30	19	0.00721292	1
30	20	0.0201408	0
30	21	-0.00869052	1
30	22	-0.0185392	1
30	23	0.020856	1
30	24	0.00514436	1
30	25	0.0257112	0
30	26	-0.0090667	1
30	27	-0.00970043	0
30	28	-0.0151435	0
30	29	-0.0152993	1
30	30	0.00194706	0
30	31	-0.00598904	0
30	32	-0.0106034	1
30	33	0.0155093	0
30	34	-0.00628573	0
30	35	0.0108302	0
30	36	-0.00493969	0
30	37	0.00840689	0
30	38	-0.020372	0
30	39	0.0027698	0
30	40	0.00195774	1
30	41	-0.0259095	0
30	42	0.0161832	1
30	43	-0.00194567	0
30	44	-0.0256684	1
30	45	0.0102903	1
30	46	0.0177106	0
30	47	-0.0195014	0
30	48	-0.00637547	1
30	49	0.0106801	1
30	50	-0.0071241	0
30	51	-0.0122355	0
30	52	-0.0038626	1
30	53	-0.00271716	1
30	54	-0.0155023	0
30	55	0.0178789	1
30	56	-0.000987066	1
30	57	0.00930234	1
30	58	-0.00700464	0
30	59	0.0233335	1
30	60	0.02698	0
30	61	-0.00410354	1
30	62	-0.00959489	1
30	63	-0.0244479	1
30	64	-0.00340912	1
30	65	-0.0153564	1
30	66	-0.0114585	0
30	67	0.0145246	1
30	68	-0.00265684	1
30	69	-0.00629648	1
30	70	-0.0280729	0
30	71	0.00180496	0
30	72	-0.00120036	1
30	73	0.0200986	0
30	74	0.0344347	1
30	75	0.00325059	0
30	76	-0.00844387	1
30	77	-0.00462328	0
30	78	0.0211044	1
30	79	0.000948023	0
30	80	0.0084722	1
30	81	0.0065069	0
30	82	0.0380435	1
30	83	0.00328926	1
30	84	0.0321105	1
30	85	0.00656439	1
30	86	0.0240819	1
30	87	-0.0139182	1
30	88	0.00266879	0
30	89	-0.0225987	1
30	90	-0.0014619	1
30	91	-0.016424	1
30	92	0.00533304	0
30	93	0.012589	0
30	94	-0.00209418	0
30	95	-0.0127993	0
30	96	-0.0410826	1
30	97	0.00531611	0
30	98	-0.00784157	1
30	99	0.00208831	0
31	0	0.0192046	0
31	1	0.00225701	0
31	2	-0.00887441	0
31	3	0.0118472	0
31	4	-0.00344961	0
31	5	-0.00111116	0
31	6	0.00596571	1
31	7	-0.0197445	0
31	8	-0.000659545	0
31	9	0.00249669	0
31	10	0.0316462	1
31	11	0.0125306	1
31	12	0.0195121	0
31	13	0.00766532	0
31	14	0.0101976	0
31	15	0.00527779	1
31	16	-0.0170495	1
31	17	0.00968544	0
31	18	0.00140269	0
31	19	0.0170101	0
31	20	-0.00690772	0
31	21	0.0164428	1
31	22	0.038441	0
31	23	-0.012607	0
31	24	-0.000509644	0
31	25	0.00102816	0
31	26	0.0120731	0
31	27	-0.0220373	0
31	28	0.0106038	1
31	29	0.00786386	1
31	30	-0.000599438	1
31	31	-0.00424298	1
31	32	0.00467227	0
31	33	-0.000736276	0
31	34	-0.0282604	0
31	35	0.0075453	0
31	36	-0.0293209	0
31	37	-0.0333257	1
31	38	-0.0113375	1
31	39	0.00699037	0
31	40	-0.000520361	1
31	41	0.00958087	0
31	42	-0.0141594	0
31	43	0.00272459	1
31	44	0.018659	0
31	45	-0.00500215	0
31	46	-0.0158669	1
31	47	0.00377884	0
31	48	0.000754742	0
31	49	0.00735518	1
31	50	0.00441015	0
31	51	0.0110721	1
31	52	-0.00452236	1
31	53	0.00341359	1
31	54	-0.0135631	0
31	55	-0.0235287	0
31	56	-0.0158048	0
31	57	-0.0129887	1
31	58	-0.00668867	1
31	59	-0.0013218	1
31	60	0.00770795	0
31	61	-0.00736974	1
31	62	0.003812	0
31	63	-0.0108154	1
31	64	-0.00483591	0
31	65	0.0157972	0
31	66	0.00325323	1
31	67	-0.00322653	1
31	68	0.00216396	0
31	69	-0.00546299	0
31	70	-0.00545834	1
31	71	0.0112131	0
31	72	0.00156357	1
31	73	0.0244614	1
31	74	0.00509152	0
31	75	0.010246	0
31	76	-0.017284	0
31	77	-0.00777684	0
31	78	0.0101734	1
31	79	-0.0128195	1
31	80	-0.0216081	1
31	81	0.00197736	0
31	82	0.0217773	1
31	83	-0.00235393	0
31	84	0.00620798	0
31	85	-0.00486079	0
31	86	0.00894041	0
31	87	-0.00541696	0
31	88	-0.0121532	0
31	89	-0.00238657	1
31	90	-0.0358914	1
31	91	-0.0182724	1
31	92	0.0136517	1
31	93	-0.0042715	0
31	94	0.00452139	0
31	95	-0.000363415	0
31	96	0.000603424	0
31	97	0.00648008	0
31	98	0.0210578	0
31	99	-0.00744145	1
32	0	-0.00954394	1
32	1	-0.0222379	0
32	2	-6.95444e-05	1
32	3	-0.0217289	0
32	4	0.0155096	1
32	5	-0.00221596	1
32	6	0.0146044	1
32	7	0.00115971	0
32	8	0.00414347	1
32	9	0.0220219	0
32	10	-0.0184547	1
32	11	-0.0262118	1
32	12	-0.0194893	1
32	13	0.00678985	0
32	14	0.0107032	0
32	15	-0.0172999	1
32	16	0.0167481	0
32	17	-0.00108386	0
32	18	0.0123224	1
32	19	0.00670246	0
32	20	0.0205909	1
32	21	-0.0217545	1
32	22	0.0179389	0
32	23	0.0127322	1
32	24	0.00567847	1
32	25	0.0101815	0
32	26	0.0184758	0
32	27	0.0136876	0
32	28	-0.0131894	0
32	29	-0.0068827	0
32	30	-0.00918355	1
32	31	-0.00968257	0
32	32	-0.011031	1
32	33	0.019456	1
32	34	0.00876005	0
32	35	0.000327223	1
32	36	0.00964436	1
32	37	-0.000243192	0
32	38	0.00707249	1
32	39	-0.0155316	0
32	40	0.0285684	1
32	41	0.0047594	1
32	42	0.013886	0
32	43	0.0057142	1
32	44	-0.0099528	0
32	45	0.00111944	0
32	46	-0.00179525	1
32	47	-0.0184419	1
32	48	-0.00150497	0
32	49	0.0151873	0
32	50	0.0223125	0
32	51	0.0297418	1
32	52	0.0089891	0
32	53	-0.00610097	0
32	54	-0.0109988	0
32	55	-0.0236292	1
32	56	0.0198749	0
32	57	-0.00991664	1
32	58	0.00939775	1
32	59	-0.0281448	0
32	60	0.0110836	0
32	61	0.0105009	0
32	62	0.00599568	0
32	63	0.015371	1
32	64	-0.00400706	0
32	65	0.0233965	1
32	66	-0.01423	0
32	67	0.00342877	1
32	68	0.00344136	0
32	69	0.00655145	0
32	70	-0.0114851	1
32	71	0.0158454	0
32	72	0.000603093	0
32	73	-0.0165318	1
32	74	-0.0239653	1
32	75	-0.0118011	0
32	76	-0.0113694	0
32	77	0.0241284	0
32	78	-0.00204956	0
32	79	0.0143176	0
32	80	-0.0173543	1
32	81	-0.0103465	0
32	82	0.00396418	0
32	83	-0.00176192	1
32	84	-0.00877366	0
32	85	-0.0283652	0
32	86	-0.0292216	0
32	87	-0.0188747	0
32	88	-0.000904665	1
32	89	-0.00131526	0
32	90	-0.0321305	0
32	91	-0.0111887	1
32	92	-0.0132347	1
32	93	-0.00192123	1
32	94	0.0160663	1
32	95	0.0156456	1
32	96	0.0206428	1
32	97	-0.00220318	0
32	98	0.00164186	0
32	99	0.00192914	0
33	0	0.00843445	1
33	1	0.00732516	1
33	2	-0.0184645	1
33	3	-0.000556576	0
33	4	0.00441984	1
33	5	0.0135196	0
33	6	-0.0050654	0
33	7	-0.0121321	1
33	8	-0.00576256	1
33	9	0.0080476	1
33	10	-0.0239675	0
33	11	0.0146032	0
33	12	0.0168672	0
33	13	-0.00198535	1
33	14	0.00675677	0
33	15	0.00570086	0
33	16	0.00355682	0
33	17	0.000900562	0
33	18	0.014639	0
33	19	-0.00731314	0
33	20	0.000301281	1
33	21	0.0140687	1
33	22	0.0129673	1
33	23	-0.0130868	0
33	24	-0.0161928	1
33	25	0.005598	0
33	26	-0.000400337	1
33	27	-0.0073877	1
33	28	0.022223	0
33	29	0.0171834	1
33	30	-0.0156304	1
33	31	0.00508203	1
33	32	0.0191667	0
33	33	-0.00998898	1
33	34	-0.00213546	0
33	35	-0.00708735	0
33	36	0.00487291	1
33	37	0.0220746	1
33	38	0.0270398	1
33	39	-0.00765172	1
33	40	0.0144015	1
33	41	-0.000378282	1
33	42	0.0278081	0
33	43	-0.0147407	0
33	44	0.00381636	1
33	45	-0.0303553	1
33	46	0.0135456	1
33	47	-0.0132745	1
33	48	0.0131454	0
33	49	0.0152253	0
33	50	0.016032	0
33	51	-0.00139126	0
33	52	0.0015351	1
33	53	0.00356392	1
33	54	0.00529925	0
33	55	0.00814825	1
33	56	-0.010928	1
33	57	-0.000170216	0
33	58	0.00171709	1
33	59	0.00441152	1
33	60	-0.00634582	0
33	61	-0.00578401	1
33	62	0.0134866	0
33	63	0.00971523	0
33	64	-0.0227012	1
33	65	-0.00419703	0
33	66	-0.0255412	0
33	67	0.0156839	1
33	68	-0.0101774	1
33	69	-0.00670939	1
33	70	0.0234717	1
33	71	-0.0210754	0
33	72	-0.018752	1
33	73	0.00325665	1
33	74	0.00373694	1
33	75	-0.0125735	1
33	76	0.0109248	0
33	77	0.00195298	1
33	78	-0.000105791	1
33	79	-0.0240117	1
33	80	-0.013611	0
33	81	-0.00449957	0
33	82	0.0249005	1
33	83	-0.0133197	0
33	84	-0.00341878	0
33	85	-0.0092603	0
33	86	-0.0170117	0
33	87	-0.00320537	0
33	88	-0.0083893	0
33	89	-0.00562293	1
33	90	0.0112349	1
33	91	-0.01291	1
33	92	-1.78438e-05	0
33	93	0.0110014	0
33	94	-0.02018	1
33	95	0.00422955	0
33	96	0.00428508	1
33	97	0.0068837	1
33	98	-0.0118067	0
33	99	-0.0214875	1
34	0	-0.0164454	0
34	1	0.0121421	0
34	2	0.000388468	1
34	3	0.0311804	1
34	4	-0.0106373	1
34	5	0.00771613	0
34	6	-0.0090262	0
34	7	-0.00449911	0
34	8	0.00318387	1
34	9	0.0180708	0
34	10	0.00389485	1
34	11	0.00797375	0
34	12	-0.0140641	0
34	13	-0.00449328	1
34	14	0.00788943	0
34	15	-0.00459789	0
34	16	0.0193639	1
34	17	-0.00716226	0
34	18	0.0177065	1
34	19	0.00740532	0
34	20	0.00167673	0
34	21	-0.00850157	1
34	22	0.0117031	0
34	23	0.00455489	1
34	24	-0.03107	0
34	25	0.00822352	0
34	26	-0.00481704	0
34	27	-0.0126031	0
34	28	-0.0286358	0
34	29	-0.0112975	0
34	30	-0.0208977	1
34	31	-0.00689106	1
34	32	0.0162476	1
34	33	0.00486295	1
34	34	-0.00318704	0
34	35	-0.0167224	1
34	36	-0.00129213	0
34	37	-0.00190591	0
34	38	-0.011865	1
34	39	-0.0154098	0
34	40	-0.00290256	0
34	41	0.00690717	1
34	42	-0.0126525	1
34	43	0.0278329	0
34	44	0.029451	1
34	45	-0.0117091	1
34	46	0.0119845	1
34	47	0.00303347	1
34	48	0.000286092	1
34	49	0.0133888	1
34	50	0.00828556	0
34	51	-0.00509298	1
34	52	-0.0137084	1
34	53	0.00180248	1
34	54	0.00345542	1
34	55	0.0232077	0
34	56	-0.00252082	1
34	57	-0.0134981	1
34	58	0.0112396	1
34	59	0.0305958	1
34	60	0.00318983	1
34	61	-0.00400101	0
34	62	-0.0153423	0
34	63	-0.0266983	1
34	64	-0.00571957	0
34	65	0.00994944	0
34	66	0.00545989	1
34	67	-0.0249088	0
34	68	0.00487031	0
34	69	-0.00160336	1
34	70	0.00509282	0
34	71	-0.00843072	0
34	72	-0.0191918	0
34	73	0.0051759	1
34	74	0.0157768	1
34	75	-0.0137479	0
34	76	0.0119801	0
34	77	-0.0232354	0
34	78	-0.00299913	0
34	79	0.0137461	1
34	80	0.00251212	1
34	81	-0.000222654	1
34	82	-0.0207104	0
34	83	0.00979382	0
34	84	-0.00171981	0
34	85	-0.00534114	0
34	86	0.0145829	1
34	87	0.00301603	1
34	88	0.00736632	1
34	89	-0.0165437	1
34	90	0.00939377	1
34	91	0.00471425	1
34	92	-0.00196577	1
34	93	-0.0122623	1
34	94	-0.0165832	0
34	95	0.00149483	0
34	96	0.0195296	1
34	97	0.00268502	1
34	98	0.0132392	0
34	99	0.0101095	0
35	0	-0.0206217	0
35	1	-0.000573415	1
35	2	0.0097534	1
35	3	0.0356514	1
35	4	0.00723688	1
35	5	-0.0107743	0
35	6	0.0167459	1
35	7	0.00951889	1
35	8	-0.00822507	0
35	9	-0.0317354	1
35	10	-0.0223708	1
35	11	0.0161226	1
35	12	0.00426206	1
35	13	0.0113609	1
35	14	-0.00709829	0
35	15	0.0136833	0
35	16	-0.000517381	1
35	17	-0.0300822	0
35	18	-0.00903354	1
35	19	0.0236098	0
35	20	0.0067379	0
35	21	-0.00338608	1
35	22	-0.00375775	1
35	23	0.00623791	1
35	24	0.024602	0
35	25	0.0130894	0
35	26	0.00799655	0
35	27	0.00356283	1
35	28	-0.00729192	1
35	29	0.00621883	1
35	30	0.0116559	1
35	31	-0.00520434	0
35	32	-0.0024087	0
35	33	-0.00136344	1
35	34	-0.0246579	0
35	35	-0.0221227	0
35	36	-0.0109754	1
35	37	0.00985975	0
35	38	-0.000899266	1
35	39	0.0102925	1
35	40	-0.0254998	0
35	41	0.0164598	0
35	42	0.0113463	1
35	43	-0.00102166	1
35	44	-0.0207846	0
35	45	-0.0149444	0
35	46	0.0291524	1
35	47	-0.0128897	0
35	48	0.0156254	1
35	49	0.00161958	0
35	50	0.0026006	1
35	51	0.0222471	0
35	52	0.0114664	1
35	53	0.000254497	1
35	54	-0.00793894	0
35	55	-0.014826	0
35	56	0.0131591	0
35	57	-0.00578991	1
35	58	-0.0181816	0
35	59	0.00380492	1
35	60	-0.0159731	0
35	61	-0.0196572	0
35	62	-0.00729308	0
35	63	0.00972963	1
35	64	0.0088109	1
35	65	-0.0140838	1
35	66	-0.00375976	1
35	67	0.00814962	0
35	68	-0.0053306	1
35	69	0.00694395	0
35	70	0.0160588	0
35	71	-0.0064789	0
35	72	-0.0158139	0
35	73	0.000111132	0
35	74	0.00131399	1
35	75	0.0183763	1
35	76	0.00325061	0
35	77	0.0116007	0
35	78	-0.0101309	1
35	79	-0.0134953	1
35	80	0.0169021	1
35	81	-0.00244416	1
35	82	-0.0265625	0
35	83	0.0192167	1
35	84	0.000631515	0
35	85	-0.0249711	0
35	86	0.00491982	1
35	87	0.0017783	0
35	88	0.0117496	0
35	89	-0.0125594	1
35	90	0.027445	0
35	91	0.0185277	1
35	92	-0.0359156	1
35	93	0.00187511	1
35	94	-0.00640503	0
35	95	0.00243768	0
35	96	-0.00156969	1
35	97	-0.0101647	0
35	98	0.0136038	0
35	99	-0.0017828	0
36	0	-0.00558328	1
36	1	-0.0132646	0
36	2	0.0128394	1
36	3	0.01114	1
36	4	-0.0213741	0
36	5	0.000895862	1
36	6	-0.0177709	1
36	7	-0.014012	0
36	8	0.000301676	1
36	9	0.00955166	0
36	10	-0.0189984	1
36	11	0.0235873	1
36	12	-0.00156392	0
36	13	0.0197157	0
36	14	-0.0144389	0
36	15	0.00178356	1
36	16	0.0298489	1
36	17	0.0153295	0
36	18	0.0129463	1
36	19	0.0221955	1
36	20	0.00194632	1
36	21	0.00125602	1
36	22	0.00543929	0
36	23	0.000224716	1
36	24	-0.0146784	1
36	25	0.000767686	0
36	26	0.00710756	0
36	27	-0.0161529	1
36	28	-0.0181802	1
36	29	0.00261256	1
36	30	0.013624	1
36	31	-0.0134185	0
36	32	0.0119893	1
36	33	-0.00931679	0
36	34	-0.003595	0
36	35	-0.0267917	1
36	36	-0.0109757	1
36	37	-0.000281333	0
36	38	-0.0175985	1
36	39	-0.00479138	0
36	40	-0.0123511	1
36	41	-0.0122214	0
36	42	0.0142217	1
36	43	-0.000724699	1
36	44	0.00427669	0
36	45	0.00918774	1
36	46	0.014775	0
36	47	0.00107094	1
36	48	0.0302887	0
36	49	-0.00579721	1
36	50	0.0156043	1
36	51	-0.00807233	1
36	52	0.00644401	0
36	53	-0.00153829	1
36	54	0.00679198	1
36	55	0.0320936	1
36	56	-0.035039	1
36	57	-0.00410411	0
36	58	0.000619355	0
36	59	0.013075	1
36	60	0.00809035	0
36	61	-0.0295886	0
36	62	0.00318659	0
36	63	-0.0102706	0
36	64	-0.000787829	0
36	65	0.0127563	0
36	66	-0.00260838	1
36	67	-0.00893341	0
36	68	0.0092185	0
36	69	0.000893372	1
36	70	0.0212612	1
36	71	-0.0154466	0
36	72	-0.00150751	1
36	73	0.0243494	1
36	74	-0.0270425	0
36	75	-0.0264408	1
36	76	-0.00170699	1
36	77	-0.013255	0
36	78	0.0193673	1
36	79	-0.0248862	0
36	80	0.00984353	1
36	81	-0.0212211	0
36	82	-0.00627729	1
36	83	-0.00939229	1
36	84	0.0273018	1
36	85	0.00468708	0
36	86	0.0194528	0
36	87	0.00643991	0
36	88	-0.0189428	0
36	89	-0.00351233	0
36	90	-0.0103507	0
36	91	-0.0115223	0
36	92	-0.0239764	1
36	93	-0.000970246	0
36	94	0.0138744	0
36	95	-0.00763055	0
36	96	0.0339707	0
36	97	-0.00051178	0
36	98	0.00649126	1
36	99	0.0246809	0
37	0	-0.0194056	1
37	1	0.0134967	0
37	2	0.0144234	1
37	3	-0.00920349	1
37	4	-0.0125146	0
37	5	-0.0145781	1
37	6	0.00291706	0
37	7	0.00337403	0
37	8	-0.0181264	1
37	9	-0.00515633	1
37	10	-0.0198758	0
37	11	0.00156417	0
37	12	0.0140077	0
37	13	-0.0144871	1
37	14	-0.00952741	1
37	15	0.0123084	0
37	16	0.000903945	1
37	17	0.0257394	1
37	18	0.0287419	0
37	19	0.00542311	0
37	20	0.02779	1
37	21	0.00763183	0
37	22	0.0130838	1
37	23	0.00513306	1
37	24	0.00870165	0
37	25	-0.00492331	0
37	26	-0.0150571	0
37	27	-0.00969992	0
37	28	-0.00911695	0
37	29	0.0126934	0
37	30	-0.0280867	1
37	31	0.0109155	1
37	32	0.00611438	1
37	33	0.00424013	0
37	34	-0.00838116	0
37	35	0.0158571	0
37	36	0.0125118	1
37	37	-0.00416251	1
37	38	0.00989724	1
37	39	0.0098655	0
37	40	0.0129493	0
37	41	0.0171362	0
37	42	-0.0211313	1
37	43	-0.0313745	0
37	44	-0.0182454	1
37	45	-0.00638785	1
37	46	-0.0171829	1
37	47	-0.0108918	0
37	48	-0.0113225	1
37	49	0.00310903	1
37	50	-0.0167657	0
37	51	-0.0167609	0
37	52	0.0131242	1
37	53	0.0188868	1
37	54	-0.0191597	0
37	55	-0.0195378	0
37	56	-0.00474968	1
37	57	0.000115764	1
37	58	-0.00737924	0
37	59	0.0090437	1
37	60	-0.0125561	0
37	61	-0.00333242	0
37	62	0.0103063	0
37	63	0.00813814	1
37	64	-0.00684319	1
37	65	-0.0248622	1
37	66	0.0220577	1
37	67	-0.00937687	1
37	68	-0.0142104	1
37	69	0.0178089	0
37	70	-0.012936	0
37	71	-0.012628	1
37	72	0.00722314	1
37	73	0.00938986	0
37	74	-0.00970673	0
37	75	0.0129713	1
37	76	0.00600415	1
37	77	-0.00139318	0
37	78	0.0238409	1
37	79	-0.00609153	1
37	80	0.000394539	1
37	81	0.0133403	1
37	82	-0.0210332	0
37	83	-0.00427339	1
37	84	-0.000600455	1
37	85	0.0173804	1
37	86	-0.00937203	0
37	87	0.0117961	1
37	88	0.00920284	1
37	89	0.00501695	0
37	90	0.0249098	0
37	91	0.0131149	0
37	92	-0.00178156	1
37	93	-0.0150954	1
37	94	0.0105705	1
37	95	0.0175958	1
37	96	0.00115517	1
37	97	-0.0131163	0
37	98	0.0151876	1
37	99	-0.0167048	1
38	0	-0.0108703	0
38	1	-0.022462	0
38	2	0.0126962	0
38	3	5.30695e-05	1
38	4	-0.0174278	1
38	5	-0.0116315	1
38	6	0.0226624	0
38	7	0.0223487	1
38	8	0.00394639	1
38	9	-0.00992053	0
38	10	-0.000679881	1
38	11	-0.0314009	1
38	12	-0.0307503	1
38	13	0.0156155	1
38	14	0.000635502	0
38	15	0.00487956	0
38	16	-0.00874037	1
38	17	0.0077568	1
38	18	0.0141949	0
38	19	0.0320006	1
38	20	0.00122136	0
38	21	0.00242183	1
38	22	0.00106945	1
38	23	-0.0113336	1
38	24	0.00859576	0
38	25	0.0129505	0
38	26	-0.0193839	0
38	27	0.0147544	0
38	28	0.0159042	0
38	29	-0.00424036	1
38	30	0.00486834	0
38	31	0.00450733	0
38	32	-0.0170275	1
38	33	-0.00461319	1
38	34	0.0190317	1
38	35	0.0274858	1
38	36	0.016155	0
38	37	0.00173044	0
38	38	-0.00028464	1
38	39	0.0438403	0
38	40	-0.00490764	1
38	41	0.00560026	0
38	42	0.000447607	0
38	43	6.82017e-05	1
38	44	0.024586	0
38	45	-0.00265377	0
38	46	-0.0223772	0
38	47	0.0116091	0
38	48	-0.0053632	0
38	49	-0.00329896	1
38	50	-0.0123887	1
38	51	-0.00990501	1
38	52	0.00557239	1
38	53	-0.00216665	1
38	54	0.0130293	1
38	55	0.00461286	0
38	56	0.00144555	1
38	57	-0.0102836	0
38	58	-0.0175612	1
38	59	-0.000886219	0
38	60	0.00626945	1
38	61	-0.00872214	1
38	62	-0.0108481	1
38	63	0.0185015	0
38	64	0.00119579	1
38	65	0.0247485	1
38	66	-0.00457084	1
38	67	-0.00120843	0
38	68	0.0164748	0
38	69	0.00398631	0
38	70	0.00899837	1
38	71	0.00583681	1
38	72	0.00417656	1
38	73	-0.0154399	0
38	74	0.00208997	1
38	75	-0.0125641	1
38	76	-0.0122903	1
38	77	-0.000814632	1
38	78	-0.00490869	1
38	79	-0.0278167	1
38	80	-0.0140028	0
38	81	-0.00300766	1
38	82	0.0185315	1
38	83	0.00454841	1
38	84	-0.00789907	0
38	85	0.0335881	0
38	86	-0.0143068	1
38	87	-0.0109304	0
38	88	0.0075099	0
38	89	0.02151	1
38	90	0.0103945	1
38	91	-0.0357184	1
38	92	-0.007057	0
38	93	-0.0264295	0
38	94	0.0029063	0
38	95	-0.0227943	0
38	96	0.009963	0
38	97	-0.0264606	0
38	98	-0.00555768	0
38	99	-0.0136202	1
39	0	-0.00513069	0
39	1	-0.0124904	1
39	2	-0.0038362	0
39	3	0.0286472	1
39	4	-0.00783094	1
39	5	0.00952839	0
39	6	-0.00435	0
39	7	0.0152674	1
39	8	-0.0009464	0
39	9	-0.0149911	0
39	10	-0.0178107	0
39	11	0.00534667	0
39	12	0.00838007	0
39	13	0.0439794	0
39	14	-0.00579486	0
39	15	0.00329511	0
39	16	-0.013101	1
39	17	0.0109115	1
39	18	-0.0101653	1
39	19	0.0265122	0
39	20	0.0155027	1
39	21	0.0120556	0
39	22	-0.000522971	1
39	23	-0.0220093	0
39	24	0.00175707	0
39	25	8.66879e-05	0
39	26	0.00848703	1
39	27	0.0162878	0
39	28	-0.0102203	1
39	29	-0.0184727	1
39	30	0.0187598	1
39	31	0.0186131	0
39	32	0.0315685	0
39	33	-0.0105911	1
39	34	-0.00643563	0
39	35	0.000785522	0
39	36	-0.0159402	0
39	37	-0.00987647	1
39	38	-0.0167464	0
39	39	-0.00193286	1
39	40	-0.0321178	1
39	41	0.00785816	1
39	42	0.00302677	0
39	43	-0.000763419	0
39	44	0.0045891	1
39	45	-0.00231789	1
39	46	-0.0081834	1
39	47	0.0226656	1
39	48	0.0149111	1
39	49	-0.00181909	1
39	50	-0.0259591	0
39	51	-0.0239906	1
39	52	-0.0174778	0
39	53	0.0105088	0
39	54	-0.00198966	0
39	55	0.0199424	1
39	56	0.00934054	0
39	57	-0.000626766	1
39	58	-0.000896306	0
39	59	0.00621615	1
39	60	-0.010276	1
39	61	0.0103186	1
39	62	0.000190364	1
39	63	-0.0143793	1
39	64	0.013216	0
39	65	0.00667404	0
39	66	-0.00415715	0
39	67	-0.0109031	1
39	68	-0.00625743	0
39	69	0.0118568	1
39	70	-0.0130203	1
39	71	-0.00841763	0
39	72	0.0106739	0
39	73	-0.0143212	0
39	74	-0.0102397	0
39	75	0.00976742	1
39	76	-0.0120613	1
39	77	0.0300247	1
39	78	-0.00253737	0
39	79	-0.00213975	0
39	80	-0.0317164	1
39	81	0.00631142	1
39	82	-0.00217423	1
39	83	0.0100217	1
39	84	0.0205154	0
39	85	0.0305429	0
39	86	0.0103825	0
39	87	-0.0192739	0
39	88	-0.00787868	0
39	89	0.00884354	1
39	90	-0.0212528	0
39	91	0.0117049	1
39	92	-0.0249416	1
39	93	-0.00996335	0
39	94	0.00232959	1
39	95	0.0177125	0
39	96	-0.0100146	0
39	97	0.0051035	0
39	98	-0.0104533	1
39	99	-0.0193034	0
40	0	0.0034347	1
40	1	0.012234	0
40	2	-0.00866904	1
40	3	0.00857453	0
40	4	0.0174519	0
40	5	0.00722724	0
40	6	-0.0160442	1
40	7	-0.0176499	1
40	8	-0.013776	0
40	9	-0.00738749	0
40	10	-0.0144315	1
40	11	-0.0232716	0
40	12	-0.0224239	0
40	13	0.017977	0
40	14	0.00806246	1
40	15	0.012508	0
40	16	-0.00646892	0
40	17	-0.00408269	1
40	18	0.0175952	0
40	19	-0.00166366	1
40	20	-0.0214342	1
40	21	0.00297169	0
40	22	-0.00734239	1
40	23	-0.0187485	0
40	24	0.0200299	0
40	25	-0.0103251	0
40	26	-0.00121246	1
40	27	0.0256436	0
40	28	0.00279772	0
40	29	0.0228085	1
40	30	-0.00213251	1
40	31	0.0106152	0
40	32	0.0312167	0
40	33	-0.0130994	0
40	34	0.00548747	0
40	35	0.0149838	0
40	36	0.00757046	0
40	37	0.0270829	0
40	38	0.00129635	1
40	39	0.0185068	0
40	40	-0.03082	1
40	41	-0.0105274	1
40	42	0.0020786	0
40	43	-0.0052263	1
40	44	0.0122377	0
40	45	-0.00918216	0
40	46	-0.0262878	0
40	47	0.00853413	0
40	48	0.0106645	1
40	49	0.000378573	1
40	50	0.00560228	1
40	51	-0.00145693	0
40	52	0.00184892	1
40	53	0.0158384	1
40	54	-0.00264417	0
40	55	-0.00921324	0
40	56	0.0148824	0
40	57	-0.0244454	0
40	58	-0.00186737	1
40	59	-0.0102009	0
40	60	0.0282741	0
40	61	-0.00885777	0
40	62	-0.00303092	0
40	63	0.00662679	1
40	64	-0.0226078	0
40	65	-0.0221308	1
40	66	0.00976744	0
40	67	-0.0137073	0
40	68	0.00955947	0
40	69	0.00600741	0
40	70	-0.00425956	0
40	71	-5.07341e-05	1
40	72	-0.00370508	0
40	73	0.00899385	0
40	74	-0.00301767	0
40	75	0.00845329	0
40	76	-0.0103859	1
40	77	-0.00836681	0
40	78	0.0217797	1
40	79	-0.00236968	0
40	80	0.00654431	1
40	81	-0.0178837	0
40	82	0.0116582	0
40	83	0.0113358	1
40	84	-0.0309086	1
40	85	0.0183166	0
40	86	0.00135287	0
40	87	-0.0123411	0
40	88	0.0078534	0
40	89	-0.0138188	1
40	90	0.0156433	0
40	91	-0.0315455	1
40	92	0.00488602	0
40	93	0.00417619	1
40	94	-0.00639277	0
40	95	0.00488316	0
40	96	0.00449336	0
40	97	-0.00812101	0
40	98	0.00205126	0
40	99	0.00473838	0
41	0	0.00625984	0
41	1	-0.00346389	1
41	2	0.0133173	0
41	3	0.00183025	1
41	4	-0.0144514	1
41	5	-0.0187618	1
41	6	0.00296385	1
41	7	0.0134769	1
41	8	1.5001e-05	1
41	9	-0.00746344	0
41	10	-0.00449659	1
41	11	-0.00835444	1
41	12	0.00602351	1
41	13	-0.000709816	0
41	14	-0.0048241	1
41	15	-0.0220506	0
41	16	0.00817104	0
41	17	0.0226274	1
41	18	-0.00261646	1
41	19	0.010314	1
41	20	-0.0226203	0
41	21	-0.0275176	1
41	22	0.00257348	0
41	23	0.0184658	0
41	24	-0.0162633	1
41	25	0.000112418	1
41	26	0.00435025	0
41	27	0.0226104	0
41	28	-0.000646118	1
41	29	-0.00790951	1
41	30	-0.00593879	1
41	31	0.0142346	0
41	32	-0.00185465	0
41	33	0.000797868	1
41	34	0.00208902	1
41	35	-0.00408981	1
41	36	-0.00598097	1
41	37	-0.0113671	0
41	38	0.0230563	1
41	39	0.0137095	0
41	40	0.00703499	0
41	41	0.0010529	0
41	42	-0.00979811	1
41	43	0.000497108	1
41	44	-0.00944546	0
41	45	-0.0177411	0
41	46	0.00643112	0
41	47	-0.00763945	0
41	48	0.00965744	0
41	49	-0.015035	0
41	50	-0.00310397	1
41	51	0.00467325	1
41	52	-0.0222855	0
41	53	-0.00947632	1
41	54	-0.00217978	1
41	55	-0.00366793	1
41	56	-0.0315956	1
41	57	-0.025132	1
41	58	0.00159021	1
41	59	-0.00906402	1
41	60	0.0210755	0
41	61	0.011882	0
41	62	6.85296e-05	1
41	63	0.00105446	1
41	64	-0.00442319	0
41	65	0.00191057	1
41	66	0.0160914	0
41	67	-0.0153615	0
41	68	0.0236394	1
41	69	0.0185229	1
41	70	-0.00663199	0
41	71	0.0195416	1
41	72	0.00553619	1
41	73	-0.00358813	1
41	74	-0.00449881	0
41	75	-0.0116656	1
41	76	-0.0220285	0
41	77	-0.0150002	0
41	78	0.00751997	1
41	79	-0.0165021	0
41	80	-0.00526649	1
41	81	-0.00527303	1
41	82	0.00114139	0
41	83	-0.0117785	1
41	84	0.0110681	1
41	85	0.0114497	0
41	86	0.0147917	0
41	87	0.0127998	0
41	88	-0.0107789	1
41	89	-0.00411692	1
41	90	0.0129766	0
41	91	-0.00117687	1
41	92	0.0198387	1
41	93	0.0106746	0
41	94	0.0447591	0
41	95	0.00202858	0
41	96	0.0119521	0
41	97	-0.0203007	0
41	98	0.00813565	1
41	99	0.00954251	1
42	0	-0.0108171	0
42	1	0.00100859	0
42	2	0.00183985	0
42	3	0.0124993	1
42	4	-0.00352588	0
42	5	0.00900285	1
42	6	0.0101254	1
42	7	-0.00133796	0
42	8	0.00306683	0
42	9	-0.010308	1
42	10	0.00478327	1
42	11	-0.00910348	1
42	12	0.010623	0
42	13	-0.0055185	0
42	14	-0.0011832	1
42	15	-0.0172553	0
42	16	-0.0113608	0
42	17	0.00326454	1
42	18	0.00935162	1
42	19	-0.00821655	0
42	20	-0.0372794	1
42	21	-0.0245504	1
42	22	0.00686187	1
42	23	0.00111612	0
42	24	0.0245406	1
42	25	0.00797438	1
42	26	0.00439786	0
42	27	-0.00205403	1
42	28	-0.0217802	1
42	29	0.0135862	0
42	30	0.0135314	1
42	31	-0.0125193	1
42	32	0.00601821	0
42	33	-0.00731122	0
42	34	0.0169841	1
42	35	-0.00804099	0
42	36	-0.0205654	0
42	37	0.00302836	0
42	38	0.00344246	1
42	39	-0.0106762	1
42	40	0.0115806	0
42	41	-0.00162292	0
42	42	-0.0225777	0
42	43	-0.00170799	1
42	44	0.000162928	1
42	45	0.0148066	1
42	46	0.012954	1
42	47	-0.000951262	1
42	48	-0.00266133	1
42	49	-0.0084424	1
42	50	0.010082	0
42	51	-0.00112541	1
42	52	0.000537704	1
42	53	0.0078715	1
42	54	0.0215426	1
42	55	-0.0143907	1
42	56	-0.00828563	1
42	57	0.0119049	0
42	58	-0.020286	0
42	59	0.0277881	0
42	60	-0.0160804	1
42	61	0.0176734	0
42	62	0.0117286	1
42	63	-0.00924827	0
42	64	-0.0128196	0
42	65	-0.0295194	0
42	66	0.0030353	0
42	67	-0.0259703	1
42	68	0.0179049	1
42	69	-0.00815426	1
42	70	-0.0345949	0
42	71	-0.0055734	1
42	72	0.00773296	1
42	73	-0.035498	0
42	74	-0.00190824	0
42	75	-0.0119757	0
42	76	0.028856	1
42	77	-0.000407422	1
42	78	-0.00852424	0
42	79	0.039555	0
42	80	0.0154286	1
42	81	0.0203061	0
42	82	-0.00888037	1
42	83	0.0120263	1
42	84	0.00225196	1
42	85	-0.0171101	1
42	86	0.0216758	1
42	87	0.0131921	1
42	88	-0.0147886	1
42	89	0.0277501	1
42	90	-0.034163	1
42	91	0.0132022	1
42	92	0.0172593	1
42	93	-0.0259957	1
42	94	0.0339651	1
42	95	0.0121476	1
42	96	-0.0156636	1
42	97	0.00226623	1
42	98	0.0221055	1
42	99	-0.00401007	1
43	0	-0.0205734	0
43	1	-0.0173668	1
43	2	0.00597966	0
43	3	8.1414e-06	1
43	4	0.00385452	0
43	5	0.000128388	1
43	6	-0.0207765	1
43	7	0.0130222	0
43	8	-0.00210765	1
43	9	0.00761614	0
43	10	-0.0111812	0
43	11	0.00320289	0
43	12	-0.0133705	1
43	13	-0.00949969	1
43	14	-0.00151407	1
43	15	-0.00208079	1
43	16	-0.00925201	0
43	17	0.0046371	0
43	18	-0.0198537	1
43	19	0.00131036	1
43	20	0.00859823	1
43	21	0.00246836	0
43	22	-0.0169566	1
43	23	0.00396514	0
43	24	0.00982052	1
43	25	-0.000433226	0
43	26	-0.0197898	0
43	27	0.0305075	1
43	28	0.00683487	0
43	29	0.0181201	0
43	30	0.00527237	0
43	31	-0.00129288	0
43	32	0.0168545	0
43	33	0.0197931	1
43	34	0.000515844	1
43	35	-0.00949546	0
43	36	0.00244238	0
43	37	0.00848805	1
43	38	0.0208966	1
43	39	-0.00977496	1
43	40	0.0196151	0
43	41	0.000142325	0
43	42	-0.0152352	1
43	43	-0.016345	0
43	44	-0.00897434	1
43	45	-0.029785	0
43	46	0.0157633	0
43	47	0.00563426	0
43	48	0.0207981	1
43	49	0.00231514	0
43	50	-0.000678141	0
43	51	0.00136758	0
43	52	0.0109032	0
43	53	0.0110391	1
43	54	-0.00712758	1
43	55	-0.020059	1
43	56	0.0249368	1
43	57	0.0224099	1
43	58	-0.0192446	0
43	59	0.0184343	0
43	60	0.00465542	0
43	61	-0.0282263	1
43	62	0.0294294	1
43	63	-0.00402998	1
43	64	0.0101986	1
43	65	0.00131017	0
43	66	0.00604423	0
43	67	0.0378169	0
43	68	-0.0235957	1
43	69	-0.00472743	0
43	70	0.0302238	1
43	71	0.0166175	0
43	72	-0.0333419	1
43	73	-0.0167779	0
43	74	0.0141558	1
43	75	-0.000182077	0
43	76	-0.0132138	1
43	77	-0.0178499	1
43	78	-0.0202181	0
43	79	-0.012127	1
43	80	-0.0107669	0
43	81	0.00219314	1
43	82	0.00364502	0
43	83	-0.0205677	0
43	84	0.0117923	0
43	85	0.00737173	0
43	86	0.0162012	1
43	87	0.0142765	0
43	88	-0.0184982	1
43	89	0.011512	1
43	90	-0.0146813	1
43	91	0.0208505	1
43	92	-0.00434747	1
43	93	-0.00154333	0
43	94	-0.00576534	1
43	95	0.00512655	0
43	96	0.0012669	1
43	97	-0.013683	0
43	98	-0.0295949	1
43	99	0.00412241	0
44	0	-0.00806169	0
44	1	-0.0104665	1
44	2	0.00386753	0
44	3	-0.00332247	0
44	4	-0.00590833	0
44	5	0.00255067	1
44	6	0.00423579	1
44	7	0.000435518	0
44	8	-0.00740949	1
44	9	0.0150906	0
44	10	4.41307e-05	0
44	11	0.00597684	1
44	12	0.00646782	0
44	13	-0.00800335	0
44	14	-0.017075	1
44	15	7.74454e-05	1
44	16	0.0108847	0
44	17	-0.0315931	1
44	18	-0.00750745	0
44	19	-0.0105916	1
44	20	0.0028257	0
44	21	-0.00181102	1
44	22	0.000729642	1
44	23	-0.000556331	1
44	24	0.0123089	0
44	25	-0.00109468	1
44	26	-0.0110882	1
44	27	0.0121508	1
44	28	-0.0112731	1
44	29	0.00495524	0
44	30	0.0204911	0
44	31	0.00241999	0
44	32	-0.00489853	1
44	33	-0.00112824	1
44	34	-0.00840328	1
44	35	0.0014113	1
44	36	0.00585456	1
44	37	-0.00312628	1
44	38	-0.0230959	1
44	39	0.000608891	0
44	40	0.010706	0
44	41	0.0184466	1
44	42	-0.0243735	1
44	43	0.0153454	0
44	44	-0.0140203	0
44	45	-0.0104427	1
44	46	-0.00591659	0
44	47	0.00968164	0
44	48	-0.0243665	1
44	49	0.0102877	1
44	50	-0.00163297	0
44	51	0.00987277	0
44	52	0.0041483	1
44	53	-0.013635	0
44	54	0.0157598	1
44	55	0.00161914	1
44	56	-0.00776591	1
44	57	-0.00898255	1
44	58	-0.00630946	1
44	59	-0.00563137	1
44	60	-0.014315	1
44	61	-0.00360084	1
44	62	0.00759544	0
44	63	0.00968086	0
44	64	0.00978724	1
44	65	-0.011535	0
44	66	-0.00715647	1
44	67	0.0158336	0
44	68	-0.000539234	0
44	69	0.00433844	1
44	70	-0.0366277	0
44	71	-0.0124456	1
44	72	-0.00431335	0
44	73	0.000691993	1
44	74	0.0107325	1
44	75	-0.0175567	0
44	76	0.0242425	1
44	77	-0.013137	0
44	78	-0.00333714	1
44	79	-0.000792583	0
44	80	0.010332	1
44	81	-0.00641992	1
44	82	-0.00690259	0
44	83	0.0224618	1
44	84	0.00886815	0
44	85	0.0113309	0
44	86	0.00931322	0
44	87	0.0014551	1
44	88	0.0198146	1
44	89	0.0151745	1
44	90	0.0240332	1
44	91	-0.0108631	1
44	92	0.014326	0
44	93	0.0117702	0
44	94	0.00508217	0
44	95	-0.0195466	1
44	96	0.00248359	1
44	97	0.000185552	0
44	98	0.030897	1
44	99	-0.0111048	1
45	0	-0.000290444	0
45	1	-0.00648094	0
45	2	-0.00706622	0
45	3	0.0352675	1
45	4	-0.0127933	0
45	5	-0.0208835	1
45	6	-0.00547978	0
45	7	0.0171611	1
45	8	0.0156073	0
45	9	-0.0174914	1
45	10	-0.0125647	0
45	11	0.0177133	1
45	12	0.00243611	1
45	13	0.000863174	1
45	14	-0.0144684	0
45	15	0.00454783	1
45	16	-0.0135152	0
45	17	0.00270576	1
45	18	-0.00252032	1
45	19	-0.00547599	0
45	20	0.0208112	0
45	21	0.0371628	1
45	22	-0.00378851	1
45	23	0.00188376	0
45	24	-0.000184664	1
45	25	-0.00126422	1
45	26	0.00981927	0
45	27	-0.00249471	0
45	28	0.0198411	1
45	29	-0.012849	1
45	30	-0.0119597	1
45	31	0.0046627	0
45	32	0.0204186	1
45	33	-0.00912364	1
45	34	0.0175237	1
45	35	-0.00472811	0
45	36	0.000245124	1
45	37	0.000405577	0
45	38	0.0280425	1
45	39	-0.0038373	1
45	40	0.00203774	1
45	41	-0.0104218	1
45	42	-0.0182379	1
45	43	0.000410633	0
45	44	0.0049069	1
45	45	-0.0134647	0
45	46	0.0309492	0
45	47	0.000697857	1
45	48	-0.00195806	1
45	49	-0.00725677	0
45	50	0.0220507	0
45	51	-0.00170034	1
45	52	0.00205991	1
45	53	-0.0196865	0
45	54	0.0202354	0
45	55	0.00571765	0
45	56	-0.0146238	1
45	57	-0.00110846	0
45	58	-0.00937827	1
45	59	0.00453238	1
45	60	0.0288765	0
45	61	0.00721625	0
45	62	-0.00667061	0
45	63	-0.0104152	1
45	64	-0.0057908	1
45	65	0.0183454	1
45	66	0.0033591	0
45	67	-0.0155314	1
45	68	-0.00307473	0
45	69	-0.00567472	0
45	70	-0.00817385	0
45	71	-0.0162183	0
45	72	-0.0306305	1
45	73	-0.0144228	0
45	74	0.0141519	0
45	75	-0.0124023	1
45	76	0.00428971	0
45	77	0.0111924	0
45	78	-0.0187197	0
45	79	0.0179208	1
45	80	-0.0218038	0
45	81	-0.0118743	0
45	82	-0.0171143	0
45	83	0.013186	1
45	84	0.0186283	1
45	85	-0.0120044	1
45	86	-0.0174975	0
45	87	0.00202284	0
45	88	0.0182052	1
45	89	-0.00412846	1
45	90	-0.0244048	0
45	91	0.0109218	0
45	92	0.00658251	1
45	93	-0.00195848	0
45	94	-0.0214376	0
45	95	-0.00440325	0
45	96	0.00449168	1
45	97	0.0157266	1
45	98	-0.00219846	0
45	99	0.00781295	1
46	0	-0.00106242	1
46	1	0.00561001	0
46	2	-0.0163894	1
46	3	-0.00189188	0
46	4	0.0181475	0
46	5	-0.00381189	1
46	6	0.0036801	0
46	7	-0.00165246	1
46	8	0.00278057	1
46	9	-0.0221194	1
46	10	-0.0143511	1
46	11	-0.00776524	1
46	12	0.0259378	1
46	13	-0.0163983	1
46	14	0.00032849	0
46	15	-0.00760892	0
46	16	0.00930367	1
46	17	0.00876885	1
46	18	-0.0152459	0
46	19	-0.00560303	0
46	20	-0.0054753	0
46	21	-0.00115888	0
46	22	0.0179057	1
46	23	0.00947727	0
46	24	0.00747336	1
46	25	-0.00441858	0
46	26	-0.00523449	1
46	27	-0.0290739	0
46	28	0.0235601	1
46	29	-0.00404081	0
46	30	0.0165662	0
46	31	-0.0163282	0
46	32	-0.0118733	0
46	33	0.0117232	1
46	34	0.0126425	1
46	35	-0.0232026	1
46	36	0.0206131	0
46	37	-0.00898875	1
46	38	0.00040748	1
46	39	-0.00646815	0
46	40	0.0183683	1
46	41	0.0191485	1
46	42	0.0234227	1
46	43	-0.00116425	1
46	44	0.00867887	1
46	45	0.000955261	0
46	46	-0.0221799	1
46	47	0.0167045	1
46	48	0.00287845	0
46	49	-0.0241055	0
46	50	-0.00703249	1
46	51	0.00195289	0
46	52	0.00339225	0
46	53	-0.00996408	1
46	54	0.00835153	0
46	55	-0.00133953	0
46	56	-0.0102257	1
46	57	-0.00493711	0
46	58	-0.0230439	0
46	59	0.00478406	1
46	60	-0.00687608	0
46	61	0.00615166	1
46	62	-0.0049843	1
46	63	-0.00583216	0
46	64	0.0143887	1
46	65	-0.0142467	0
46	66	-0.00461383	1
46	67	-0.00724518	0
46	68	0.0182685	1
46	69	0.0120472	1
46	70	-0.000803003	1
46	71	-0.0227328	0
46	72	0.0186535	0
46	73	-0.019277	0
46	74	-0.00144427	0
46	75	0.0134232	1
46	76	0.00604855	1
46	77	-0.019374	0
46	78	-0.0263638	1
46	79	-0.00687637	0
46	80	-0.00409345	0
46	81	-0.00313815	0
46	82	0.0323154	0
46	83	-0.0184571	0
46	84	0.0118495	0
46	85	0.0123928	0
46	86	0.00604515	1
46	87	0.0171748	1
46	88	0.00214735	1
46	89	-0.00180449	1
46	90	0.00780297	1
46	91	0.0134445	0
46	92	0.0120021	0
46	93	-0.00238868	1
46	94	-0.00693684	0
46	95	0.00404182	1
46	96	0.0271467	0
46	97	-0.00326278	0
46	98	-0.0341988	1
46	99	0.0101975	1
47	0	0.00947894	0
47	1	0.00684527	0
47	2	-0.0284064	0
47	3	0.0188394	1
47	4	0.01531	1
47	5	-0.012212	1
47	6	0.0178722	0
47	7	0.0060786	0
47	8	0.0190464	1
47	9	0.00871666	0
47	10	-0.00650942	1
47	11	0.0115216	0
47	12	0.00635235	0
47	13	0.0300478	0
47	14	-0.00958541	1
47	15	0.00389492	0
47	16	-0.00327957	1
47	17	-0.0257502	1
47	18	0.00364805	0
47	19	-0.0199008	1
47	20	-0.00682174	1
47	21	-0.00613905	0
47	22	-0.000125287	0
47	23	-0.0210535	1
47	24	0.00920249	1
47	25	-0.0245622	1
47	26	-0.00940733	1
47	27	-0.0208369	0
47	28	0.010162	0
47	29	-0.0150692	1
47	30	-0.00148944	0
47	31	0.014553	0
47	32	-0.00618605	1
47	33	0.00751197	1
47	34	0.0157317	1
47	35	0.0227975	0
47	36	0.0229125	1
47	37	0.0139159	1
47	38	-0.0336326	1
47	39	-0.00990544	0
47	40	0.0156893	1
47	41	-0.0209246	1
47	42	-0.00464908	1
47	43	-0.0053953	0
47	44	0.00165329	0
47	45	0.0142057	1
47	46	0.0160394	0
47	47	0.0136921	0
47	48	0.0289006	1
47	49	0.00401003	1
47	50	0.000388435	1
47	51	0.0092631	1
47	52	0.0162472	1
47	53	-0.0393649	0
47	54	0.00576365	0
47	55	-0.0120555	1
47	56	0.0177602	0
47	57	0.000275465	0
47	58	-0.0185358	0
47	59	0.00847503	0
47	60	-4.19022e-05	1
47	61	-0.0182456	0
47	62	0.0115808	1
47	63	0.0174015	1
47	64	-0.00438267	0
47	65	-0.00367498	0
47	66	0.00110327	0
47	67	0.00727636	0
47	68	0.00499863	1
47	69	-0.00566122	0
47	70	0.002383	1
47	71	0.0058448	0
47	72	-0.0157082	1
47	73	-0.00442226	0
47	74	-0.0172201	0
47	75	-0.0301791	0
47	76	0.0198668	1
47	77	0.00654669	1
47	78	-0.00639405	0
47	79	-0.00216889	0
47	80	-0.0184379	1
47	81	0.0120413	0
47	82	-0.0205402	1
47	83	-0.00576818	1
47	84	0.000740517	1
47	85	0.0357575	1
47	86	-0.0176614	0
47	87	-0.0263459	0
47	88	0.0124994	0
47	89	-0.0162384	1
47	90	0.00294026	0
47	91	0.025922	1
47	92	0.000812905	1
47	93	0.0245814	1
47	94	0.00486387	0
47	95	-0.0180597	0
47	96	-0.0150889	1
47	97	-0.00229905	1
47	98	-0.00704721	0
47	99	-0.00658003	0
48	0	0.00428072	0
48	1	-0.0166175	0
48	2	-0.00242878	1
48	3	-0.0145038	0
48	4	-0.012434	0
48	5	-0.0276658	0
48	6	-0.0306164	1
48	7	-0.0148801	1
48	8	0.0140128	0
48	9	0.0178741	0
48	10	0.0224097	1
48	11	0.00248761	1
48	12	0.00787203	0
48	13	-0.0080607	1
48	14	0.00532418	0
48	15	0.0160174	0
48	16	0.000556623	0
48	17	-0.0013793	1
48	18	-0.00021471	0
48	19	0.0112223	1
48	20	-0.000227335	0
48	21	0.00716721	1
48	22	0.0132338	0
48	23	-0.0273408	1
48	24	-0.0290408	1
48	25	0.0046583	0
48	26	-0.00944637	0
48	27	-0.00172184	0
48	28	0.023901	0
48	29	0.015874	0
48	30	0.0154222	0
48	31	0.0258386	1
48	32	-0.000723339	1
48	33	-0.00905543	1
48	34	-0.00776749	1
48	35	-0.0111163	1
48	36	-0.00860898	0
48	37	-0.00565997	1
48	38	0.00954563	1
48	39	0.00776555	0
48	40	-0.00443256	0
48	41	-0.0180054	0
48	42	-0.0191293	1
48	43	0.000583232	1
48	44	-0.0138328	1
48	45	0.0105882	1
48	46	0.0139699	1
48	47	-0.0153796	1
48	48	0.00771487	1
48	49	0.00518677	1
48	50	-0.00480231	0
48	51	-0.0160344	1
48	52	0.0184709	0
48	53	0.000693921	0
48	54	0.0180042	1
48	55	-0.0137448	0
48	56	-0.0165095	1
48	57	0.0176035	0
48	58	0.017441	1
48	59	0.0106962	1
48	60	-0.022551	0
48	61	-0.019651	0
48	62	3.34537e-05	1
48	63	-0.00497594	0
48	64	0.00907965	0
48	65	0.0206197	0
48	66	0.00723635	1
48	67	-0.00562764	1
48	68	-0.0117016	0
48	69	-0.0165952	1
48	70	0.0187621	1
48	71	0.00357314	1
48	72	0.0280222	1
48	73	0.00919788	0
48	74	-0.00193013	0
48	75	0.0227866	0
48	76	-0.00932563	1
48	77	-0.000121286	1
48	78	-0.0239161	1
48	79	0.0189728	1
48	80	0.0114824	1
48	81	0.00553909	1
48	82	-0.00521763	0
48	83	0.00406841	1
48	84	-0.0177459	0
48	85	0.0150341	1
48	86	-0.0133383	1
48	87	0.00891159	0
48	88	0.0045614	1
48	89	0.00499138	1
48	90	0.0141817	0
48	91	-0.00795126	1
48	92	-0.0106309	0
48	93	0.00136799	1
48	94	-0.0315456	1
48	95	-0.000840536	0
48	96	-0.012754	1
48	97	0.0245239	1
48	98	0.0153715	1
48	99	-0.0169337	1
49	0	-0.014329	1
49	1	-0.00990061	0
49	2	0.0206501	1
49	3	-0.0156045	1
49	4	0.00992047	0
49	5	0.0104073	0
49	6	-0.0201793	0
49	7	-0.00215201	0
49	8	0.00420018	1
49	9	0.0106409	0
49	10	-0.0021453	0
49	11	0.00491484	1
49	12	0.00118119	0
49	13	0.0122793	1
49	14	0.000696217	1
49	15	0.00681662	0
49	16	0.01539	0
49	17	0.0171457	1
49	18	0.0157344	1
49	19	-0.00323872	1
49	20	0.00136692	1
49	21	-0.0175589	1
49	22	-0.0170094	0
49	23	-0.00807557	1
49	24	0.0122182	1
49	25	-0.00668938	0
49	26	-0.0111787	1
49	27	0.00881888	1
49	28	0.00256175	0
49	29	-0.0143207	0
49	30	0.00860592	1
49	31	0.011469	1
49	32	0.00108836	1
49	33	-0.00584175	1
49	34	-0.00603994	1
49	35	-0.00131369	0
49	36	-0.00726528	0
49	37	-0.0153488	0
49	38	-0.00191624	1
49	39	0.00317223	1
49	40	0.00549761	0
49	41	0.0260091	1
49	42	-0.00267432	0
49	43	0.00800938	0
49	44	0.00662406	1
49	45	-0.0208392	0
49	46	-0.0209281	0
49	47	-0.00172772	1
49	48	0.000418866	0
49	49	-0.0119125	1
49	50	-0.0169625	1
49	51	-0.0160118	0
49	52	-0.0303865	1
49	53	-0.00347524	0
49	54	0.0164237	0
49	55	-0.00151535	1
49	56	0.0087315	0
49	57	0.0161224	1
49	58	0.0220331	1
49	59	-0.00271324	0
49	60	-0.00948281	0
49	61	0.00676721	0
49	62	0.00312186	1
49	63	0.0233886	1
49	64	-0.00594493	0
49	65	-0.011399	1
49	66	0.0101049	0
49	67	-0.0136185	0
49	68	0.00964966	1
49	69	0.00337855	0
49	70	0.0184797	1
49	71	0.00278133	1
49	72	0.0219751	1
49	73	-0.0164232	1
49	74	0.0129557	1
49	75	-0.00255604	0
49	76	-0.00709449	0
49	77	0.0168573	1
49	78	0.026529	1
49	79	-0.0289418	0
49	80	-0.0051234	0
49	81	-0.00284876	1
49	82	0.00677446	0
49	83	8.25106e-05	0
49	84	0.013689	0
49	85	-0.00205901	1
49	86	-0.0189801	1
49	87	-0.0186396	1
49	88	0.0127988	0
49	89	-0.00241797	1
49	90	-0.0049388	1
49	91	0.00155289	1
49	92	0.000591754	0
49	93	-0.00701244	0
49	94	-0.0103253	1
49	95	-0.0194527	0
49	96	0.000773839	1
49	97	-0.00322421	0
49	98	0.00342944	1
49	99	0.0149075	1
