0	0	-0.0019425	0.5
0	1	0.0377578	0.5
0	2	-0.00293373	0.5
0	3	-0.0336246	0.5
0	4	-0.000713244	0.5
0	5	0.0151968	0.5
0	6	0.0095054	0.5
0	7	-0.0244056	0.5
0	8	0.0114118	0.5
0	9	0.0086942	0.5
0	10	0.00839112	0.5
0	11	-0.0487848	0.5
0	12	-0.0168135	0.5
0	13	0.0143324	0.5
0	14	0.0210317	0.5
0	15	0.0133501	0.5
0	16	-0.00444469	0.5
0	17	-0.0204325	0.5
0	18	0.0217871	0.5
0	19	0.0309602	0.5
0	20	0.0223263	0.5
0	21	-0.00292887	0.5
0	22	0.0165836	0.5
0	23	-0.000272727	0.5
0	24	0.0177329	0.5
0	25	0.00427029	0.5
0	26	0.0197277	0.5
0	27	0.0266883	0.5
0	28	-0.0106268	0.5
0	29	0.0128019	0.5
0	30	0.00556025	0.5
0	31	-0.00267044	0.5
0	32	0.0376915	0.5
0	33	-0.0331048	0.5
0	34	-0.0016422	0.5
0	35	-0.0106848	0.5
0	36	-0.0408876	0.5
0	37	-0.0124188	0.5
0	38	-0.0281224	0.5
0	39	0.0283422	0.5
0	40	0.00379304	0.5
0	41	-0.0309014	0.5
0	42	0.00680017	0.5
0	43	-0.0289865	0.5
0	44	-0.0136865	0.5
0	45	-0.00924561	0.5
0	46	0.00961024	0.5
0	47	-0.0391635	0.5
0	48	0.000833498	0.5
0	49	0.0142574	0.5
1	0	-0.0107312	0.5
1	1	-0.00115703	0.5
1	2	0.014809	0.5
1	3	0.0123974	0.5
1	4	0.0136891	0.5
1	5	-0.00438754	0.5
1	6	0.00571557	0.5
1	7	0.0323895	0.5
1	8	0.00452881	0.5
1	9	0.00598574	0.5
1	10	-0.0186511	0.5
1	11	-0.0322853	0.5
1	12	-0.0298351	0.5
1	13	0.035817	0.5
1	14	0.0190012	0.5
1	15	0.00883288	0.5
1	16	-0.0131587	0.5
1	17	0.0149812	0.5
1	18	-0.0079677	0.5
1	19	0.0234151	0.5
1	20	0.00325124	0.5
1	21	-0.0100296	0.5
1	22	-0.0130937	0.5
1	23	-0.0106211	0.5
1	24	-0.0176004	0.5
1	25	-0.00466868	0.5
1	26	0.00591446	0.5
1	27	-0.0190963	0.5
1	28	-0.00754007	0.5
1	29	0.0201501	0.5
1	30	-0.0249181	0.5
1	31	0.0137612	0.5
1	32	0.00414244	0.5
1	33	0.025745	0.5
1	34	-0.0197101	0.5
1	35	-0.00205533	0.5
1	36	0.0297196	0.5
1	37	0.0155903	0.5
1	38	-0.00261705	0.5
1	39	0.00948184	0.5
1	40	0.0101745	0.5
1	41	-0.0183638	0.5
1	42	0.00916606	0.5
1	43	-0.0207953	0.5
1	44	-0.018571	0.5
1	45	0.0113192	0.5
1	46	-0.0150498	0.5
1	47	-0.0206911	0.5
1	48	0.00435928	0.5
1	49	-0.0107427	0.5
2	0	-0.0251284	0.5
2	1	0.00841682	0.5
2	2	-0.00599755	0.5
2	3	0.00051727	0.5
2	4	0.00601623	0.5
2	5	0.0461876	0.5
2	6	0.00551987	0.5
2	7	-0.00233602	0.5
2	8	0.0130046	0.5
2	9	0.00284484	0.5
2	10	-0.00681926	0.5
2	11	0.00500319	0.5
2	12	-0.0139602	0.5
2	13	-0.0194298	0.5
2	14	0.0439322	0.5
2	15	0.0260008	0.5
2	16	-0.0620394	0.5
2	17	-0.0439535	0.5
2	18	-0.00239643	0.5
2	19	-0.0229269	0.5
2	20	0.00410098	0.5
2	21	-0.0321214	0.5
2	22	0.0275139	0.5
2	23	0.00179579	0.5
2	24	-0.0335004	0.5
2	25	0.0387845	0.5
2	26	0.015102	0.5
2	27	-0.00881953	0.5
2	28	0.0160816	0.5
2	29	-0.00132702	0.5
2	30	-0.0232344	0.5
2	31	-0.000955336	0.5
2	32	-0.0114373	0.5
2	33	0.020972	0.5
2	34	0.0123078	0.5
2	35	-0.00488984	0.5
2	36	0.0168554	0.5
2	37	-0.0158882	0.5
2	38	0.0142966	0.5
2	39	-0.0103566	0.5
2	40	-0.0110885	0.5
2	41	0.020165	0.5
2	42	0.00316603	0.5
2	43	0.010395	0.5
2	44	0.0290992	0.5
2	45	0.000481883	0.5
2	46	0.00154033	0.5
2	47	-0.00407576	0.5
2	48	-0.00185713	0.5
2	49	-0.0255626	0.5
3	0	0.0167419	0.5
3	1	-0.0313063	0.5
3	2	0.0058883	0.5
3	3	-0.00415656	0.5
3	4	0.000541428	0.5
3	5	0.0318973	0.5
3	6	-0.0270548	0.5
3	7	-0.00416338	0.5
3	8	0.0240571	0.5
3	9	0.008527	0.5
3	10	0.00473087	0.5
3	11	0.00646823	0.5
3	12	-0.00881928	0.5
3	13	-0.0133061	0.5
3	14	-0.00795473	0.5
3	15	0.0121761	0.5
3	16	0.00778135	0.5
3	17	0.00903592	0.5
3	18	0.00493558	0.5
3	19	-0.0152646	0.5
3	20	-0.0240502	0.5
3	21	0.027931	0.5
3	22	-0.0159043	0.5
3	23	0.0098518	0.5
3	24	0.0181813	0.5
3	25	-0.00446384	0.5
3	26	-0.0225656	0.5
3	27	0.00807695	0.5
3	28	-0.0125811	0.5
3	29	-0.0137482	0.5
3	30	-0.000871393	0.5
3	31	-0.0218608	0.5
3	32	0.015494	0.5
3	33	-0.00453364	0.5
3	34	-0.00852783	0.5
3	35	0.00372991	0.5
3	36	0.0191902	0.5
3	37	0.0259507	0.5
3	38	-0.00909282	0.5
3	39	-0.00737975	0.5
3	40	-0.00120084	0.5
3	41	0.0353984	0.5
3	42	0.00901815	0.5
3	43	-0.00915577	0.5
3	44	-0.00115332	0.5
3	45	0.00604143	0.5
3	46	-0.00186176	0.5
3	47	-0.0150367	0.5
3	48	-0.0289094	0.5
3	49	0.00327805	0.5
4	0	-0.0398026	0.5
4	1	-0.00571575	0.5
4	2	-0.0101548	0.5
4	3	0.00977504	0.5
4	4	0.0130699	0.5
4	5	-0.00993769	0.5
4	6	-0.0216522	0.5
4	7	0.0244826	0.5
4	8	-0.031997	0.5
4	9	-0.0189267	0.5
4	10	-0.0150237	0.5
4	11	0.00906112	0.5
4	12	0.0164144	0.5
4	13	-0.0128458	0.5
4	14	-0.0344127	0.5
4	15	-0.00772742	0.5
4	16	0.00577423	0.5
4	17	0.0465998	0.5
4	18	0.0280101	0.5
4	19	-0.00913344	0.5
4	20	0.00854015	0.5
4	21	-0.0181114	0.5
4	22	0.0367779	0.5
4	23	-0.00525327	0.5
4	24	0.0402343	0.5
4	25	-0.0194712	0.5
4	26	0.0284819	0.5
4	27	-0.0127457	0.5
4	28	0.00852249	0.5
4	29	0.0168537	0.5
4	30	-0.00538815	0.5
4	31	-0.000534192	0.5
4	32	-0.0173009	0.5
4	33	0.0236505	0.5
4	34	-0.000218103	0.5
4	35	0.00468731	0.5
4	36	-0.00413925	0.5
4	37	-0.0192005	0.5
4	38	0.0118019	0.5
4	39	0.00170948	0.5
4	40	0.00331042	0.5
4	41	-0.024107	0.5
4	42	-0.0223575	0.5
4	43	0.0177156	0.5
4	44	-0.0133348	0.5
4	45	-0.0134271	0.5
4	46	-0.00624574	0.5
4	47	0.0258377	0.5
4	48	0.00469158	0.5
4	49	0.0131622	0.5
5	0	0.00261817	0.5
5	1	0.0143635	0.5
5	2	0.00275205	0.5
5	3	0.00834482	0.5
5	4	0.0347277	0.5
5	5	-0.0319231	0.5
5	6	0.00449152	0.5
5	7	0.0375599	0.5
5	8	-0.0296979	0.5
5	9	0.00793249	0.5
5	10	-0.0266651	0.5
5	11	-0.0172285	0.5
5	12	-0.0306159	0.5
5	13	-0.0331874	0.5
5	14	0.0157902	0.5
5	15	-0.0295484	0.5
5	16	0.0199877	0.5
5	17	-0.0215635	0.5
5	18	-0.015125	0.5
5	19	0.0101131	0.5
5	20	0.0308835	0.5
5	21	-0.00179763	0.5
5	22	0.0316667	0.5
5	23	-0.0119078	0.5
5	24	0.021294	0.5
5	25	-0.046611	0.5
5	26	-0.0109279	0.5
5	27	0.0219553	0.5
5	28	0.00274201	0.5
5	29	0.000670836	0.5
5	30	-0.0108464	0.5
5	31	-0.0278721	0.5
5	32	-0.00416238	0.5
5	33	0.0420445	0.5
5	34	-0.0207093	0.5
5	35	-0.00945336	0.5
5	36	0.022829	0.5
5	37	-0.00499099	0.5
5	38	0.0240545	0.5
5	39	-0.0238823	0.5
5	40	0.0171443	0.5
5	41	0.00876503	0.5
5	42	0.0128036	0.5
5	43	-0.0131043	0.5
5	44	0.0456233	0.5
5	45	-0.0217006	0.5
5	46	-0.0348974	0.5
5	47	0.0263835	0.5
5	48	0.0116675	0.5
5	49	-0.00079037	0.5
6	0	0.0347571	0.5
6	1	-0.0129937	0.5
6	2	-0.0340634	0.5
6	3	-0.0388964	0.5
6	4	0.0161044	0.5
6	5	-0.00124495	0.5
6	6	0.0158723	0.5
6	7	-0.013996	0.5
6	8	0.00666178	0.5
6	9	-0.0188497	0.5
6	10	0.0404094	0.5
6	11	0.0154288	0.5
6	12	-0.00779949	0.5
6	13	0.0203913	0.5
6	14	0.0378431	0.5
6	15	0.0163518	0.5
6	16	0.0321811	0.5
6	17	-0.0134319	0.5
6	18	-0.0249318	0.5
6	19	-0.00141677	0.5
6	20	0.000932493	0.5
6	21	0.00366809	0.5
6	22	-0.0121959	0.5
6	23	0.0202675	0.5
6	24	-0.0482003	0.5
6	25	0.028019	0.5
6	26	-0.0355434	0.5
6	27	0.0246647	0.5
6	28	-0.022222	0.5
6	29	0.00317432	0.5
6	30	-0.0168977	0.5
6	31	-0.00551228	0.5
6	32	0.00533947	0.5
6	33	-0.0445799	0.5
6	34	-0.0320253	0.5
6	35	0.0363324	0.5
6	36	-0.0314102	0.5
6	37	0.0221704	0.5
6	38	0.0272277	0.5
6	39	0.0105625	0.5
6	40	0.00465557	0.5
6	41	0.0132321	0.5
6	42	-0.0358077	0.5
6	43	-0.00940086	0.5
6	44	-0.0303207	0.5
6	45	0.029562	0.5
6	46	0.0152378	0.5
6	47	0.0107099	0.5
6	48	0.000670126	0.5
6	49	-0.000687066	0.5
7	0	-0.0117611	0.5
7	1	-0.00615507	0.5
7	2	-0.0566094	0.5
7	3	-0.0218293	0.5
7	4	-0.00825755	0.5
7	5	0.00645032	0.5
7	6	0.0190672	0.5
7	7	-0.0343626	0.5
7	8	0.0187838	0.5
7	9	0.0476808	0.5
7	10	-0.023524	0.5
7	11	0.00352713	0.5
7	12	-0.00373932	0.5
7	13	-0.00119053	0.5
7	14	-0.0233364	0.5
7	15	0.0136692	0.5
7	16	-0.0356099	0.5
7	17	0.0172426	0.5
7	18	-0.00120337	0.5
7	19	0.0131237	0.5
7	20	-0.0022633	0.5
7	21	0.00173221	0.5
7	22	0.0105138	0.5
7	23	0.005604	0.5
7	24	0.0355966	0.5
7	25	-0.00535486	0.5
7	26	0.000858603	0.5
7	27	-0.0158436	0.5
7	28	-0.018299	0.5
7	29	-0.00319368	0.5
7	30	-0.036051	0.5
7	31	-0.00245292	0.5
7	32	0.0107345	0.5
7	33	-0.023774	0.5
7	34	0.0126815	0.5
7	35	0.0258631	0.5
7	36	-0.00101689	0.5
7	37	0.00887874	0.5
7	38	-0.00585228	0.5
7	39	-0.011001	0.5
7	40	0.053876	0.5
7	41	0.0317225	0.5
7	42	-0.00642908	0.5
7	43	0.00590914	0.5
7	44	-0.00881033	0.5
7	45	0.0109246	0.5
7	46	0.00843007	0.5
7	47	0.00649257	0.5
7	48	0.00926443	0.5
7	49	-0.0107066	0.5
8	0	-0.0115724	0.5
8	1	0.0165073	0.5
8	2	0.00536205	0.5
8	3	-0.0220676	0.5
8	4	-0.0119092	0.5
8	5	0.0542889	0.5
8	6	0.0014254	0.5
8	7	-0.00148553	0.5
8	8	0.0105803	0.5
8	9	-0.00885948	0.5
8	10	0.00730872	0.5
8	11	0.0329165	0.5
8	12	0.00802241	0.5
8	13	-0.0220742	0.5
8	14	-0.0283692	0.5
8	15	0.0215506	0.5
8	16	-0.0150908	0.5
8	17	-0.0334212	0.5
8	18	0.02024	0.5
8	19	-0.0127226	0.5
8	20	0.00929455	0.5
8	21	-0.00829625	0.5
8	22	-0.00260707	0.5
8	23	-0.00220054	0.5
8	24	-0.0262062	0.5
8	25	0.00246581	0.5
8	26	0.0158669	0.5
8	27	0.0191772	0.5
8	28	-0.0292749	0.5
8	29	0.00769498	0.5
8	30	-0.0101296	0.5
8	31	0.0216917	0.5
8	32	0.00283857	0.5
8	33	-0.0211676	0.5
8	34	-0.0155883	0.5
8	35	-0.00413769	0.5
8	36	-0.0252544	0.5
8	37	-0.0138119	0.5
8	38	-0.00499486	0.5
8	39	-0.00350164	0.5
8	40	0.0188147	0.5
8	41	-0.00103156	0.5
8	42	0.00167015	0.5
8	43	0.0071089	0.5
8	44	0.00605971	0.5
8	45	-0.00384333	0.5
8	46	0.0294466	0.5
8	47	0.018157	0.5
8	48	0.00651578	0.5
8	49	-0.00538648	0.5
9	0	0.0113097	0.5
9	1	0.0116841	0.5
9	2	2.783e-05	0.5
9	3	0.00100684	0.5
9	4	-0.0296652	0.5
9	5	-0.0223417	0.5
9	6	-0.00244155	0.5
9	7	-0.0115156	0.5
9	8	0.00933723	0.5
9	9	-0.0156669	0.5
9	10	-0.00127116	0.5
9	11	0.0122207	0.5
9	12	0.0148071	0.5
9	13	0.00282391	0.5
9	14	0.00657668	0.5
9	15	-0.0174609	0.5
9	16	0.0345654	0.5
9	17	0.00146156	0.5
9	18	0.00723798	0.5
9	19	-0.000276452	0.5
9	20	0.0198742	0.5
9	21	-0.0348962	0.5
9	22	-0.0374512	0.5
9	23	-0.0165713	0.5
9	24	0.00893979	0.5
9	25	0.0113253	0.5
9	26	-0.0436675	0.5
9	27	-0.00573583	0.5
9	28	-0.00459254	0.5
9	29	0.033427	0.5
9	30	-0.017803	0.5
9	31	0.00041626	0.5
9	32	-0.00928753	0.5
9	33	0.0231876	0.5
9	34	0.01612	0.5
9	35	0.0162894	0.5
9	36	-0.0154226	0.5
9	37	-0.00560206	0.5
9	38	0.0015488	0.5
9	39	0.0170517	0.5
9	40	-0.0054913	0.5
9	41	0.0329968	0.5
9	42	0.017363	0.5
9	43	-0.0244004	0.5
9	44	0.0038408	0.5
9	45	-0.0053243	0.5
9	46	0.011043	0.5
9	47	-0.0168813	0.5
9	48	0.0146454	0.5
9	49	0.00263851	0.5
10	0	0.00128969	0.5
10	1	0.0244606	0.5
10	2	0.027243	0.5
10	3	-0.00890223	0.5
10	4	-0.00994704	0.5
10	5	-0.00222887	0.5
10	6	-0.0255328	0.5
10	7	0.00198356	0.5
10	8	0.037787	0.5
10	9	-0.0229213	0.5
10	10	0.0131458	0.5
10	11	-0.0226904	0.5
10	12	-0.0223631	0.5
10	13	-0.0358054	0.5
10	14	0.0143381	0.5
10	15	-0.00374947	0.5
10	16	0.0137645	0.5
10	17	-0.0158397	0.5
10	18	0.00412732	0.5
10	19	0.0147267	0.5
10	20	-0.0276815	0.5
10	21	-0.00290131	0.5
10	22	0.0413433	0.5
10	23	0.0233112	0.5
10	24	0.0209264	0.5
10	25	-0.0181031	0.5
10	26	-0.0294971	0.5
10	27	-0.0253851	0.5
10	28	0.000368305	0.5
10	29	-0.0100648	0.5
10	30	-0.010975	0.5
10	31	-0.0388729	0.5
10	32	-0.00931797	0.5
10	33	0.0263484	0.5
10	34	0.0309267	0.5
10	35	0.0265341	0.5
10	36	0.0262828	0.5
10	37	-0.00545005	0.5
10	38	-0.00148149	0.5
10	39	-0.0155067	0.5
10	40	-0.0146758	0.5
10	41	-0.00215397	0.5
10	42	0.0309234	0.5
10	43	-0.00227988	0.5
10	44	-0.0252739	0.5
10	45	0.0300152	0.5
10	46	-0.0124803	0.5
10	47	0.0142331	0.5
10	48	-0.000608705	0.5
10	49	-0.0013896	0.5
11	0	0.0167742	0.5
11	1	0.0167129	0.5
11	2	0.0179344	0.5
11	3	3.66655e-05	0.5
11	4	-0.00660127	0.5
11	5	-0.0307565	0.5
11	6	0.0123348	0.5
11	7	-0.000270687	0.5
11	8	0.0244577	0.5
11	9	-0.00892247	0.5
11	10	-0.0148965	0.5
11	11	0.0112135	0.5
11	12	-0.0367536	0.5
11	13	0.0070295	0.5
11	14	-0.0215056	0.5
11	15	-0.0193748	0.5
11	16	-0.0107479	0.5
11	17	-0.00314621	0.5
11	18	-0.0373557	0.5
11	19	0.013352	0.5
11	20	0.00526536	0.5
11	21	0.0331258	0.5
11	22	0.0345193	0.5
11	23	-0.00291408	0.5
11	24	-0.0207714	0.5
11	25	0.0131667	0.5
11	26	-0.00819802	0.5
11	27	-0.00517667	0.5
11	28	-0.00173395	0.5
11	29	0.0185503	0.5
11	30	0.00133964	0.5
11	31	-0.000974404	0.5
11	32	0.0318532	0.5
11	33	-0.0228226	0.5
11	34	0.0105215	0.5
11	35	-0.010843	0.5
11	36	-0.0317326	0.5
11	37	0.0604477	0.5
11	38	0.00245031	0.5
11	39	0.0297873	0.5
11	40	-0.0117496	0.5
11	41	-0.0134267	0.5
11	42	-0.0169386	0.5
11	43	0.010433	0.5
11	44	-0.011941	0.5
11	45	0.0201626	0.5
11	46	-0.0370948	0.5
11	47	-0.01823	0.5
11	48	-0.00057221	0.5
11	49	0.0139825	0.5
12	0	-0.0224904	0.5
12	1	0.000497418	0.5
12	2	0.0307747	0.5
12	3	-0.025158	0.5
12	4	0.00933656	0.5
12	5	0.0239847	0.5
12	6	0.0144877	0.5
12	7	0.0207399	0.5
12	8	0.00552764	0.5
12	9	0.00129611	0.5
12	10	0.0104206	0.5
12	11	-0.00737792	0.5
12	12	0.0248156	0.5
12	13	-0.0243988	0.5
12	14	-0.0266066	0.5
12	15	0.0175442	0.5
12	16	-0.02547	0.5
12	17	-0.0086258	0.5
12	18	0.00951377	0.5
12	19	-0.0365201	0.5
12	20	-0.00670158	0.5
12	21	-0.0668005	0.5
12	22	-0.0172177	0.5
12	23	-0.00570847	0.5
12	24	-0.0162912	0.5
12	25	0.0191336	0.5
12	26	0.0206568	0.5
12	27	-0.0038779	0.5
12	28	-0.00138917	0.5
12	29	0.026562	0.5
12	30	-0.00235811	0.5
12	31	0.0553226	0.5
12	32	-0.0115824	0.5
12	33	-0.011654	0.5
12	34	0.00286271	0.5
12	35	0.0410277	0.5
12	36	0.0173558	0.5
12	37	-0.00523984	0.5
12	38	-0.0217711	0.5
12	39	0.00649163	0.5
12	40	-0.0280206	0.5
12	41	-0.0146038	0.5
12	42	0.0140002	0.5
12	43	-0.00522251	0.5
12	44	0.0318614	0.5
12	45	0.000663009	0.5
12	46	0.0250195	0.5
12	47	-0.0345327	0.5
12	48	0.000992854	0.5
12	49	-0.00126945	0.5
13	0	-0.0132218	0.5
13	1	-0.029713	0.5
13	2	0.00926528	0.5
13	3	0.00899825	0.5
13	4	0.00249483	0.5
13	5	0.00232956	0.5
13	6	-0.0223794	0.5
13	7	0.00043077	0.5
13	8	0.00498654	0.5
13	9	0.0572831	0.5
13	10	0.0108888	0.5
13	11	-0.016671	0.5
13	12	-0.0118432	0.5
13	13	0.0139759	0.5
13	14	-0.0329715	0.5
13	15	-0.00281615	0.5
13	16	-0.021442	0.5
13	17	-0.0069617	0.5
13	18	-0.00711203	0.5
13	19	-0.0324598	0.5
13	20	-0.0201444	0.5
13	21	0.00126394	0.5
13	22	0.0144844	0.5
13	23	0.00702743	0.5
13	24	0.0207902	0.5
13	25	0.0347152	0.5
13	26	-0.00875077	0.5
13	27	-0.0116119	0.5
13	28	-0.00686202	0.5
13	29	-0.0107392	0.5
13	30	0.0277227	0.5
13	31	-0.00423681	0.5
13	32	0.0225789	0.5
13	33	0.0225824	0.5
13	34	0.00778531	0.5
13	35	-0.0120322	0.5
13	36	-0.0120761	0.5
13	37	0.00706096	0.5
13	38	0.00976486	0.5
13	39	-0.00311022	0.5
13	40	0.0346097	0.5
13	41	0.00500282	0.5
13	42	-0.038708	0.5
13	43	-0.0121822	0.5
13	44	-0.0146072	0.5
13	45	0.00850793	0.5
13	46	-0.0139655	0.5
13	47	0.0266814	0.5
13	48	-0.00521594	0.5
13	49	0.010603	0.5
14	0	0.0140645	0.5
14	1	-0.0193065	0.5
14	2	-0.0102206	0.5
14	3	0.0117453	0.5
14	4	-0.014301	0.5
14	5	-0.0185809	0.5
14	6	-0.0422176	0.5
14	7	-0.0302915	0.5
14	8	0.00527488	0.5
14	9	0.0162147	0.5
14	10	0.0142326	0.5
14	11	0.0326659	0.5
14	12	0.0448364	0.5
14	13	0.0128222	0.5
14	14	0.0134588	0.5
14	15	-0.020444	0.5
14	16	-0.0386098	0.5
14	17	-0.00897884	0.5
14	18	-0.00285468	0.5
14	19	-0.016156	0.5
14	20	0.00183821	0.5
14	21	-0.0236531	0.5
14	22	0.0226168	0.5
14	23	0.0311985	0.5
14	24	0.01504	0.5
14	25	-0.00115051	0.5
14	26	-0.0162485	0.5
14	27	0.0192015	0.5
14	28	-0.0253842	0.5
14	29	-0.0104041	0.5
14	30	-0.0140284	0.5
14	31	0.0204487	0.5
14	32	0.011823	0.5
14	33	0.0284798	0.5
14	34	0.030668	0.5
14	35	-0.0067078	0.5
14	36	0.0222561	0.5
14	37	0.0101754	0.5
14	38	-0.0087468	0.5
14	39	-0.0269272	0.5
14	40	-0.015318	0.5
14	41	-0.00571942	0.5
14	42	0.0256014	0.5
14	43	-0.0228177	0.5
14	44	0.0144259	0.5
14	45	0.00492656	0.5
14	46	-0.0281959	0.5
14	47	0.0263062	0.5
14	48	-0.00790629	0.5
14	49	-0.015152	0.5
15	0	0.0121034	0.5
15	1	0.0127623	0.5
15	2	0.0155961	0.5
15	3	-0.0174339	0.5
15	4	0.00843603	0.5
15	5	0.00349755	0.5
15	6	0.014321	0.5
15	7	-0.003332	0.5
15	8	0.00343568	0.5
15	9	0.00268539	0.5
15	10	0.0289086	0.5
15	11	0.0138764	0.5
15	12	0.00461405	0.5
15	13	-0.0218506	0.5
15	14	0.00707032	0.5
15	15	-0.015636	0.5
15	16	-0.00632367	0.5
15	17	-0.0136824	0.5
15	18	-0.00180952	0.5
15	19	0.00419322	0.5
15	20	-0.00509454	0.5
15	21	-0.0154974	0.5
15	22	-0.0152776	0.5
15	23	-0.00688309	0.5
15	24	-0.0552968	0.5
15	25	-0.0139711	0.5
15	26	0.022437	0.5
15	27	0.00747621	0.5
15	28	-0.0118287	0.5
15	29	0.010331	0.5
15	30	0.0128899	0.5
15	31	-0.0151215	0.5
15	32	-0.00154206	0.5
15	33	0.0189995	0.5
15	34	-0.0110408	0.5
15	35	-0.0392386	0.5
15	36	-0.0161266	0.5
15	37	0.0199054	0.5
15	38	0.00679694	0.5
15	39	0.00457055	0.5
15	40	-0.0110918	0.5
15	41	0.0249133	0.5
15	42	-0.0246601	0.5
15	43	-0.0264429	0.5
15	44	-0.0163819	0.5
15	45	0.0143729	0.5
15	46	0.0113665	0.5
15	47	0.011082	0.5
15	48	0.0320646	0.5
15	49	0.0368577	0.5
16	0	0.00309619	0.5
16	1	0.0031105	0.5
16	2	-0.0106206	0.5
16	3	0.0254291	0.5
16	4	0.00422702	0.5
16	5	-4.37173e-05	0.5
16	6	-0.0100819	0.5
16	7	-0.00654369	0.5
16	8	-0.00699193	0.5
16	9	-0.0112564	0.5
16	10	-0.00438931	0.5
16	11	0.0158017	0.5
16	12	-0.0179047	0.5
16	13	-0.00411193	0.5
16	14	0.00574149	0.5
16	15	-0.00842266	0.5
16	16	0.030122	0.5
16	17	0.00267207	0.5
16	18	0.0297939	0.5
16	19	-0.0135991	0.5
16	20	-0.0107135	0.5
16	21	0.0150436	0.5
16	22	-0.0268339	0.5
16	23	0.0325125	0.5
16	24	-0.0185774	0.5
16	25	-0.0104206	0.5
16	26	-0.0175081	0.5
16	27	0.00867579	0.5
16	28	0.00445406	0.5
16	29	-0.0455459	0.5
16	30	0.00659161	0.5
16	31	0.00432647	0.5
16	32	-0.0370938	0.5
16	33	0.0490879	0.5
16	34	0.00234804	0.5
16	35	0.00911441	0.5
16	36	-0.00100536	0.5
16	37	-0.0144842	0.5
16	38	-0.0392397	0.5
16	39	-0.0127909	0.5
16	40	-0.0244887	0.5
16	41	0.0489964	0.5
16	42	-0.0202531	0.5
16	43	0.0119343	0.5
16	44	0.00341585	0.5
16	45	0.0107628	0.5
16	46	0.041783	0.5
16	47	0.0134298	0.5
16	48	-0.0117315	0.5
16	49	0.00218234	0.5
17	0	-0.00686252	0.5
17	1	0.0275758	0.5
17	2	0.00173435	0.5
17	3	0.00335518	0.5
17	4	0.0052545	0.5
17	5	0.00279823	0.5
17	6	-0.0141294	0.5
17	7	-0.0256152	0.5
17	8	-0.000888851	0.5
17	9	-0.0297714	0.5
17	10	-0.000165887	0.5
17	11	0.00356348	0.5
17	12	-0.0138893	0.5
17	13	-0.00975078	0.5
17	14	-0.0345222	0.5
17	15	0.00753307	0.5
17	16	-0.000977991	0.5
17	17	-0.000502962	0.5
17	18	0.0271544	0.5
17	19	-0.0365459	0.5
17	20	0.0152732	0.5
17	21	0.00614989	0.5
17	22	0.00730237	0.5
17	23	0.0115326	0.5
17	24	0.0226172	0.5
17	25	-0.0243375	0.5
17	26	-0.00992743	0.5
17	27	0.00369734	0.5
17	28	0.0165155	0.5
17	29	-0.0116533	0.5
17	30	0.0134835	0.5
17	31	-0.00653605	0.5
17	32	0.00374742	0.5
17	33	0.0229219	0.5
17	34	-0.0150987	0.5
17	35	-0.0208953	0.5
17	36	-0.0340193	0.5
17	37	-0.0314629	0.5
17	38	0.00274205	0.5
17	39	0.00915568	0.5
17	40	0.00981539	0.5
17	41	0.0255066	0.5
17	42	0.011339	0.5
17	43	0.0132449	0.5
17	44	0.0135796	0.5
17	45	0.023391	0.5
17	46	0.0204396	0.5
17	47	0.00864592	0.5
17	48	-0.00583588	0.5
17	49	-0.00668119	0.5
18	0	0.00368071	0.5
18	1	0.00821296	0.5
18	2	-0.0291079	0.5
18	3	-0.023803	0.5
18	4	0.00438741	0.5
18	5	0.0232929	0.5
18	6	0.0171012	0.5
18	7	0.00745025	0.5
18	8	0.014486	0.5
18	9	0.000281817	0.5
18	10	0.0155117	0.5
18	11	0.0255417	0.5
18	12	-0.010273	0.5
18	13	-0.0115424	0.5
18	14	0.000561116	0.5
18	15	-0.0328773	0.5
18	16	0.00663854	0.5
18	17	0.00347888	0.5
18	18	0.0150656	0.5
18	19	-0.0319224	0.5
18	20	0.0365814	0.5
18	21	-0.0105307	0.5
18	22	0.0234053	0.5
18	23	0.00352038	0.5
18	24	0.0235845	0.5
18	25	-0.00904411	0.5
18	26	0.0193674	0.5
18	27	-0.015301	0.5
18	28	0.0250603	0.5
18	29	-0.0182722	0.5
18	30	-0.0282395	0.5
18	31	0.00913646	0.5
18	32	-0.0138168	0.5
18	33	-0.0104756	0.5
18	34	0.0184182	0.5
18	35	-0.00326609	0.5
18	36	-0.00896321	0.5
18	37	0.0040118	0.5
18	38	0.0138175	0.5
18	39	-0.00209507	0.5
18	40	0.00212614	0.5
18	41	-0.0106171	0.5
18	42	-0.00189613	0.5
18	43	-0.0272658	0.5
18	44	-0.014032	0.5
18	45	0.0012412	0.5
18	46	-0.0262588	0.5
18	47	0.0135591	0.5
18	48	-0.0169006	0.5
18	49	0.0169803	0.5
19	0	-0.0244291	0.5
19	1	-0.0271481	0.5
19	2	0.00148918	0.5
19	3	0.0146832	0.5
19	4	-0.0218499	0.5
19	5	-0.0289264	0.5
19	6	0.0206623	0.5
19	7	-0.00905351	0.5
19	8	-0.0107667	0.5
19	9	-0.0276904	0.5
19	10	-0.0127214	0.5
19	11	-0.0117629	0.5
19	12	0.00691988	0.5
19	13	0.0155038	0.5
19	14	-0.00338398	0.5
19	15	0.032527	0.5
19	16	-0.0148053	0.5
19	17	0.0245414	0.5
19	18	0.00968462	0.5
19	19	-0.0158207	0.5
19	20	-0.00603881	0.5
19	21	-0.0037258	0.5
19	22	-0.0253048	0.5
19	23	0.00995199	0.5
19	24	0.0129751	0.5
19	25	-0.0167516	0.5
19	26	0.00774368	0.5
19	27	0.00054662	0.5
19	28	0.016178	0.5
19	29	0.004579	0.5
19	30	0.0272396	0.5
19	31	0.0126719	0.5
19	32	0.0211243	0.5
19	33	-0.00861105	0.5
19	34	0.015154	0.5
19	35	-0.00481229	0.5
19	36	-0.0293508	0.5
19	37	0.00963018	0.5
19	38	-0.0189776	0.5
19	39	0.0260695	0.5
19	40	-0.00557547	0.5
19	41	-0.0141917	0.5
19	42	-0.00880855	0.5
19	43	0.0152923	0.5
19	44	0.014266	0.5
19	45	0.041124	0.5
19	46	0.0135455	0.5
19	47	-0.0087881	0.5
19	48	-0.0112258	0.5
19	49	-0.00358175	0.5
20	0	0.0168208	0.5
20	1	-0.0226604	0.5
20	2	-0.017883	0.5
20	3	0.00549666	0.5
20	4	0.00353451	0.5
20	5	-0.00604365	0.5
20	6	0.0183674	0.5
20	7	0.0105235	0.5
20	8	0.00795632	0.5
20	9	-0.0108117	0.5
20	10	0.0135318	0.5
20	11	-0.017881	0.5
20	12	-0.0226559	0.5
20	13	-0.0178262	0.5
20	14	-0.00690523	0.5
20	15	-0.0253682	0.5
20	16	0.0200041	0.5
20	17	-0.0109228	0.5
20	18	0.0183371	0.5
20	19	-0.0256332	0.5
20	20	-0.00731942	0.5
20	21	0.011607	0.5
20	22	-0.0030123	0.5
20	23	0.0159201	0.5
20	24	0.0219634	0.5
20	25	0.0240356	0.5
20	26	-0.00394579	0.5
20	27	0.012934	0.5
20	28	-0.0138772	0.5
20	29	-0.0125697	0.5
20	30	0.0235947	0.5
20	31	-0.0330557	0.5
20	32	0.00982478	0.5
20	33	0.0193639	0.5
20	34	0.0314394	0.5
20	35	-0.000373266	0.5
20	36	-0.018101	0.5
20	37	-0.0201933	0.5
20	38	0.0253228	0.5
20	39	-0.0176426	0.5
20	40	0.00910867	0.5
20	41	0.00104893	0.5
20	42	0.0413418	0.5
20	43	-0.00394189	0.5
20	44	-0.00717901	0.5
20	45	-0.00872468	0.5
20	46	0.00358621	0.5
20	47	-0.0300128	0.5
20	48	-0.0215001	0.5
20	49	0.0203767	0.5
21	0	-9.69665e-05	0.5
21	1	-0.0219616	0.5
21	2	-0.0311227	0.5
21	3	0.0174293	0.5
21	4	0.00305057	0.5
21	5	0.00201962	0.5
21	6	-0.0158201	0.5
21	7	0.0268472	0.5
21	8	-0.00923871	0.5
21	9	-0.0260779	0.5
21	10	0.0184503	0.5
21	11	-0.00540458	0.5
21	12	-0.00796087	0.5
21	13	-0.0090009	0.5
21	14	-0.0247224	0.5
21	15	0.00409213	0.5
21	16	0.0435099	0.5
21	17	-0.0187459	0.5
21	18	0.00734244	0.5
21	19	0.00715738	0.5
21	20	0.0340989	0.5
21	21	0.000534057	0.5
21	22	0.00951402	0.5
21	23	-0.0257584	0.5
21	24	0.0200663	0.5
21	25	-0.0176723	0.5
21	26	-0.0133993	0.5
21	27	0.0212397	0.5
21	28	-0.0521976	0.5
21	29	0.0171689	0.5
21	30	0.0156603	0.5
21	31	-0.00395289	0.5
21	32	0.0174858	0.5
21	33	-0.0164611	0.5
21	34	-0.00184328	0.5
21	35	-0.0294743	0.5
21	36	0.0245422	0.5
21	37	-0.0249317	0.5
21	38	0.0111464	0.5
21	39	-0.00134072	0.5
21	40	-0.043905	0.5
21	41	0.0186218	0.5
21	42	0.0250899	0.5
21	43	0.00185093	0.5
21	44	0.00671005	0.5
21	45	0.0124873	0.5
21	46	0.0155744	0.5
21	47	0.0211317	0.5
21	48	-0.00493746	0.5
21	49	0.003205	0.5
22	0	0.0105943	0.5
22	1	0.000799753	0.5
22	2	0.00653093	0.5
22	3	0.0293244	0.5
22	4	0.00508851	0.5
22	5	0.0180684	0.5
22	6	-0.00208787	0.5
22	7	0.0265094	0.5
22	8	0.017145	0.5
22	9	-0.00971852	0.5
22	10	-0.0109619	0.5
22	11	0.020445	0.5
22	12	0.0261031	0.5
22	13	0.0211826	0.5
22	14	0.0113937	0.5
22	15	-0.00246572	0.5
22	16	-0.0196231	0.5
22	17	-0.022821	0.5
22	18	-0.00167315	0.5
22	19	0.00897128	0.5
22	20	-0.0202989	0.5
22	21	0.024988	0.5
22	22	-0.0063064	0.5
22	23	-0.0310649	0.5
22	24	0.030799	0.5
22	25	-0.00395379	0.5
22	26	0.0156262	0.5
22	27	-0.000324166	0.5
22	28	-0.0237276	0.5
22	29	0.0195195	0.5
22	30	-0.0182798	0.5
22	31	0.00564319	0.5
22	32	0.00174833	0.5
22	33	0.0147751	0.5
22	34	-0.0302512	0.5
22	35	-0.00742179	0.5
22	36	0.0114216	0.5
22	37	-0.00258207	0.5
22	38	-0.0337355	0.5
22	39	-0.00907154	0.5
22	40	-0.0257213	0.5
22	41	-0.00945264	0.5
22	42	-0.0060725	0.5
22	43	0.018542	0.5
22	44	-0.0427909	0.5
22	45	0.00948044	0.5
22	46	-0.0097027	0.5
22	47	-0.0318343	0.5
22	48	0.00426359	0.5
22	49	0.0229798	0.5
23	0	0.00925488	0.5
23	1	-0.00724631	0.5
23	2	-0.00196147	0.5
23	3	-0.032384	0.5
23	4	0.0169153	0.5
23	5	-0.0283405	0.5
23	6	0.000491468	0.5
23	7	-0.0239449	0.5
23	8	0.00337646	0.5
23	9	0.0262961	0.5
23	10	-0.0131179	0.5
23	11	-0.00635221	0.5
23	12	-0.0148747	0.5
23	13	-0.00205195	0.5
23	14	0.021722	0.5
23	15	-0.00800263	0.5
23	16	0.00112396	0.5
23	17	-0.00357496	0.5
23	18	0.0459394	0.5
23	19	0.0412393	0.5
23	20	0.00637656	0.5
23	21	-0.000881791	0.5
23	22	-0.0216545	0.5
23	23	0.016701	0.5
23	24	0.0274429	0.5
23	25	0.00238567	0.5
23	26	0.00876048	0.5
23	27	-0.00108425	0.5
23	28	-0.0120445	0.5
23	29	0.024549	0.5
23	30	-0.0246976	0.5
23	31	-0.0108244	0.5
23	32	-0.00303254	0.5
23	33	0.00880972	0.5
23	34	-0.0022689	0.5
23	35	0.0375625	0.5
23	36	-0.000317252	0.5
23	37	-0.0155168	0.5
23	38	-0.0172403	0.5
23	39	-0.0240026	0.5
23	40	-0.0455227	0.5
23	41	0.00128801	0.5
23	42	-0.0243179	0.5
23	43	0.00220068	0.5
23	44	-0.026682	0.5
23	45	0.0286514	0.5
23	46	0.037597	0.5
23	47	-0.00941569	0.5
23	48	0.00648328	0.5
23	49	0.00618816	0.5
24	0	0.0168122	0.5
24	1	-0.0188703	0.5
24	2	0.0033778	0.5
24	3	0.00453728	0.5
24	4	-0.00860358	0.5
24	5	-0.00398526	0.5
24	6	0.013985	0.5
24	7	-0.00077175	0.5
24	8	0.0130476	0.5
24	9	-0.0297659	0.5
24	10	-0.0294191	0.5
24	11	0.0339514	0.5
24	12	-0.00735473	0.5
24	13	-0.00600816	0.5
24	14	0.00477858	0.5
24	15	0.0186696	0.5
24	16	-0.0355283	0.5
24	17	-0.000471736	0.5
24	18	-0.0222273	0.5
24	19	-0.000252987	0.5
24	20	0.0159769	0.5
24	21	-0.0323523	0.5
24	22	-0.0499217	0.5
24	23	0.0056835	0.5
24	24	0.0156302	0.5
24	25	-0.0114298	0.5
24	26	-0.0106092	0.5
24	27	0.0077028	0.5
24	28	0.0243784	0.5
24	29	-0.00185947	0.5
24	30	-0.00222696	0.5
24	31	-0.0196217	0.5
24	32	0.0319854	0.5
24	33	0.0173842	0.5
24	34	-0.0142884	0.5
24	35	0.0211636	0.5
24	36	-0.00277668	0.5
24	37	0.0052163	0.5
24	38	0.00979907	0.5
24	39	0.000161363	0.5
24	40	0.00217499	0.5
24	41	0.0212041	0.5
24	42	-0.0371617	0.5
24	43	-0.0134058	0.5
24	44	-0.00587528	0.5
24	45	0.0287074	0.5
24	46	0.0206913	0.5
24	47	0.00528904	0.5
24	48	0.0365802	0.5
24	49	-0.0141004	0.5
25	0	-0.0059906	0.5
25	1	0.0169422	0.5
25	2	0.000702453	0.5
25	3	-0.005626	0.5
25	4	-0.0391214	0.5
25	5	0.00131845	0.5
25	6	-0.0173707	0.5
25	7	-0.000210467	0.5
25	8	-0.0144509	0.5
25	9	0.0245849	0.5
25	10	-0.0102046	0.5
25	11	0.0275912	0.5
25	12	-0.00844082	0.5
25	13	-0.0092211	0.5
25	14	0.0162625	0.5
25	15	-0.00563531	0.5
25	16	-0.00445691	0.5
25	17	-0.0136046	0.5
25	18	-0.00932378	0.5
25	19	0.00302584	0.5
25	20	0.0143527	0.5
25	21	0.00792076	0.5
25	22	-0.044887	0.5
25	23	0.00111508	0.5
25	24	0.0249815	0.5
25	25	-0.0332124	0.5
25	26	0.00339509	0.5
25	27	-0.0144598	0.5
25	28	-0.0214942	0.5
25	29	0.0271492	0.5
25	30	0.018004	0.5
25	31	-0.035719	0.5
25	32	0.0201111	0.5
25	33	0.0148584	0.5
25	34	0.0191432	0.5
25	35	-0.00761152	0.5
25	36	0.00946324	0.5
25	37	0.0155472	0.5
25	38	0.00852134	0.5
25	39	0.0192684	0.5
25	40	0.0123739	0.5
25	41	-0.0188305	0.5
25	42	0.0141274	0.5
25	43	0.0276979	0.5
25	44	-0.0177523	0.5
25	45	0.00261531	0.5
25	46	0.0402692	0.5
25	47	-0.00336097	0.5
25	48	-0.01805	0.5
25	49	-0.0323079	0.5
26	0	-0.0257077	0.5
26	1	0.0216642	0.5
26	2	-0.00756833	0.5
26	3	-0.0230563	0.5
26	4	-0.000536068	0.5
26	5	-0.0137032	0.5
26	6	-0.0136397	0.5
26	7	0.0130693	0.5
26	8	-0.00985088	0.5
26	9	-0.0165625	0.5
26	10	0.0310296	0.5
26	11	0.0379005	0.5
26	12	-0.0102663	0.5
26	13	-0.029598	0.5
26	14	0.0112029	0.5
26	15	-0.0407354	0.5
26	16	-0.00875997	0.5
26	17	0.0435376	0.5
26	18	-0.00121578	0.5
26	19	0.0215714	0.5
26	20	-0.000855133	0.5
26	21	0.0244806	0.5
26	22	-0.00996594	0.5
26	23	0.00982715	0.5
26	24	0.0107168	0.5
26	25	0.0481842	0.5
26	26	-0.0259958	0.5
26	27	-0.00501932	0.5
26	28	-0.0162688	0.5
26	29	0.0421875	0.5
26	30	0.0223684	0.5
26	31	0.00225308	0.5
26	32	-0.00153268	0.5
26	33	0.00392721	0.5
26	34	-0.0290753	0.5
26	35	-0.0053477	0.5
26	36	0.00340286	0.5
26	37	-0.00284633	0.5
26	38	-0.0168552	0.5
26	39	-0.0197197	0.5
26	40	-0.0336262	0.5
26	41	0.0259424	0.5
26	42	0.049027	0.5
26	43	0.010912	0.5
26	44	0.00988951	0.5
26	45	-0.0112744	0.5
26	46	-0.0376513	0.5
26	47	-0.00692761	0.5
26	48	-0.0266181	0.5
26	49	0.00768542	0.5
27	0	0.00914467	0.5
27	1	0.0278646	0.5
27	2	-0.0105837	0.5
27	3	-0.00709923	0.5
27	4	0.0129872	0.5
27	5	0.00136342	0.5
27	6	0.0395486	0.5
27	7	-0.00598043	0.5
27	8	0.00578837	0.5
27	9	-0.00959776	0.5
27	10	0.0149499	0.5
27	11	0.00595044	0.5
27	12	0.00302512	0.5
27	13	0.00222419	0.5
27	14	0.00650125	0.5
27	15	-0.0103794	0.5
27	16	0.0177457	0.5
27	17	-0.000573014	0.5
27	18	-0.0146804	0.5
27	19	0.0205672	0.5
27	20	-0.028724	0.5
27	21	0.00288605	0.5
27	22	0.00621848	0.5
27	23	0.0494177	0.5
27	24	-0.0242794	0.5
27	25	-0.0104919	0.5
27	26	0.0151161	0.5
27	27	0.00718943	0.5
27	28	-0.0139138	0.5
27	29	0.0185093	0.5
27	30	0.0126969	0.5
27	31	-0.0140572	0.5
27	32	0.00234229	0.5
27	33	-0.0450954	0.5
27	34	-0.0149293	0.5
27	35	-0.00363197	0.5
27	36	-0.0144256	0.5
27	37	0.0170483	0.5
27	38	0.000961695	0.5
27	39	-0.02997	0.5
27	40	0.00311762	0.5
27	41	-0.0455003	0.5
27	42	0.00639397	0.5
27	43	-0.0162225	0.5
27	44	0.0223243	0.5
27	45	-0.0202865	0.5
27	46	-0.0170959	0.5
27	47	0.00333235	0.5
27	48	-0.00474704	0.5
27	49	0.0270496	0.5
28	0	-0.0170696	0.5
28	1	0.013268	0.5
28	2	0.0266862	0.5
28	3	0.0205861	0.5
28	4	0.0372606	0.5
28	5	-0.0062287	0.5
28	6	-0.00282479	0.5
28	7	0.00910728	0.5
28	8	-0.0137997	0.5
28	9	-0.0270188	0.5
28	10	-0.0350661	0.5
28	11	0.0220605	0.5
28	12	-0.0114736	0.5
28	13	0.00078887	0.5
28	14	-0.0274665	0.5
28	15	-0.0240285	0.5
28	16	0.0151563	0.5
28	17	0.00555912	0.5
28	18	-0.0129259	0.5
28	19	0.00246304	0.5
28	20	0.022251	0.5
28	21	0.0309416	0.5
28	22	-0.021735	0.5
28	23	0.0166108	0.5
28	24	0.0105377	0.5
28	25	-0.0146154	0.5
28	26	0.0037419	0.5
28	27	-0.0397046	0.5
28	28	-0.00832344	0.5
28	29	-0.0210167	0.5
28	30	0.00884191	0.5
28	31	-0.0148483	0.5
28	32	0.037953	0.5
28	33	-0.00869741	0.5
28	34	0.0218668	0.5
28	35	0.0232565	0.5
28	36	0.00559228	0.5
28	37	-0.00673303	0.5
28	38	0.00303156	0.5
28	39	0.0353116	0.5
28	40	-0.00383144	0.5
28	41	-0.00552719	0.5
28	42	0.0222737	0.5
28	43	0.00214739	0.5
28	44	-0.00658399	0.5
28	45	-0.0219659	0.5
28	46	0.0089833	0.5
28	47	0.0363142	0.5
28	48	-0.0823624	0.5
28	49	-0.00874444	0.5
29	0	0.00221805	0.5
29	1	-0.0309109	0.5
29	2	0.00416125	0.5
29	3	-0.000376903	0.5
29	4	-0.00585044	0.5
29	5	0.0163481	0.5
29	6	0.0108292	0.5
29	7	0.00211703	0.5
29	8	0.0320225	0.5
29	9	-0.00335459	0.5
29	10	0.0194205	0.5
29	11	0.0357879	0.5
29	12	-0.0407043	0.5
29	13	-0.00213899	0.5
29	14	0.0131908	0.5
29	15	0.00326023	0.5
29	16	0.00146023	0.5
29	17	0.0115132	0.5
29	18	-0.00188593	0.5
29	19	0.00910938	0.5
29	20	-0.0134555	0.5
29	21	0.00651642	0.5
29	22	-0.0119549	0.5
29	23	0.0480825	0.5
29	24	-0.00689282	0.5
29	25	-0.00484808	0.5
29	26	0.0241714	0.5
29	27	-0.0106647	0.5
29	28	-0.0114591	0.5
29	29	-0.0245242	0.5
29	30	-0.0212262	0.5
29	31	0.000557167	0.5
29	32	-0.0220994	0.5
29	33	-0.00969434	0.5
29	34	-0.0243206	0.5
29	35	0.0336322	0.5
29	36	0.0192381	0.5
29	37	-0.0233025	0.5
29	38	-0.0154761	0.5
29	39	0.0104022	0.5
29	40	0.00394587	0.5
29	41	-0.0156875	0.5
29	42	-0.00946528	0.5
29	43	-0.00735368	0.5
29	44	0.00912686	0.5
29	45	-0.0225068	0.5
29	46	0.0100352	0.5
29	47	-0.00912635	0.5
29	48	0.0027028	0.5
29	49	0.019431	0.5
30	0	0.00516363	0.5
30	1	0.0244869	0.5
30	2	0.0046923	0.5
30	3	0.00345378	0.5
30	4	-0.00743492	0.5
30	5	-0.000971237	0.5
30	6	0.0177287	0.5
30	7	-0.012297	0.5
30	8	-0.0151331	0.5
30	9	-0.0265857	0.5
30	10	-0.008112	0.5
30	11	-0.0117644	0.5
30	12	0.00442237	0.5
30	13	0.0226448	0.5
30	14	0.0134121	0.5
30	15	0.0346536	0.5
30	16	0.0332315	0.5
30	17	0.00338499	0.5
30	18	0.0308545	0.5
30	19	-0.02265	0.5
30	20	0.0150077	0.5
30	21	-0.0197336	0.5
30	22	-0.00433943	0.5
30	23	-0.00933007	0.5
30	24	-0.0290211	0.5
30	25	-0.00389184	0.5
30	26	0.0240788	0.5
30	27	0.0297879	0.5
30	28	-0.0227368	0.5
30	29	-0.00338335	0.5
30	30	0.0337278	0.5
30	31	-0.0141412	0.5
30	32	-0.0402277	0.5
30	33	0.00652011	0.5
30	34	-0.036756	0.5
30	35	0.00248287	0.5
30	36	0.0149403	0.5
30	37	-0.0260547	0.5
30	38	-0.0273376	0.5
30	39	-0.00473596	0.5
30	40	0.0199523	0.5
30	41	-0.00766525	0.5
30	42	-0.00131922	0.5
30	43	-0.0164689	0.5
30	44	0.0500192	0.5
30	45	0.0139203	0.5
30	46	0.00446035	0.5
30	47	-0.00461135	0.5
30	48	-0.034202	0.5
30	49	-0.00212229	0.5
31	0	0.000464195	0.5
31	1	0.0124672	0.5
31	2	-0.00594741	0.5
31	3	0.0271799	0.5
31	4	-0.0342449	0.5
31	5	0.0126418	0.5
31	6	0.0212247	0.5
31	7	0.0165538	0.5
31	8	0.031125	0.5
31	9	-0.00649943	0.5
31	10	0.0093072	0.5
31	11	-0.00377061	0.5
31	12	-0.0118265	0.5
31	13	0.00831203	0.5
31	14	0.0159067	0.5
31	15	0.0211079	0.5
31	16	0.00182346	0.5
31	17	0.0261981	0.5
31	18	-0.0370905	0.5
31	19	-0.00868296	0.5
31	20	0.0201496	0.5
31	21	-0.0114408	0.5
31	22	-0.0272734	0.5
31	23	0.0128994	0.5
31	24	0.0240473	0.5
31	25	0.00906502	0.5
31	26	-0.000830262	0.5
31	27	0.0079884	0.5
31	28	0.0117647	0.5
31	29	-0.00762013	0.5
31	30	0.00990204	0.5
31	31	0.00443835	0.5
31	32	0.0172735	0.5
31	33	-0.0130723	0.5
31	34	-0.0180882	0.5
31	35	-0.00881462	0.5
31	36	-0.00112601	0.5
31	37	-0.00594664	0.5
31	38	-0.0117676	0.5
31	39	0.0114025	0.5
31	40	-0.0261866	0.5
31	41	-0.0205782	0.5
31	42	0.0139508	0.5
31	43	0.00489666	0.5
31	44	0.00262459	0.5
31	45	-0.0302439	0.5
31	46	-0.0284469	0.5
31	47	-0.0267262	0.5
31	48	-0.0077545	0.5
31	49	-0.00073651	0.5
32	0	-0.0338764	0.5
32	1	0.00198399	0.5
32	2	-0.00605013	0.5
32	3	0.0200669	0.5
32	4	-0.0151195	0.5
32	5	0.0195875	0.5
32	6	-0.0231347	0.5
32	7	-0.0470187	0.5
32	8	-0.000383698	0.5
32	9	0.00286193	0.5
32	10	0.00495403	0.5
32	11	-0.000652432	0.5
32	12	0.00642027	0.5
32	13	-0.006334	0.5
32	14	-0.0145209	0.5
32	15	0.0150804	0.5
32	16	0.0371169	0.5
32	17	0.00319839	0.5
32	18	-0.0326061	0.5
32	19	0.017862	0.5
32	20	0.0136509	0.5
32	21	0.00566755	0.5
32	22	-0.0101349	0.5
32	23	0.0236903	0.5
32	24	0.0213124	0.5
32	25	-0.0146676	0.5
32	26	0.0197359	0.5
32	27	0.0179126	0.5
32	28	-0.0191786	0.5
32	29	-0.0094949	0.5
32	30	0.0130508	0.5
32	31	0.0120006	0.5
32	32	0.0109181	0.5
32	33	0.0119128	0.5
32	34	0.0154971	0.5
32	35	-0.0166856	0.5
32	36	0.00116517	0.5
32	37	-0.0135417	0.5
32	38	-0.00244337	0.5
32	39	0.0106337	0.5
32	40	0.000509413	0.5
32	41	0.0237307	0.5
32	42	0.00561042	0.5
32	43	-0.0118597	0.5
32	44	-0.0175293	0.5
32	45	-0.0218027	0.5
32	46	-0.01298	0.5
32	47	0.0200189	0.5
32	48	0.00390109	0.5
32	49	-0.0300358	0.5
33	0	0.0157508	0.5
33	1	-0.0136569	0.5
33	2	-0.0137583	0.5
33	3	0.00443612	0.5
33	4	0.00296033	0.5
33	5	-0.0087432	0.5
33	6	0.013583	0.5
33	7	0.0168975	0.5
33	8	-0.0252915	0.5
33	9	-0.025404	0.5
33	10	0.0506749	0.5
33	11	0.0238508	0.5
33	12	-0.0116226	0.5
33	13	-0.0168683	0.5
33	14	-0.0284777	0.5
33	15	-0.0404412	0.5
33	16	0.0473654	0.5
33	17	0.0291414	0.5
33	18	0.0143371	0.5
33	19	-0.0259391	0.5
33	20	0.0139755	0.5
33	21	-0.00413669	0.5
33	22	-0.0162167	0.5
33	23	0.0267431	0.5
33	24	0.01728	0.5
33	25	0.00265106	0.5
33	26	0.0261253	0.5
33	27	0.00338765	0.5
33	28	-0.0239929	0.5
33	29	0.000222352	0.5
33	30	0.0254024	0.5
33	31	-0.0238268	0.5
33	32	-0.00312454	0.5
33	33	-0.0138646	0.5
33	34	-0.0227309	0.5
33	35	0.0381543	0.5
33	36	0.0261121	0.5
33	37	0.000531084	0.5
33	38	-0.0142267	0.5
33	39	0.0324702	0.5
33	40	-0.0774868	0.5
33	41	-0.0057359	0.5
33	42	-0.00951456	0.5
33	43	-0.0192237	0.5
33	44	0.0243155	0.5
33	45	0.00700443	0.5
33	46	-0.0186984	0.5
33	47	0.0142444	0.5
33	48	-0.0185896	0.5
33	49	0.00395497	0.5
34	0	0.0111034	0.5
34	1	-0.00768609	0.5
34	2	0.0386388	0.5
34	3	0.00165441	0.5
34	4	-0.016892	0.5
34	5	0.00932518	0.5
34	6	-0.000106123	0.5
34	7	0.0167277	0.5
34	8	-0.00856926	0.5
34	9	-0.0214755	0.5
34	10	0.00488334	0.5
34	11	-0.00403025	0.5
34	12	-0.0384909	0.5
34	13	0.0258853	0.5
34	14	-0.00687304	0.5
34	15	-0.00283903	0.5
34	16	0.042755	0.5
34	17	0.0143986	0.5
34	18	0.0397301	0.5
34	19	0.015361	0.5
34	20	-0.00644118	0.5
34	21	0.00867638	0.5
34	22	-0.0048117	0.5
34	23	-0.00259751	0.5
34	24	-0.00164247	0.5
34	25	0.00863339	0.5
34	26	0.0259016	0.5
34	27	-0.00865695	0.5
34	28	0.00918595	0.5
34	29	-0.00121132	0.5
34	30	0.0453595	0.5
34	31	0.0120495	0.5
34	32	-0.0323797	0.5
34	33	0.00303633	0.5
34	34	-0.0186678	0.5
34	35	-0.0251039	0.5
34	36	0.0113848	0.5
34	37	-0.00431144	0.5
34	38	-0.0020924	0.5
34	39	0.0102358	0.5
34	40	-0.0456946	0.5
34	41	0.0135215	0.5
34	42	0.00874695	0.5
34	43	-0.0462614	0.5
34	44	-0.00979425	0.5
34	45	-0.0332907	0.5
34	46	-0.0173415	0.5
34	47	-0.0115411	0.5
34	48	0.0174375	0.5
34	49	-0.0158299	0.5
35	0	0.00644589	0.5
35	1	0.02357	0.5
35	2	0.0320701	0.5
35	3	-0.00778112	0.5
35	4	-0.014159	0.5
35	5	0.00864551	0.5
35	6	0.0451825	0.5
35	7	-0.00610525	0.5
35	8	0.00456027	0.5
35	9	-0.035291	0.5
35	10	0.00689594	0.5
35	11	0.023219	0.5
35	12	0.0222365	0.5
35	13	-0.0228279	0.5
35	14	0.0434688	0.5
35	15	0.00623304	0.5
35	16	-0.0144631	0.5
35	17	0.0163827	0.5
35	18	0.00188851	0.5
35	19	-0.0275752	0.5
35	20	0.000750091	0.5
35	21	-0.0154115	0.5
35	22	-0.00918889	0.5
35	23	-0.0149299	0.5
35	24	0.0108118	0.5
35	25	-0.00458753	0.5
35	26	-0.033215	0.5
35	27	0.00310883	0.5
35	28	0.00700353	0.5
35	29	-0.00794854	0.5
35	30	-0.0354988	0.5
35	31	-0.0132046	0.5
35	32	0.0253082	0.5
35	33	-0.0229572	0.5
35	34	0.00748056	0.5
35	35	0.0102975	0.5
35	36	-0.015862	0.5
35	37	0.00647587	0.5
35	38	-0.00460486	0.5
35	39	-0.00142537	0.5
35	40	0.0110053	0.5
35	41	0.007182	0.5
35	42	-0.0258567	0.5
35	43	-0.00954908	0.5
35	44	-0.0320838	0.5
35	45	0.0014454	0.5
35	46	0.0292738	0.5
35	47	0.00458081	0.5
35	48	0.00128441	0.5
35	49	0.0077195	0.5
36	0	-0.0129088	0.5
36	1	-0.0184965	0.5
36	2	0.0160533	0.5
36	3	-0.0108219	0.5
36	4	0.0109564	0.5
36	5	-0.0219158	0.5
36	6	-0.0236168	0.5
36	7	-0.00194478	0.5
36	8	-0.00319424	0.5
36	9	0.000500645	0.5
36	10	-0.0131183	0.5
36	11	-0.0124069	0.5
36	12	0.0283046	0.5
36	13	0.0161538	0.5
36	14	0.0201375	0.5
36	15	-0.0245752	0.5
36	16	0.0034409	0.5
36	17	-0.0149292	0.5
36	18	-0.00734643	0.5
36	19	-0.00932589	0.5
36	20	0.0443465	0.5
36	21	0.00519466	0.5
36	22	0.0280204	0.5
36	23	0.0145978	0.5
36	24	-0.0100288	0.5
36	25	-0.000943971	0.5
36	26	0.0224936	0.5
36	27	0.0117115	0.5
36	28	0.0174441	0.5
36	29	-0.0343356	0.5
36	30	-0.0360976	0.5
36	31	0.00648382	0.5
36	32	-0.0177806	0.5
36	33	0.0102832	0.5
36	34	0.0358172	0.5
36	35	-0.0152892	0.5
36	36	-0.02145	0.5
36	37	-0.0113867	0.5
36	38	0.00636008	0.5
36	39	0.0177395	0.5
36	40	-0.00160535	0.5
36	41	0.00636296	0.5
36	42	-0.0161697	0.5
36	43	0.0375743	0.5
36	44	-0.0353615	0.5
36	45	-0.00554733	0.5
36	46	-0.0214096	0.5
36	47	0.0182861	0.5
36	48	-0.0100548	0.5
36	49	0.0337988	0.5
37	0	0.00270225	0.5
37	1	-0.0041097	0.5
37	2	-0.012348	0.5
37	3	-0.0124095	0.5
37	4	-0.0214018	0.5
37	5	0.00462998	0.5
37	6	-0.0243863	0.5
37	7	0.0144692	0.5
37	8	0.0287767	0.5
37	9	-0.0225409	0.5
37	10	0.0110495	0.5
37	11	0.0197141	0.5
37	12	0.00943718	0.5
37	13	0.00133354	0.5
37	14	-0.00647002	0.5
37	15	-0.00254587	0.5
37	16	-0.0212866	0.5
37	17	0.0276611	0.5
37	18	-0.002333	0.5
37	19	0.0174948	0.5
37	20	-0.0010393	0.5
37	21	-0.0160008	0.5
37	22	-0.0249902	0.5
37	23	0.0541745	0.5
37	24	-0.0123932	0.5
37	25	-0.0255402	0.5
37	26	0.00593354	0.5
37	27	0.00120968	0.5
37	28	0.00397879	0.5
37	29	0.00887924	0.5
37	30	-0.0122389	0.5
37	31	-0.0252646	0.5
37	32	-0.00840115	0.5
37	33	-0.0151181	0.5
37	34	0.042857	0.5
37	35	0.010771	0.5
37	36	0.0245221	0.5
37	37	0.0105258	0.5
37	38	-0.0393564	0.5
37	39	0.021365	0.5
37	40	-0.00130648	0.5
37	41	0.0165298	0.5
37	42	-0.00989506	0.5
37	43	0.00386889	0.5
37	44	-0.0222685	0.5
37	45	0.00983346	0.5
37	46	0.0227035	0.5
37	47	-0.0253754	0.5
37	48	-0.0194549	0.5
37	49	0.0140539	0.5
38	0	-0.0757267	0.5
38	1	0.0209854	0.5
38	2	0.0343723	0.5
38	3	0.0516387	0.5
38	4	0.000159119	0.5
38	5	0.0241067	0.5
38	6	0.010426	0.5
38	7	-0.0298046	0.5
38	8	0.0135598	0.5
38	9	0.0113503	0.5
38	10	0.0105864	0.5
38	11	0.00206121	0.5
38	12	0.0248917	0.5
38	13	-0.0159928	0.5
38	14	-0.013862	0.5
38	15	-0.0292152	0.5
38	16	0.0249631	0.5
38	17	-0.00773726	0.5
38	18	0.00438091	0.5
38	19	-0.000889611	0.5
38	20	-0.0288585	0.5
38	21	-0.0298123	0.5
38	22	0.00351529	0.5
38	23	0.0281106	0.5
38	24	-0.038388	0.5
38	25	-0.0127774	0.5
38	26	-0.0368365	0.5
38	27	-0.0342331	0.5
38	28	0.0242619	0.5
38	29	0.0168791	0.5
38	30	0.010267	0.5
38	31	-0.0176033	0.5
38	32	-0.0116872	0.5
38	33	-0.00376342	0.5
38	34	0.0238649	0.5
38	35	0.00956873	0.5
38	36	-0.0114466	0.5
38	37	0.0230352	0.5
38	38	0.0289991	0.5
38	39	0.00260794	0.5
38	40	0.0190758	0.5
38	41	-0.000425812	0.5
38	42	-0.00110844	0.5
38	43	0.0253308	0.5
38	44	-0.0174041	0.5
38	45	-0.0484338	0.5
38	46	-0.00170003	0.5
38	47	-0.00150146	0.5
38	48	0.0230817	0.5
38	49	-0.00287146	0.5
39	0	-0.0312924	0.5
39	1	-0.008804	0.5
39	2	-0.023577	0.5
39	3	-0.00722351	0.5
39	4	0.00913165	0.5
39	5	-0.00205859	0.5
39	6	-0.0115018	0.5
39	7	0.0631033	0.5
39	8	0.0035242	0.5
39	9	-0.0197515	0.5
39	10	0.0028571	0.5
39	11	0.000721704	0.5
39	12	-0.00557433	0.5
39	13	-0.0178645	0.5
39	14	0.00295369	0.5
39	15	0.031675	0.5
39	16	-0.0313674	0.5
39	17	0.024377	0.5
39	18	-0.0353683	0.5
39	19	0.0330578	0.5
39	20	0.00317105	0.5
39	21	-0.0231595	0.5
39	22	0.0229224	0.5
39	23	-0.0193473	0.5
39	24	0.023266	0.5
39	25	-0.00407416	0.5
39	26	0.0243681	0.5
39	27	-0.0184267	0.5
39	28	-0.0168614	0.5
39	29	0.0187717	0.5
39	30	-0.0117803	0.5
39	31	0.0141432	0.5
39	32	0.00543386	0.5
39	33	0.0355804	0.5
39	34	0.0275016	0.5
39	35	-0.0122096	0.5
39	36	0.0395843	0.5
39	37	-0.0254998	0.5
39	38	0.00278867	0.5
39	39	0.0118652	0.5
39	40	-0.00916593	0.5
39	41	0.0257853	0.5
39	42	0.00780955	0.5
39	43	0.00109531	0.5
39	44	-0.0139699	0.5
39	45	0.0044317	0.5
39	46	-0.0243918	0.5
39	47	-0.0184589	0.5
39	48	-0.0157777	0.5
39	49	-0.0324137	0.5
40	0	-0.000153286	0.5
40	1	-0.00774037	0.5
40	2	0.00489116	0.5
40	3	0.0228898	0.5
40	4	-0.00688463	0.5
40	5	0.00616938	0.5
40	6	0.00415987	0.5
40	7	-0.00533817	0.5
40	8	0.0198208	0.5
40	9	0.0315853	0.5
40	10	-0.0258305	0.5
40	11	0.00345914	0.5
40	12	-0.0298408	0.5
40	13	-0.00977076	0.5
40	14	0.00600309	0.5
40	15	-0.0342645	0.5
40	16	0.0125436	0.5
40	17	-0.000956653	0.5
40	18	-0.00969417	0.5
40	19	0.0451873	0.5
40	20	0.00275635	0.5
40	21	-0.00992646	0.5
40	22	-0.0262908	0.5
40	23	0.0306592	0.5
40	24	0.0276212	0.5
40	25	0.0325613	0.5
40	26	0.0214428	0.5
40	27	-0.0340024	0.5
40	28	-0.00660116	0.5
40	29	-0.00279441	0.5
40	30	-0.00537332	0.5
40	31	-0.00389625	0.5
40	32	0.00975666	0.5
40	33	-0.0238631	0.5
40	34	0.00294442	0.5
40	35	-0.00692932	0.5
40	36	-0.0313321	0.5
40	37	-0.0102265	0.5
40	38	0.0471469	0.5
40	39	0.00913688	0.5
40	40	0.00991721	0.5
40	41	-0.0284038	0.5
40	42	0.0154637	0.5
40	43	-0.0245055	0.5
40	44	0.00796259	0.5
40	45	-0.00555506	0.5
40	46	0.000989563	0.5
40	47	-0.0258522	0.5
40	48	0.00630791	0.5
40	49	-0.00535002	0.5
41	0	0.0174083	0.5
41	1	-0.0225225	0.5
41	2	0.00753216	0.5
41	3	6.99086e-05	0.5
41	4	-0.0242718	0.5
41	5	0.0249247	0.5
41	6	0.0124289	0.5
41	7	-0.0333676	0.5
41	8	0.0328945	0.5
41	9	0.0130426	0.5
41	10	0.00527704	0.5
41	11	0.00204859	0.5
41	12	0.0220336	0.5
41	13	-0.0218503	0.5
41	14	-0.000971008	0.5
41	15	-0.00823032	0.5
41	16	0.0129069	0.5
41	17	-0.0275033	0.5
41	18	-0.0259109	0.5
41	19	0.00556594	0.5
41	20	0.00512828	0.5
41	21	-0.0329198	0.5
41	22	0.00622072	0.5
41	23	-0.024575	0.5
41	24	0.0114784	0.5
41	25	0.0304302	0.5
41	26	0.00378278	0.5
41	27	-0.00712944	0.5
41	28	0.0511078	0.5
41	29	0.0149974	0.5
41	30	0.00393694	0.5
41	31	0.00988738	0.5
41	32	0.00556426	0.5
41	33	-0.00660792	0.5
41	34	-0.0258046	0.5
41	35	-0.0116093	0.5
41	36	-0.0471013	0.5
41	37	-0.0141832	0.5
41	38	-0.0318542	0.5
41	39	-0.00912277	0.5
41	40	0.0127706	0.5
41	41	0.0417481	0.5
41	42	-0.0147008	0.5
41	43	0.0156605	0.5
41	44	0.0129478	0.5
41	45	-0.0107148	0.5
41	46	-0.0223228	0.5
41	47	0.0122332	0.5
41	48	0.0308107	0.5
41	49	-0.0015645	0.5
42	0	-0.0113539	0.5
42	1	0.00246294	0.5
42	2	0.0178186	0.5
42	3	0.00317878	0.5
42	4	0.0194449	0.5
42	5	0.000354784	0.5
42	6	0.0234238	0.5
42	7	0.0135913	0.5
42	8	0.0235488	0.5
42	9	-0.0239378	0.5
42	10	-0.00274839	0.5
42	11	-0.0193009	0.5
42	12	0.0168351	0.5
42	13	0.00405195	0.5
42	14	-0.00645327	0.5
42	15	-0.00822811	0.5
42	16	-0.0333577	0.5
42	17	-0.0371205	0.5
42	18	0.0120568	0.5
42	19	0.00238894	0.5
42	20	-0.0167578	0.5
42	21	0.0201168	0.5
42	22	-0.0156718	0.5
42	23	-0.0121881	0.5
42	24	-0.00555102	0.5
42	25	-0.0151961	0.5
42	26	0.014551	0.5
42	27	0.00310504	0.5
42	28	-0.00931353	0.5
42	29	-0.00305928	0.5
42	30	-0.0187377	0.5
42	31	0.0162725	0.5
42	32	-0.00884394	0.5
42	33	0.012936	0.5
42	34	0.0124267	0.5
42	35	0.0093139	0.5
42	36	0.0136833	0.5
42	37	-0.0182232	0.5
42	38	0.0214973	0.5
42	39	-0.00737874	0.5
42	40	-0.00362577	0.5
42	41	-0.0195138	0.5
42	42	-0.0353818	0.5
42	43	0.0552353	0.5
42	44	-0.000880262	0.5
42	45	0.0162833	0.5
42	46	0.0177992	0.5
42	47	-0.00725379	0.5
42	48	-0.00891	0.5
42	49	-0.0033898	0.5
43	0	0.040872	0.5
43	1	-0.0173738	0.5
43	2	-0.0499336	0.5
43	3	0.0119832	0.5
43	4	0.0418517	0.5
43	5	0.00725971	0.5
43	6	0.0430584	0.5
43	7	0.0079552	0.5
43	8	-0.00626694	0.5
43	9	-0.0205162	0.5
43	10	3.85044e-05	0.5
43	11	-0.0111393	0.5
43	12	-0.00259576	0.5
43	13	-0.0331034	0.5
43	14	-0.0125253	0.5
43	15	-0.00904599	0.5
43	16	0.00391113	0.5
43	17	-0.000854722	0.5
43	18	-0.0103442	0.5
43	19	-0.0226598	0.5
43	20	0.00959355	0.5
43	21	-0.0094055	0.5
43	22	0.00771599	0.5
43	23	0.0138065	0.5
43	24	-0.036086	0.5
43	25	0.0105654	0.5
43	26	-0.0344903	0.5
43	27	0.0365899	0.5
43	28	-0.0311275	0.5
43	29	0.0240965	0.5
43	30	-0.0181342	0.5
43	31	0.0107279	0.5
43	32	0.0132294	0.5
43	33	0.0203954	0.5
43	34	0.0355287	0.5
43	35	-0.0339603	0.5
43	36	0.00190579	0.5
43	37	0.00524579	0.5
43	38	-0.0288319	0.5
43	39	0.00583663	0.5
43	40	-0.0129497	0.5
43	41	0.0204263	0.5
43	42	0.0400277	0.5
43	43	0.0107912	0.5
43	44	-0.00265318	0.5
43	45	0.00921642	0.5
43	46	0.00618619	0.5
43	47	0.00127719	0.5
43	48	-0.0322499	0.5
43	49	-0.00384448	0.5
44	0	-0.0516373	0.5
44	1	0.000568374	0.5
44	2	-0.0149983	0.5
44	3	0.0176501	0.5
44	4	0.00120489	0.5
44	5	-0.0466627	0.5
44	6	0.028742	0.5
44	7	0.00821818	0.5
44	8	-0.00908456	0.5
44	9	0.00385636	0.5
44	10	0.00761288	0.5
44	11	-0.0142529	0.5
44	12	-0.02502	0.5
44	13	-0.0147368	0.5
44	14	0.00350359	0.5
44	15	-0.00401508	0.5
44	16	0.0406249	0.5
44	17	0.0280037	0.5
44	18	-0.0101224	0.5
44	19	-0.00773236	0.5
44	20	-0.0134874	0.5
44	21	0.0161462	0.5
44	22	0.0121743	0.5
44	23	0.0151279	0.5
44	24	0.0220941	0.5
44	25	-0.011587	0.5
44	26	0.0156583	0.5
44	27	0.0141179	0.5
44	28	0.0293421	0.5
44	29	0.00419166	0.5
44	30	0.00317299	0.5
44	31	-0.0182418	0.5
44	32	-0.00860987	0.5
44	33	0.00916601	0.5
44	34	-0.0322124	0.5
44	35	-0.00489979	0.5
44	36	-0.0322572	0.5
44	37	-0.00571199	0.5
44	38	-0.00986325	0.5
44	39	0.000344936	0.5
44	40	0.0140052	0.5
44	41	0.0275521	0.5
44	42	0.0143414	0.5
44	43	-0.00660289	0.5
44	44	-0.0109498	0.5
44	45	0.0164052	0.5
44	46	0.00998867	0.5
44	47	0.0151596	0.5
44	48	0.0199086	0.5
44	49	-0.0461964	0.5
45	0	0.0142285	0.5
45	1	-0.0153309	0.5
45	2	-0.0168369	0.5
45	3	0.00754347	0.5
45	4	-0.0231631	0.5
45	5	-0.0130705	0.5
45	6	0.00133251	0.5
45	7	0.0251937	0.5
45	8	0.00614035	0.5
45	9	0.000731068	0.5
45	10	0.0139402	0.5
45	11	0.00888545	0.5
45	12	0.0212299	0.5
45	13	-0.014842	0.5
45	14	-0.00688054	0.5
45	15	0.0117244	0.5
45	16	0.0289691	0.5
45	17	0.00783525	0.5
45	18	-0.00904491	0.5
45	19	0.020332	0.5
45	20	0.0298727	0.5
45	21	-0.00863342	0.5
45	22	0.0181106	0.5
45	23	-0.0260003	0.5
45	24	0.00943691	0.5
45	25	0.00237513	0.5
45	26	0.00298143	0.5
45	27	-0.0133124	0.5
45	28	-0.00822661	0.5
45	29	0.0154987	0.5
45	30	-0.00333455	0.5
45	31	0.00682417	0.5
45	32	-0.00373929	0.5
45	33	0.0107307	0.5
45	34	-0.00133839	0.5
45	35	-0.020107	0.5
45	36	0.0275707	0.5
45	37	0.00821487	0.5
45	38	-0.0265589	0.5
45	39	0.00062063	0.5
45	40	-0.0148908	0.5
45	41	0.0118851	0.5
45	42	-0.00756931	0.5
45	43	-0.0326102	0.5
45	44	-0.0088586	0.5
45	45	0.0105617	0.5
45	46	-0.0202596	0.5
45	47	-0.0222599	0.5
45	48	0.0118903	0.5
45	49	-0.0177914	0.5
46	0	0.0411945	0.5
46	1	0.021016	0.5
46	2	-0.0394966	0.5
46	3	0.00776801	0.5
46	4	-0.0264061	0.5
46	5	0.00947444	0.5
46	6	-0.00761848	0.5
46	7	-0.0203831	0.5
46	8	-0.00112066	0.5
46	9	-0.00621415	0.5
46	10	0.0287857	0.5
46	11	-0.00705155	0.5
46	12	-0.00702518	0.5
46	13	-0.0206058	0.5
46	14	-0.0147432	0.5
46	15	0.0102852	0.5
46	16	0.018352	0.5
46	17	-0.0423951	0.5
46	18	-0.000871199	0.5
46	19	0.0140176	0.5
46	20	-0.00796432	0.5
46	21	-0.00831249	0.5
46	22	0.00194107	0.5
46	23	-0.0265248	0.5
46	24	0.0328785	0.5
46	25	0.00772307	0.5
46	26	-0.0119106	0.5
46	27	-0.0387502	0.5
46	28	0.0115711	0.5
46	29	-0.00206055	0.5
46	30	0.0162694	0.5
46	31	-0.0249511	0.5
46	32	0.000341831	0.5
46	33	-0.020828	0.5
46	34	0.0228496	0.5
46	35	0.0245738	0.5
46	36	-0.0109399	0.5
46	37	0.00649326	0.5
46	38	-0.0224194	0.5
46	39	-0.00615435	0.5
46	40	0.0549678	0.5
46	41	-0.00279656	0.5
46	42	0.0162891	0.5
46	43	0.00454203	0.5
46	44	-0.00745565	0.5
46	45	0.0172961	0.5
46	46	0.0368785	0.5
46	47	0.00206098	0.5
46	48	-0.018045	0.5
46	49	-0.00452543	0.5
47	0	0.0432743	0.5
47	1	-0.0132902	0.5
47	2	-0.0145626	0.5
47	3	0.00593637	0.5
47	4	0.0171313	0.5
47	5	-0.00311981	0.5
47	6	-0.0371407	0.5
47	7	-0.0224713	0.5
47	8	-0.032104	0.5
47	9	0.033855	0.5
47	10	0.0139267	0.5
47	11	-0.020115	0.5
47	12	0.0321363	0.5
47	13	-0.00141086	0.5
47	14	-0.0135402	0.5
47	15	0.000211103	0.5
47	16	0.00937073	0.5
47	17	0.00500703	0.5
47	18	0.0121776	0.5
47	19	0.000998535	0.5
47	20	-0.0134259	0.5
47	21	0.0248746	0.5
47	22	0.0141635	0.5
47	23	-0.0157714	0.5
47	24	-0.0189	0.5
47	25	-0.00327722	0.5
47	26	-0.0224653	0.5
47	27	-0.00965116	0.5
47	28	0.0335507	0.5
47	29	0.00729225	0.5
47	30	-0.0150152	0.5
47	31	-0.0444462	0.5
47	32	0.0190311	0.5
47	33	-0.0364484	0.5
47	34	-0.0268198	0.5
47	35	-0.0230106	0.5
47	36	0.00903054	0.5
47	37	0.0344663	0.5
47	38	-0.00353481	0.5
47	39	0.0667352	0.5
47	40	0.0142632	0.5
47	41	0.0153164	0.5
47	42	0.0101012	0.5
47	43	-0.0156791	0.5
47	44	0.00675989	0.5
47	45	-0.00795346	0.5
47	46	-0.00489634	0.5
47	47	-0.0258378	0.5
47	48	-0.0120531	0.5
47	49	0.0273305	0.5
48	0	-0.000352884	0.5
48	1	0.0402018	0.5
48	2	0.0173926	0.5
48	3	0.0155069	0.5
48	4	-0.00650729	0.5
48	5	0.0419284	0.5
48	6	-0.00643162	0.5
48	7	0.0149891	0.5
48	8	0.000489711	0.5
48	9	-0.0210654	0.5
48	10	0.016185	0.5
48	11	0.0217617	0.5
48	12	0.0298126	0.5
48	13	0.014876	0.5
48	14	0.0139689	0.5
48	15	-0.00919454	0.5
48	16	-0.0201173	0.5
48	17	-0.000551531	0.5
48	18	0.00480066	0.5
48	19	0.00744416	0.5
48	20	0.0130625	0.5
48	21	0.0160743	0.5
48	22	0.00574934	0.5
48	23	0.0214774	0.5
48	24	0.0128048	0.5
48	25	-0.0237248	0.5
48	26	-0.00259249	0.5
48	27	0.0152109	0.5
48	28	-0.0195267	0.5
48	29	0.0111922	0.5
48	30	0.00922753	0.5
48	31	-0.0251573	0.5
48	32	-0.023238	0.5
48	33	0.00913662	0.5
48	34	-0.0289642	0.5
48	35	-0.0225873	0.5
48	36	0.0129561	0.5
48	37	-0.0154436	0.5
48	38	-0.0301488	0.5
48	39	0.00854834	0.5
48	40	-0.021059	0.5
48	41	-0.00719214	0.5
48	42	-0.0482705	0.5
48	43	-0.00904801	0.5
48	44	-0.00139497	0.5
48	45	-0.0083105	0.5
48	46	0.000237585	0.5
48	47	-0.00264093	0.5
48	48	-0.0379307	0.5
48	49	0.0164153	0.5
49	0	0.0261596	0.5
49	1	0.000125165	0.5
49	2	0.0258084	0.5
49	3	0.0182017	0.5
49	4	0.0384328	0.5
49	5	0.0124763	0.5
49	6	0.00928157	0.5
49	7	-0.00782445	0.5
49	8	0.0011497	0.5
49	9	0.0192669	0.5
49	10	-0.038102	0.5
49	11	-0.0304988	0.5
49	12	-0.00780137	0.5
49	13	-0.0210869	0.5
49	14	0.0163433	0.5
49	15	0.00889411	0.5
49	16	-0.00992179	0.5
49	17	-0.0218887	0.5
49	18	-0.0302055	0.5
49	19	0.00895842	0.5
49	20	-0.00469229	0.5
49	21	-0.00387937	0.5
49	22	-0.00613877	0.5
49	23	-0.0235305	0.5
49	24	-0.00297372	0.5
49	25	-0.00425759	0.5
49	26	0.0123548	0.5
49	27	0.0271185	0.5
49	28	0.0339035	0.5
49	29	0.0165123	0.5
49	30	-0.01144	0.5
49	31	-0.0145467	0.5
49	32	-0.0190645	0.5
49	33	-0.028753	0.5
49	34	-0.0210572	0.5
49	35	-0.00697294	0.5
49	36	-0.0104082	0.5
49	37	0.00396304	0.5
49	38	-0.0201504	0.5
49	39	-0.00998507	0.5
49	40	0.02849	0.5
49	41	0.00175989	0.5
49	42	0.0194005	0.5
49	43	0.00632538	0.5
49	44	0.0184554	0.5
49	45	0.0220406	0.5
49	46	-0.0231112	0.5
49	47	-0.00329757	0.5
49	48	-0.00958481	0.5
49	49	0.0157513	0.5
