0	0	-0.00141832	1
0	1	-0.0487345	1
0	2	-0.0606402	0
0	3	0.0377872	0
0	4	-0.00239409	1
0	5	0.00403108	1
0	6	0.0191821	0
0	7	0.0470456	1
0	8	-0.00186735	0
0	9	0.00700841	0
1	0	0.0839981	1
1	1	-0.0275836	1
1	2	-0.00345648	0
1	3	0.026935	1
1	4	-0.0237343	1
1	5	-0.041069	1
1	6	-0.0135464	1
1	7	-0.0088274	0
1	8	0.00906527	1
1	9	-0.00178115	0
2	0	-0.042089	0
2	1	-0.0423017	1
2	2	0.0142467	0
2	3	0.0345971	0
2	4	-0.00127881	1
2	5	0.0491056	0
2	6	-0.0692467	1
2	7	-0.0204839	0
2	8	0.0329558	0
2	9	0.0444951	1
3	0	0.0317542	1
3	1	0.0312508	1
3	2	-0.00654791	1
3	3	-0.0194474	1
3	4	0.0466598	1
3	5	-0.0254514	0
3	6	-0.0394731	1
3	7	-0.0500897	0
3	8	0.0124523	0
3	9	0.0188923	1
4	0	0.0149779	1
4	1	-0.0540781	0
4	2	0.00780177	0
4	3	-0.0790395	1
4	4	-0.0642838	0
4	5	0.0557944	0
4	6	0.00516971	0
4	7	0.0731054	1
4	8	0.0392466	1
4	9	0.00130552	0
5	0	0.0162475	0
5	1	0.0342578	1
5	2	0.10157	0
5	3	0.0219657	0
5	4	0.00730909	0
5	5	-0.0881035	0
5	6	-0.0272958	0
5	7	-0.0439359	0
5	8	-0.0465831	1
5	9	0.0245684	1
6	0	-0.00455172	0
6	1	-0.0335673	0
6	2	0.0385447	1
6	3	0.0344162	0
6	4	-0.0222662	1
6	5	0.0235636	1
6	6	-0.0354255	1
6	7	-0.0186288	0
6	8	-0.00841172	1
6	9	0.0263267	1
7	0	0.0148176	1
7	1	0.0374529	0
7	2	0.0206996	1
7	3	-0.0719583	1
7	4	0.0601053	0
7	5	-0.0933807	1
7	6	0.0460638	1
7	7	0.0184285	0
7	8	-0.0283266	0
7	9	-0.00390209	0
8	0	-0.0326675	0
8	1	0.0288147	1
8	2	-0.0199025	0
8	3	0.0144943	1
8	4	0.0336764	0
8	5	-0.00801472	1
8	6	-0.0126599	0
8	7	-0.0171267	0
8	8	0.0547142	0
8	9	-0.0413283	0
9	0	0.047841	1
9	1	-0.0987542	1
9	2	-0.0160736	0
9	3	-0.0181825	0
9	4	-0.0315308	1
9	5	0.0856185	1
9	6	-0.0285242	0
9	7	0.00209532	0
9	8	-0.000474627	1
9	9	0.057985	1
10	0	-0.0524557	1
10	1	0.0244194	1
10	2	0.0364491	0
10	3	0.0188655	0
10	4	0.013703	1
10	5	-0.0629499	1
10	6	-0.0182982	1
10	7	0.0580465	0
10	8	0.0211957	0
10	9	-0.0389754	1
11	0	0.0120948	0
11	1	0.0011976	0
11	2	-0.0326197	0
11	3	0.024209	0
11	4	-0.0096802	1
11	5	0.0583598	1
11	6	0.0272977	0
11	7	0.0556112	0
11	8	-0.111518	0
11	9	-0.024952	0
12	0	-0.0277156	0
12	1	-0.0115117	0
12	2	-0.0545421	0
12	3	0.0634604	1
12	4	-0.0594475	1
12	5	-0.00258412	0
12	6	0.0161612	0
12	7	0.134611	1
12	8	0.03079	0
12	9	-0.0892218	1
13	0	0.0291809	1
13	1	-0.11453	1
13	2	-0.035035	0
13	3	0.0341764	0
13	4	0.0147795	1
13	5	0.0271403	1
13	6	-0.0209058	0
13	7	0.0321257	1
13	8	-0.051074	0
13	9	0.0841421	0
14	0	-0.0178664	0
14	1	-0.0133453	0
14	2	-0.0163846	1
14	3	-0.0248597	1
14	4	0.00562485	0
14	5	-0.0101446	1
14	6	0.0308356	0
14	7	-0.0197383	1
14	8	0.0841165	0
14	9	-0.0182381	1
15	0	0.0610325	0
15	1	0.000188758	1
15	2	-0.0163872	0
15	3	0.0286446	1
15	4	0.0394113	1
15	5	-0.0450108	1
15	6	-0.0829352	0
15	7	-0.00419872	0
15	8	0.0291157	1
15	9	-0.009861	0
16	0	0.0112264	1
16	1	0.0512915	0
16	2	-0.0161711	0
16	3	-0.0793815	0
16	4	0.0167954	1
16	5	-0.0080861	0
16	6	0.0104131	0
16	7	0.0272917	1
16	8	-0.0126671	1
16	9	-0.000712365	1
17	0	0.00448329	0
17	1	-0.023854	0
17	2	-0.0309575	1
17	3	-0.0593744	0
17	4	0.0103504	0
17	5	0.0588608	0
17	6	-0.023232	0
17	7	-0.0137023	1
17	8	-0.00419369	1
17	9	0.0816194	0
18	0	-0.0414146	1
18	1	-0.0341093	0
18	2	-0.044276	1
18	3	0.0355465	0
18	4	0.0235874	0
18	5	-0.00100989	1
18	6	0.003753	1
18	7	0.00364021	1
18	8	0.0381141	1
18	9	0.0161685	1
19	0	-0.0254645	0
19	1	0.0145722	1
19	2	-0.0165651	1
19	3	0.0362456	1
19	4	-0.0286567	0
19	5	-0.00107955	0
19	6	-0.0409193	0
19	7	0.0767431	0
19	8	-0.036747	1
19	9	0.0218714	1
20	0	0.0029288	1
20	1	-0.00337924	1
20	2	0.00899117	1
20	3	0.0079479	0
20	4	-0.0386107	0
20	5	-0.0184359	0
20	6	-0.0246183	0
20	7	0.0746085	1
20	8	0.04221	0
20	9	-0.0516422	1
21	0	0.0133228	1
21	1	-0.0281832	1
21	2	0.00510415	0
21	3	0.0178497	0
21	4	-0.0555631	0
21	5	0.0650592	1
21	6	0.0260988	1
21	7	-0.0800974	1
21	8	0.0175022	0
21	9	0.0189068	1
22	0	0.0662229	1
22	1	-0.0189304	1
22	2	0.00783616	1
22	3	-0.0242425	1
22	4	-0.0245064	1
22	5	-0.03686	1
22	6	0.00142098	0
22	7	-0.00686092	0
22	8	0.00345033	1
22	9	0.0324698	1
23	0	0.0454857	1
23	1	0.00813713	0
23	2	-0.0192945	1
23	3	0.0984086	0
23	4	-0.0147757	0
23	5	-0.0698459	1
23	6	0.0108155	0
23	7	0.00413136	0
23	8	-0.0347472	1
23	9	-0.0283151	0
24	0	-0.00028782	0
24	1	0.00187732	1
24	2	-0.0292026	0
24	3	0.0316698	0
24	4	-0.0481349	0
24	5	-0.012828	1
24	6	0.036063	0
24	7	-0.0183648	1
24	8	0.0361878	0
24	9	0.00302017	0
25	0	0.0408665	1
25	1	0.0102043	1
25	2	-0.0112994	0
25	3	-0.0482795	1
25	4	0.0185444	1
25	5	-0.0246265	0
25	6	0.0251616	1
25	7	-0.0155968	1
25	8	-0.0275209	0
25	9	0.0325464	0
26	0	-0.0373502	0
26	1	0.0523576	0
26	2	-0.0615644	0
26	3	0.082236	1
26	4	0.0731075	1
26	5	-0.0269293	1
26	6	-0.046098	1
26	7	-0.0120342	0
26	8	0.00114027	1
26	9	-0.0248652	0
27	0	-0.0741033	0
27	1	-0.0441056	1
27	2	0.00692761	0
27	3	0.00796385	1
27	4	-0.0666083	0
27	5	0.0294581	0
27	6	0.0303013	0
27	7	0.0598445	0
27	8	0.0115697	1
27	9	0.038752	1
28	0	0.00344993	1
28	1	0.0197722	0
28	2	0.0102564	1
28	3	-0.0286923	0
28	4	-0.000988946	0
28	5	0.0121287	0
28	6	0.00332161	0
28	7	-0.035576	0
28	8	-0.0139348	1
28	9	0.0302633	0
29	0	0.025363	0
29	1	-0.0612176	1
29	2	0.136849	1
29	3	0.00984808	0
29	4	-0.0559533	0
29	5	0.0197633	0
29	6	-0.00840906	1
29	7	-0.0584604	0
29	8	0.0302591	0
29	9	-0.0380421	0
30	0	0.0383971	0
30	1	0.0183859	1
30	2	-0.051593	0
30	3	0.0458231	0
30	4	-0.0364997	1
30	5	-0.0233235	1
30	6	-0.00643104	0
30	7	-0.0382908	1
30	8	-0.019516	0
30	9	0.0730478	0
31	0	0.0172429	0
31	1	-0.00582685	0
31	2	-0.0770338	0
31	3	-0.0284608	1
31	4	0.0344556	0
31	5	0.0385812	1
31	6	0.0314662	1
31	7	-0.027586	0
31	8	0.00230129	0
31	9	0.0148603	0
32	0	-0.0506917	0
32	1	0.0508801	0
32	2	-0.104052	1
32	3	0.0713264	1
32	4	-0.013139	1
32	5	0.00905203	1
32	6	0.0685662	1
32	7	-0.0472539	1
32	8	-0.0603229	0
32	9	0.075635	1
33	0	0.0644557	0
33	1	0.0309221	1
33	2	-0.0131595	1
33	3	-0.0531182	1
33	4	-0.0171579	0
33	5	0.0219806	1
33	6	-0.025904	1
33	7	0.00594978	1
33	8	0.0104637	1
33	9	-0.0244323	1
34	0	-0.0390524	1
34	1	0.0354693	0
34	2	0.0118015	1
34	3	0.0109286	1
34	4	0.0308581	0
34	5	-0.00747908	1
34	6	0.0194496	0
34	7	-0.010151	1
34	8	-0.0101069	1
34	9	-0.0417176	1
35	0	0.00618827	0
35	1	-0.0306168	0
35	2	-0.0182874	1
35	3	0.00455211	1
35	4	0.00603474	0
35	5	0.0586989	0
35	6	-0.00904701	1
35	7	0.0377286	1
35	8	-0.0577472	0
35	9	0.00249578	0
36	0	0.0337993	1
36	1	0.0439686	0
36	2	0.0583361	1
36	3	-0.0293098	1
36	4	-0.0157874	0
36	5	-0.0298523	0
36	6	0.0251252	1
36	7	-0.0375771	0
36	8	-0.0590765	0
36	9	0.0103739	1
37	0	0.0197408	0
37	1	0.0231745	1
37	2	0.0711569	1
37	3	-0.0219401	0
37	4	-0.0489875	1
37	5	-0.0331015	0
37	6	-0.0275808	1
37	7	-0.0297244	0
37	8	0.0166222	1
37	9	0.03064	0
38	0	-0.01894	0
38	1	0.0441999	1
38	2	-0.101457	0
38	3	0.0163525	1
38	4	0.0747853	1
38	5	-0.0461489	0
38	6	0.0723273	1
38	7	-0.0874661	0
38	8	0.0107455	0
38	9	0.035601	1
39	0	-0.0333557	0
39	1	0.049457	0
39	2	-0.0307181	1
39	3	-0.0599847	1
39	4	-0.0309115	1
39	5	-0.0364244	1
39	6	0.0961234	0
39	7	0.0197762	1
39	8	0.0184705	0
39	9	0.00756724	0
40	0	0.0338631	1
40	1	-0.000304651	1
40	2	0.0298699	1
40	3	-0.00410722	1
40	4	-0.0173504	1
40	5	-0.0243964	0
40	6	0.0343263	1
40	7	0.0516601	0
40	8	-0.056295	0
40	9	-0.0472657	0
41	0	-0.0017202	1
41	1	0.0260101	1
41	2	-0.0307725	0
41	3	-0.034054	1
41	4	0.00192204	0
41	5	-0.0113404	0
41	6	0.00552616	0
41	7	-0.0517314	1
41	8	0.0479211	1
41	9	0.0482391	1
42	0	0.012625	0
42	1	0.0490824	0
42	2	-0.0125197	1
42	3	-0.0163959	1
42	4	0.0212438	1
42	5	0.0693044	1
42	6	-0.0838626	1
42	7	0.0373243	0
42	8	-0.00596683	0
42	9	-0.0708349	0
43	0	0.0632094	1
43	1	0.0620139	0
43	2	0.00813219	0
43	3	-0.00907711	1
43	4	-0.0418555	1
43	5	-0.013452	1
43	6	-0.074951	0
43	7	0.00510773	1
43	8	-0.0215086	1
43	9	0.0223809	0
44	0	-0.0539865	1
44	1	-0.0153363	1
44	2	-0.0264191	1
44	3	0.0322481	1
44	4	0.00846748	1
44	5	0.0384535	1
44	6	-0.0342645	1
44	7	0.0605177	1
44	8	0.0551578	1
44	9	-0.0648382	0
45	0	0.023157	1
45	1	-0.0266572	0
45	2	-0.0387923	0
45	3	-0.00669602	1
45	4	0.0267397	0
45	5	0.0403708	1
45	6	0.0413444	1
45	7	-0.0486685	0
45	8	-0.0327032	1
45	9	0.0219053	1
46	0	0.0596566	1
46	1	0.0589364	1
46	2	0.0048957	1
46	3	-0.0240466	0
46	4	-0.0328045	1
46	5	-0.0249941	0
46	6	-0.0235767	0
46	7	0.024508	1
46	8	-0.0925724	0
46	9	0.0499977	1
47	0	-0.0481054	1
47	1	-0.046704	0
47	2	0.0373364	1
47	3	-0.0101696	0
47	4	0.0269345	0
47	5	0.00416013	0
47	6	-0.077103	0
47	7	0.0215045	1
47	8	0.0364476	0
47	9	0.0556988	0
48	0	0.00963433	1
48	1	-0.0292552	1
48	2	-0.000695539	0
48	3	-0.0741295	0
48	4	0.0164239	0
48	5	0.0339792	1
48	6	9.0999e-05	1
48	7	0.0340677	0
48	8	0.019958	0
48	9	-0.0100738	0
49	0	-0.0146138	0
49	1	-0.0427147	1
49	2	0.0282773	1
49	3	0.075578	0
49	4	-0.0203138	0
49	5	0.0129748	0
49	6	0.00363719	0
49	7	-0.00946436	1
49	8	-0.0585301	0
49	9	0.0251696	1
