0	0	0.00624397	0
0	1	0.0703634	1
0	2	0.00112781	1
0	3	-0.0299727	1
0	4	-0.018244	1
0	5	-0.0104878	1
0	6	0.00133428	0
0	7	0.0620277	1
0	8	-0.0138675	1
0	9	0.0126901	0
0	10	-0.00737422	1
0	11	0.0413769	0
0	12	0.0609235	0
0	13	0.124397	1
0	14	-0.035908	0
0	15	0.0622958	0
0	16	0.0155973	0
0	17	-0.0692901	1
0	18	0.0382277	0
0	19	0.0473981	0
0	20	0.0124759	0
0	21	-0.0485865	0
0	22	0.0137479	1
0	23	-0.00171678	1
0	24	-0.00765651	1
0	25	0.023948	0
0	26	0.0518876	0
0	27	-0.0547034	0
0	28	0.00628187	0
0	29	-0.0466169	1
0	30	0.00897667	0
0	31	-0.0148216	1
0	32	-0.0290193	1
0	33	-0.000595246	0
0	34	-0.0705809	1
0	35	-0.0352619	0
0	36	0.0369024	0
0	37	0.00485597	0
0	38	0.0236	0
0	39	-0.108984	0
0	40	-0.0290352	0
0	41	-0.0712536	0
0	42	-0.0183831	1
0	43	-0.0188574	0
0	44	-0.0078683	0
0	45	-0.0931626	0
0	46	0.0586195	0
0	47	-0.0157482	0
0	48	-0.0112623	0
0	49	-0.0288505	0
0	50	-0.0880644	1
0	51	0.0188383	0
0	52	0.0242436	0
0	53	0.0593146	0
0	54	0.0490036	1
0	55	0.0693566	1
0	56	0.0916464	0
0	57	-0.0150188	1
0	58	-0.0499065	0
0	59	-0.0534452	0
0	60	-0.00921571	1
0	61	0.0536575	0
0	62	-0.0715632	0
0	63	0.0376713	1
0	64	0.0961732	0
0	65	0.00949977	0
0	66	0.0294514	0
0	67	0.0161648	0
0	68	-0.00842513	0
0	69	-0.104545	0
0	70	-0.0150236	0
0	71	-0.0436464	0
0	72	0.0273932	0
0	73	-0.00424167	1
0	74	0.0264189	1
0	75	-0.0209742	1
0	76	-0.0214469	0
0	77	-0.00662195	0
0	78	0.0312781	1
0	79	-0.121372	1
0	80	0.0370136	0
0	81	0.0543765	1
0	82	0.0630644	1
0	83	0.00779224	0
0	84	0.0346262	0
0	85	0.115603	0
0	86	-0.0230461	1
0	87	-0.0490925	1
0	88	0.011639	1
0	89	-0.0151834	0
0	90	-0.072714	0
0	91	0.08818	1
0	92	0.0453736	0
0	93	-0.0352041	0
0	94	-0.0500041	1
0	95	-0.0642968	1
0	96	0.0123189	0
0	97	-0.00440194	1
0	98	-0.0616621	1
0	99	0.0118254	0
1	0	-0.0291907	0
1	1	-0.0524781	1
1	2	0.0327006	0
1	3	-0.0662918	0
1	4	0.0481099	0
1	5	0.0565045	1
1	6	-0.0256024	0
1	7	-0.0455033	1
1	8	0.03529	1
1	9	-0.00993974	1
1	10	-0.0194792	1
1	11	0.032516	0
1	12	-0.0566222	1
1	13	0.067012	0
1	14	-0.018624	1
1	15	0.0100883	1
1	16	0.0236755	1
1	17	-0.0488733	0
1	18	0.00792711	1
1	19	-0.12074	0
1	20	0.00830078	0
1	21	0.0408686	1
1	22	-0.0310504	1
1	23	-0.0338522	1
1	24	-0.0376758	1
1	25	0.0551052	1
1	26	-0.0659689	1
1	27	0.0270992	0
1	28	-0.0762171	1
1	29	-0.0189698	0
1	30	0.0172051	1
1	31	0.012899	1
1	32	0.0142296	1
1	33	-0.0406702	0
1	34	0.063755	0
1	35	0.0371716	0
1	36	0.00950575	0
1	37	-0.0380791	0
1	38	-0.0227438	1
1	39	0.0465317	0
1	40	-0.0740394	0
1	41	0.0412924	1
1	42	-0.0303204	0
1	43	0.0545587	0
1	44	-0.0166271	0
1	45	-0.0132694	0
1	46	0.00677182	0
1	47	0.0229272	0
1	48	-0.0255892	1
1	49	-0.0218267	1
1	50	0.0219374	0
1	51	0.0576525	0
1	52	-0.00115375	0
1	53	0.00137594	1
1	54	0.015567	1
1	55	0.0292615	0
1	56	-0.0147474	1
1	57	0.0373476	0
1	58	-0.00515697	1
1	59	-0.00358915	1
1	60	0.0349301	0
1	61	-0.00950714	1
1	62	0.117121	1
1	63	0.0248511	0
1	64	-0.0611803	0
1	65	0.0369309	1
1	66	-0.0141693	0
1	67	0.0578508	1
1	68	0.00750498	1
1	69	0.0611585	0
1	70	0.0167662	0
1	71	-0.00593319	1
1	72	-0.00918055	1
1	73	0.0412981	1
1	74	0.035498	0
1	75	0.0347699	0
1	76	-0.0556351	0
1	77	0.0506499	1
1	78	0.0313698	0
1	79	-0.0836256	0
1	80	0.0146669	0
1	81	-0.0422915	1
1	82	0.0459595	1
1	83	-0.0336878	1
1	84	-0.022308	1
1	85	-0.067472	1
1	86	-0.0288478	1
1	87	-0.0235828	0
1	88	0.00681668	1
1	89	-0.0777478	1
1	90	0.0136219	1
1	91	0.00179289	0
1	92	-0.00719877	1
1	93	-0.0579231	0
1	94	0.0445491	1
1	95	0.000271276	0
1	96	0.00967693	1
1	97	0.041933	1
1	98	0.00602528	0
1	99	-0.00601827	0
2	0	0.0246292	1
2	1	0.0777236	0
2	2	0.00293393	1
2	3	-0.0255899	0
2	4	-0.00342886	1
2	5	-0.0428008	0
2	6	0.0869528	1
2	7	-0.0617492	0
2	8	0.0275041	0
2	9	0.0568178	0
2	10	0.0890554	1
2	11	0.0806517	0
2	12	0.0169624	0
2	13	0.0266694	1
2	14	0.0177187	1
2	15	0.000262614	1
2	16	0.00364993	1
2	17	0.00495658	1
2	18	-0.02662	1
2	19	0.0512397	0
2	20	0.000400951	0
2	21	0.0508112	1
2	22	-0.0279363	0
2	23	0.0499381	0
2	24	-0.043507	1
2	25	-0.055424	0
2	26	-0.00470962	1
2	27	-0.0754943	0
2	28	-0.00133118	0
2	29	0.0250924	1
2	30	0.0215636	0
2	31	0.0246593	1
2	32	-0.0387208	0
2	33	0.0051156	1
2	34	0.024643	0
2	35	-0.0917674	1
2	36	-0.0896901	0
2	37	0.102017	0
2	38	-0.0146127	1
2	39	-0.0615422	1
2	40	-0.0166248	1
2	41	-0.0405182	1
2	42	0.00451677	1
2	43	-0.0401479	0
2	44	0.0445919	1
2	45	-0.0173531	0
2	46	0.0340838	0
2	47	0.0325575	0
2	48	-0.0405332	1
2	49	0.047479	0
2	50	-0.0303855	1
2	51	-0.10254	0
2	52	-0.0385458	0
2	53	-0.00330429	1
2	54	0.00170626	0
2	55	-0.0291927	0
2	56	-0.0133913	0
2	57	-0.0142761	0
2	58	0.0120695	1
2	59	0.0302279	1
2	60	0.0170271	1
2	61	0.0120003	0
2	62	0.0353168	0
2	63	0.000875865	0
2	64	-0.0239493	1
2	65	0.0804028	1
2	66	0.00925285	0
2	67	-0.0279603	0
2	68	-0.00950043	1
2	69	-0.0503077	1
2	70	0.0670309	0
2	71	0.0173719	1
2	72	-0.0539341	0
2	73	-0.00557725	1
2	74	0.055151	1
2	75	-0.0390648	1
2	76	-0.0832189	0
2	77	-0.0301103	1
2	78	0.0681097	0
2	79	-0.0239927	0
2	80	-0.0162325	0
2	81	-0.00406998	0
2	82	-0.0293782	0
2	83	-0.0128219	1
2	84	-0.0905895	1
2	85	0.103514	1
2	86	0.0335785	0
2	87	0.0144374	1
2	88	0.0214749	0
2	89	-0.0217581	1
2	90	0.000583384	0
2	91	0.0621333	1
2	92	0.060565	0
2	93	0.0236966	0
2	94	-0.0226554	1
2	95	0.00473373	1
2	96	-0.0444865	0
2	97	-0.0598361	1
2	98	-0.0612161	0
2	99	-0.0040606	0
3	0	0.0513875	1
3	1	-0.062661	0
3	2	0.0654774	0
3	3	0.011183	1
3	4	-0.0570885	0
3	5	0.0131781	0
3	6	-0.0360711	1
3	7	-0.0207687	1
3	8	-0.0518899	0
3	9	0.046321	1
3	10	0.0447138	1
3	11	0.0269926	1
3	12	0.0909518	1
3	13	-0.0458466	0
3	14	-0.0952177	0
3	15	0.0281032	0
3	16	0.0478571	1
3	17	-0.00490611	0
3	18	0.0124618	1
3	19	0.0279089	0
3	20	0.0757221	1
3	21	-0.0530528	1
3	22	0.0165137	0
3	23	-0.0437833	0
3	24	0.0634777	0
3	25	-0.0412795	1
3	26	-0.0735816	1
3	27	0.0406537	1
3	28	-0.0480082	1
3	29	0.0107554	0
3	30	0.0654267	1
3	31	-0.0773245	0
3	32	0.0267443	1
3	33	0.0181489	0
3	34	-0.047521	0
3	35	-0.0631498	0
3	36	-0.039779	0
3	37	0.0567753	1
3	38	0.00224274	1
3	39	0.0391557	0
3	40	0.0123681	0
3	41	-0.0757793	0
3	42	-0.0369506	1
3	43	-0.0866783	1
3	44	0.0430238	1
3	45	0.0327694	0
3	46	-0.00263317	0
3	47	-0.0642735	1
3	48	0.0462154	0
3	49	-0.0983083	0
3	50	-0.0358401	0
3	51	-0.00145112	1
3	52	-0.0124816	0
3	53	0.00875011	1
3	54	0.00230561	1
3	55	-0.0133908	0
3	56	0.0236122	0
3	57	0.01357	0
3	58	0.0589383	0
3	59	0.0746587	0
3	60	0.0354436	1
3	61	-0.0152689	0
3	62	0.0361677	0
3	63	-0.0432823	1
3	64	-0.0440398	1
3	65	-0.00266384	0
3	66	-0.0272777	1
3	67	0.0148705	0
3	68	-0.0154061	0
3	69	0.0249966	0
3	70	-0.0724339	1
3	71	0.0833741	1
3	72	0.0192493	1
3	73	0.0627751	0
3	74	-0.072924	0
3	75	-0.0228266	1
3	76	0.0401349	1
3	77	0.039315	0
3	78	0.0177037	0
3	79	0.0263993	0
3	80	0.0514749	0
3	81	0.0676802	0
3	82	-0.0361714	0
3	83	-0.00738497	0
3	84	0.000168846	0
3	85	0.0203097	1
3	86	-0.00262575	1
3	87	0.0148148	1
3	88	-0.049837	0
3	89	-0.0422224	0
3	90	-0.00940559	0
3	91	-0.0201036	0
3	92	0.013956	0
3	93	-0.063938	1
3	94	-0.0153013	1
3	95	0.0458757	0
3	96	0.0155535	1
3	97	0.00784199	1
3	98	0.0272967	1
3	99	-0.0109371	0
4	0	-0.0388648	1
4	1	0.0155136	1
4	2	-0.00065459	1
4	3	-0.00218448	0
4	4	-0.0550129	1
4	5	-0.00189073	1
4	6	0.0219744	1
4	7	-0.00515556	1
4	8	0.0111625	1
4	9	-0.0406555	0
4	10	-0.0711182	1
4	11	-0.0951464	1
4	12	0.0354693	1
4	13	-0.0585682	1
4	14	0.0045053	1
4	15	0.0118751	0
4	16	-0.0181582	0
4	17	-0.0269146	0
4	18	-0.0716011	1
4	19	0.0109104	1
4	20	0.00852631	1
4	21	-0.014256	0
4	22	-0.0179219	0
4	23	0.0752093	0
4	24	0.044955	0
4	25	-0.0321917	1
4	26	-0.0152092	0
4	27	-0.0421413	0
4	28	-0.00335367	0
4	29	0.0153616	1
4	30	-0.039216	1
4	31	0.0358054	1
4	32	0.0084787	1
4	33	-0.0237499	1
4	34	0.0371091	0
4	35	-0.00603284	1
4	36	0.0860929	1
4	37	-0.033383	1
4	38	0.0629747	0
4	39	-0.0089014	1
4	40	0.00893331	0
4	41	-0.00697837	1
4	42	-0.0251224	1
4	43	0.0399667	0
4	44	0.103814	1
4	45	0.0051687	1
4	46	0.03963	0
4	47	0.0348307	1
4	48	-0.00103836	0
4	49	-0.0220861	0
4	50	-0.0541029	0
4	51	0.065704	1
4	52	-0.0817226	1
4	53	0.0331371	0
4	54	-0.0393595	0
4	55	-0.0146495	0
4	56	-0.00160266	0
4	57	0.0522784	0
4	58	-0.0322076	0
4	59	0.00752131	0
4	60	0.000960857	0
4	61	0.00594958	0
4	62	0.0436531	0
4	63	0.0391091	1
4	64	0.0530126	0
4	65	-0.0760841	0
4	66	0.0419417	0
4	67	-0.0294074	0
4	68	0.080666	0
4	69	-0.0680034	1
4	70	0.0749714	1
4	71	-0.0363657	0
4	72	0.0134615	1
4	73	0.0401542	1
4	74	-0.0835847	0
4	75	-0.0622255	0
4	76	0.0691062	0
4	77	-0.0688247	0
4	78	-0.0339025	0
4	79	0.0145742	0
4	80	-0.0219659	0
4	81	-0.00752461	0
4	82	-0.047114	1
4	83	0.00137344	1
4	84	-0.0394384	1
4	85	-0.030704	0
4	86	0.00757773	1
4	87	-0.0359744	1
4	88	-0.0208381	1
4	89	-0.0436016	1
4	90	0.033574	1
4	91	0.0699307	1
4	92	-0.0523863	1
4	93	0.0181882	0
4	94	0.0458845	1
4	95	0.0949058	1
4	96	0.0808865	0
4	97	0.0266638	0
4	98	0.0149759	0
4	99	0.0106687	0
