0	0	-0.0371749	0
0	1	0.0125922	1
0	2	0.00570446	0
0	3	0.0158305	0
0	4	-0.0160659	0
0	5	-0.018295	1
0	6	0.0323483	1
0	7	-0.0170485	1
0	8	-0.0129694	1
0	9	-0.0140018	1
0	10	0.0363502	1
0	11	-0.00228361	0
0	12	-0.0104454	1
0	13	0.00137282	1
0	14	0.000837626	1
0	15	0.0296997	1
0	16	0.00496072	0
0	17	-0.00487879	0
0	18	-0.0158632	1
0	19	-0.000933235	1
0	20	0.0276978	0
0	21	0.0169793	1
0	22	-0.0126494	1
0	23	-0.0284967	0
0	24	0.00429902	1
0	25	-0.00173879	1
0	26	0.00654316	1
0	27	0.00132599	0
0	28	0.0227097	1
0	29	-0.00904803	0
0	30	0.0218907	0
0	31	0.00529882	1
0	32	0.0211081	0
0	33	0.0108089	0
0	34	-0.0204303	0
0	35	0.0123533	1
0	36	-0.00330291	1
0	37	0.0107509	0
0	38	-0.00900043	1
0	39	0.00630313	1
0	40	2.01914e-05	0
0	41	0.00833702	0
0	42	-0.00585341	1
0	43	-0.00940602	0
0	44	0.0163323	0
0	45	0.00535524	0
0	46	0.0210237	1
0	47	-0.0187427	0
0	48	-0.00653437	0
0	49	-0.0123479	0
0	50	-0.00220649	0
0	51	0.00873364	0
0	52	0.0105742	1
0	53	-0.0191814	1
0	54	0.0109987	1
0	55	-0.00356564	1
0	56	0.0154698	0
0	57	-0.0298226	1
0	58	-0.00956805	1
0	59	0.015127	1
0	60	-0.0145103	1
0	61	0.0241533	1
0	62	-0.00441068	0
0	63	0.0123431	1
0	64	-0.0113724	1
0	65	0.00653849	1
0	66	-0.010161	0
0	67	-0.006989	0
0	68	-0.0091464	0
0	69	0.0261576	1
0	70	-0.00190444	0
0	71	-0.0146964	0
0	72	-0.0183466	0
0	73	0.0011229	0
0	74	-0.0160103	0
0	75	-0.00773318	0
0	76	-0.0379226	1
0	77	0.0101243	1
0	78	0.0274192	0
0	79	-0.030925	0
0	80	-0.00964002	0
0	81	-0.0105207	0
0	82	0.0113056	1
0	83	-0.0104399	1
0	84	0.0113593	1
0	85	-0.0164141	1
0	86	-0.00673109	0
0	87	-0.00400147	1
0	88	-0.0100821	0
0	89	0.0198264	0
0	90	0.00157193	1
0	91	-0.000506807	0
0	92	-0.00112115	0
0	93	0.00833807	1
0	94	0.0272076	1
0	95	0.0274227	1
0	96	-0.00492565	0
0	97	0.00741111	1
0	98	-0.0180132	0
0	99	-0.0136594	1
1	0	0.00846652	0
1	1	0.000343505	0
1	2	-0.0066486	0
1	3	-0.0107127	0
1	4	0.010277	1
1	5	0.00556	1
1	6	0.0211197	0
1	7	0.00373235	1
1	8	0.0101458	1
1	9	-0.0133698	1
1	10	0.00827859	0
1	11	0.0133389	1
1	12	-0.00188083	0
1	13	-0.0125153	0
1	14	-0.0186059	1
1	15	-0.000987066	0
1	16	0.00390273	1
1	17	0.0140535	0
1	18	-0.0162948	1
1	19	0.0070085	0
1	20	-0.0135817	1
1	21	0.0022545	0
1	22	0.00511494	1
1	23	0.00559064	0
1	24	-0.0108579	0
1	25	-0.00815486	1
1	26	0.00569354	1
1	27	0.00712585	0
1	28	-0.00950739	0
1	29	0.00771416	1
1	30	0.0124628	0
1	31	-0.000595939	1
1	32	-0.00175182	0
1	33	0.00540872	0
1	34	-0.0188724	1
1	35	0.0211191	1
1	36	0.00567376	1
1	37	0.00395409	0
1	38	0.0128606	0
1	39	-0.0070248	0
1	40	0.00147309	0
1	41	0.00316092	0
1	42	-0.0213462	0
1	43	0.011767	0
1	44	0.00534737	0
1	45	0.0266069	0
1	46	0.00241269	1
1	47	0.00421135	1
1	48	-0.0208045	0
1	49	0.00251975	1
1	50	0.0153955	0
1	51	-0.0208207	0
1	52	-0.00681093	0
1	53	-0.0220519	0
1	54	-0.021722	1
1	55	0.0156767	0
1	56	0.0131651	1
1	57	-0.0234099	0
1	58	0.00854861	0
1	59	0.0119874	0
1	60	0.00545551	1
1	61	-0.0107243	0
1	62	0.0214373	1
1	63	0.00711074	0
1	64	0.0060633	0
1	65	0.00452256	0
1	66	0.0126673	1
1	67	-0.0270799	1
1	68	-0.0259655	1
1	69	-0.00171857	1
1	70	-0.00573019	1
1	71	-0.00418622	1
1	72	0.0110411	1
1	73	0.00199603	1
1	74	0.0127819	0
1	75	0.00652349	0
1	76	0.0149969	1
1	77	-0.00403842	0
1	78	0.0144466	1
1	79	-0.013735	0
1	80	-0.00847687	0
1	81	0.0114668	0
1	82	-0.0218346	0
1	83	0.0119144	1
1	84	0.00131858	0
1	85	0.00546202	0
1	86	-0.00837107	1
1	87	-0.00838864	1
1	88	-0.0178601	1
1	89	0.00135306	1
1	90	0.00451578	0
1	91	0.0227554	1
1	92	-0.00269299	1
1	93	-7.02475e-05	0
1	94	0.0106106	1
1	95	-0.00601506	0
1	96	-0.0151251	0
1	97	-0.0332157	0
1	98	-0.0303059	1
1	99	0.0219508	0
2	0	0.000881166	0
2	1	0.0294258	1
2	2	0.00814476	1
2	3	0.0179686	1
2	4	0.0109107	0
2	5	0.0146974	0
2	6	0.00631283	0
2	7	-0.00544139	0
2	8	-0.0079089	0
2	9	-0.0033083	1
2	10	0.00735795	0
2	11	0.0151729	0
2	12	-0.00500908	0
2	13	0.0096179	0
2	14	-0.0158581	0
2	15	-0.00794635	0
2	16	0.0260799	0
2	17	-0.0137547	1
2	18	0.00880109	1
2	19	-0.0167465	0
2	20	-0.000963038	1
2	21	-0.0152073	1
2	22	0.0154915	0
2	23	-0.00720854	0
2	24	-0.00878951	0
2	25	0.0221346	0
2	26	-0.00403035	1
2	27	0.00637681	0
2	28	-0.0155345	0
2	29	-0.00916489	1
2	30	-0.00686931	0
2	31	0.0116671	1
2	32	-0.00414451	0
2	33	0.00245083	1
2	34	-0.00693429	1
2	35	0.0196968	1
2	36	-0.0033771	0
2	37	-0.00445351	0
2	38	-0.00312172	1
2	39	-0.00188333	0
2	40	-0.021161	1
2	41	0.0208111	0
2	42	0.0187038	1
2	43	-0.00845995	0
2	44	-0.00291097	0
2	45	0.000817256	1
2	46	0.0108826	1
2	47	0.0154219	1
2	48	-0.00499454	0
2	49	0.0138155	0
2	50	0.00249217	1
2	51	0.00974762	0
2	52	0.0157664	1
2	53	-0.0195394	0
2	54	0.00178999	1
2	55	-0.0161464	1
2	56	0.00861434	0
2	57	-0.0268393	1
2	58	0.00202294	1
2	59	-0.0236381	0
2	60	-0.0208861	0
2	61	0.00377179	1
2	62	0.00780549	0
2	63	0.0107695	0
2	64	0.00267205	1
2	65	-0.0145616	0
2	66	0.00648003	1
2	67	-0.0324755	1
2	68	-0.029044	0
2	69	0.00732436	1
2	70	-0.0100288	1
2	71	-0.000214106	0
2	72	0.00842662	1
2	73	0.0252189	0
2	74	0.00751291	1
2	75	-0.0022787	0
2	76	-0.0165607	1
2	77	-0.000987193	1
2	78	-0.000561557	1
2	79	-0.025003	1
2	80	-0.0166367	0
2	81	-0.00654175	1
2	82	-0.0225199	0
2	83	0.0235122	0
2	84	-0.0153439	1
2	85	0.0303893	0
2	86	-0.00300945	0
2	87	0.00511127	0
2	88	0.0222841	0
2	89	-0.00469175	0
2	90	-0.0118133	1
2	91	-0.00390532	1
2	92	0.00413055	1
2	93	-0.00727414	0
2	94	-0.0083544	0
2	95	0.0214655	1
2	96	0.01031	1
2	97	-0.0225419	0
2	98	-0.00670008	0
2	99	0.0220202	0
3	0	-0.00265413	0
3	1	0.0037118	1
3	2	0.0129769	1
3	3	-0.00980747	0
3	4	0.00681458	1
3	5	0.000286143	1
3	6	0.00923776	1
3	7	-0.0103439	0
3	8	0.000799986	0
3	9	-0.0214467	1
3	10	0.00840962	0
3	11	0.0250829	1
3	12	-0.00189529	1
3	13	0.00813047	1
3	14	-0.0143263	0
3	15	-0.0372491	0
3	16	-0.00429443	0
3	17	-0.0023172	1
3	18	-0.00655257	1
3	19	-0.0316765	1
3	20	-0.00413651	0
3	21	0.0032079	0
3	22	0.0153438	0
3	23	0.0199491	1
3	24	-0.0089752	1
3	25	-0.028663	1
3	26	-0.00432871	0
3	27	0.0146281	1
3	28	0.0241114	0
3	29	0.00914557	0
3	30	0.00465516	0
3	31	0.0133746	0
3	32	0.0141125	0
3	33	0.0153784	1
3	34	-0.0078749	0
3	35	0.0126861	0
3	36	0.00445957	0
3	37	0.0296805	1
3	38	0.0054525	1
3	39	0.00297451	0
3	40	0.000412392	0
3	41	0.00246832	1
3	42	0.00454106	1
3	43	-0.00555047	1
3	44	-0.00227556	1
3	45	0.0120998	1
3	46	0.017789	0
3	47	0.00277382	0
3	48	-0.0213569	1
3	49	-0.000380485	0
3	50	-0.00602542	0
3	51	-0.0198323	1
3	52	-0.00980302	0
3	53	0.0158948	0
3	54	0.00184337	0
3	55	0.0071885	1
3	56	-0.0149167	1
3	57	0.00344732	1
3	58	0.00569136	1
3	59	0.00067246	0
3	60	0.0186097	0
3	61	0.00456767	1
3	62	0.00277042	1
3	63	0.0183324	0
3	64	0.00891221	0
3	65	-0.00355299	0
3	66	-0.00925339	1
3	67	0.021881	1
3	68	-0.0225883	0
3	69	-0.0153681	0
3	70	-0.01275	0
3	71	0.0116902	0
3	72	-0.0207278	1
3	73	0.00670599	0
3	74	0.0175788	0
3	75	0.000928098	1
3	76	-0.00436361	1
3	77	0.00536079	0
3	78	0.00257211	0
3	79	-0.0198499	1
3	80	-0.0100024	0
3	81	-0.0201465	0
3	82	-0.00783394	1
3	83	-0.00610807	1
3	84	-0.0012153	0
3	85	0.00388274	0
3	86	0.00748135	0
3	87	0.0123232	1
3	88	-0.012076	1
3	89	0.00285189	1
3	90	-0.00040062	0
3	91	0.0160856	1
3	92	-0.0167364	0
3	93	-0.00588498	1
3	94	0.00714187	0
3	95	-0.0142227	1
3	96	0.00288013	1
3	97	-0.00211583	0
3	98	-0.0180034	1
3	99	-0.0121052	0
4	0	0.0128473	0
4	1	0.0243858	1
4	2	-0.00255541	0
4	3	-0.00328183	0
4	4	-0.0141281	0
4	5	-0.00743082	1
4	6	0.0123986	0
4	7	0.00165382	1
4	8	0.0259902	0
4	9	-0.0166539	0
4	10	0.0222751	0
4	11	-0.00447265	0
4	12	0.00650616	0
4	13	0.0278286	0
4	14	0.0103175	1
4	15	0.00629407	1
4	16	0.0077629	0
4	17	0.0116564	1
4	18	0.0043197	1
4	19	-0.00030666	0
4	20	-0.0287313	0
4	21	-0.00806725	1
4	22	-0.00853529	1
4	23	0.00958664	1
4	24	0.021051	0
4	25	-0.0166457	1
4	26	-0.01472	1
4	27	-0.00186679	0
4	28	-0.00296023	1
4	29	-0.0125856	1
4	30	0.00660715	0
4	31	0.00629058	1
4	32	0.00811812	1
4	33	-0.0222155	1
4	34	-0.00582383	1
4	35	-0.0251537	0
4	36	-0.0128821	0
4	37	0.0209568	0
4	38	-0.011839	0
4	39	0.00829451	1
4	40	-0.00195675	0
4	41	-0.00763512	0
4	42	0.00511779	0
4	43	0.00972036	0
4	44	-0.0152111	0
4	45	-0.0163681	0
4	46	0.00739806	1
4	47	0.0176117	0
4	48	-0.0311762	0
4	49	-0.00302299	1
4	50	-0.0091255	0
4	51	-0.0245335	1
4	52	-0.0198968	0
4	53	0.0431375	1
4	54	0.0344252	1
4	55	-0.000562472	0
4	56	-0.0228795	1
4	57	-0.00413985	1
4	58	0.0181203	0
4	59	-0.00482259	0
4	60	0.007197	0
4	61	-0.00190851	1
4	62	0.00238308	1
4	63	0.0202836	0
4	64	0.0163335	1
4	65	-0.00201203	0
4	66	-0.0207997	0
4	67	-0.0120408	1
4	68	-0.0132303	1
4	69	-0.0103279	1
4	70	-0.00772874	0
4	71	-0.00499097	1
4	72	-0.0148207	0
4	73	0.0014894	1
4	74	-0.000228587	1
4	75	0.0063282	1
4	76	0.00259908	0
4	77	0.0292871	1
4	78	0.0172348	0
4	79	0.00158125	1
4	80	-0.00132403	0
4	81	0.00673675	0
4	82	-0.00781563	1
4	83	0.00506023	0
4	84	0.0052954	0
4	85	-0.0110146	1
4	86	-0.00738165	1
4	87	-0.0364758	0
4	88	0.0103721	1
4	89	0.0165164	1
4	90	-0.0108779	0
4	91	0.00288884	1
4	92	0.0116421	1
4	93	-0.00986474	0
4	94	-0.00332156	1
4	95	-0.00125687	0
4	96	0.00684853	0
4	97	0.0303907	1
4	98	-0.0164236	1
4	99	-0.0151092	0
5	0	-0.0140989	1
5	1	-0.0169754	0
5	2	0.0069922	1
5	3	0.0173813	1
5	4	0.00455487	1
5	5	-0.0219286	1
5	6	-0.000785498	0
5	7	0.0165875	0
5	8	0.0204863	0
5	9	-0.0212111	0
5	10	-0.00274973	1
5	11	0.00713291	0
5	12	-0.0112053	1
5	13	-0.0236907	1
5	14	-0.0182935	1
5	15	-0.00698355	0
5	16	0.00232272	0
5	17	-0.00443692	0
5	18	0.00235063	0
5	19	-0.0396411	1
5	20	0.0133206	0
5	21	-0.000649785	1
5	22	-0.0387607	1
5	23	-0.0195084	0
5	24	0.0129182	0
5	25	0.00811317	1
5	26	0.00863565	0
5	27	0.0116807	1
5	28	0.00108667	1
5	29	0.000961319	0
5	30	0.0287847	1
5	31	0.0285291	0
5	32	0.00592718	0
5	33	-0.00825759	0
5	34	0.00517467	1
5	35	-0.00645734	1
5	36	0.0039347	0
5	37	0.0259949	0
5	38	0.0042197	1
5	39	0.0039616	0
5	40	-0.0139979	0
5	41	-0.0226764	1
5	42	-0.00746334	0
5	43	-0.0276902	0
5	44	0.00405929	0
5	45	-0.00504136	1
5	46	-0.0214809	1
5	47	-0.00438298	1
5	48	-0.0138194	0
5	49	-0.0197789	0
5	50	0.027448	0
5	51	0.0118165	0
5	52	0.00985863	1
5	53	0.0104431	0
5	54	-0.00407645	0
5	55	-0.005999	0
5	56	0.0161129	1
5	57	0.0225703	0
5	58	0.0177617	0
5	59	-0.0132998	0
5	60	0.0177536	1
5	61	-0.00533463	1
5	62	-0.0277921	0
5	63	0.00399979	0
5	64	-0.0240963	0
5	65	-0.00462821	0
5	66	-0.0163905	0
5	67	0.00368203	1
5	68	0.0106839	0
5	69	0.0338255	1
5	70	-0.0212686	1
5	71	0.0151164	0
5	72	0.0200534	0
5	73	-0.00500213	0
5	74	-0.0030523	1
5	75	-0.00898606	0
5	76	0.0123358	0
5	77	0.00126082	0
5	78	0.00466214	0
5	79	-0.00819957	1
5	80	0.0046779	1
5	81	0.0237099	0
5	82	-0.0140049	1
5	83	0.0113641	0
5	84	0.032092	0
5	85	0.00598675	0
5	86	0.0103516	1
5	87	-0.00287368	1
5	88	-0.00239602	1
5	89	0.000473117	1
5	90	-0.00136296	1
5	91	-0.0229087	1
5	92	0.000150947	1
5	93	-0.0168395	1
5	94	0.00470458	0
5	95	0.00478041	0
5	96	0.0205075	1
5	97	0.000932976	1
5	98	-0.0136999	0
5	99	0.00994983	1
6	0	-0.00229098	1
6	1	-0.0279876	1
6	2	0.00761707	0
6	3	-0.00752139	1
6	4	0.0224775	0
6	5	-0.0151935	1
6	6	-0.00414286	1
6	7	-0.0156899	0
6	8	-0.0108129	1
6	9	-0.00683645	0
6	10	-0.0047803	1
6	11	0.00857506	1
6	12	0.0355088	1
6	13	-0.0174785	1
6	14	-0.0263377	0
6	15	-0.00836881	0
6	16	-0.0177434	1
6	17	0.00151563	0
6	18	0.0137529	1
6	19	0.0138309	0
6	20	-0.000148783	1
6	21	0.00669207	0
6	22	-0.0039546	1
6	23	0.0135381	0
6	24	-0.00318075	0
6	25	-0.0195548	1
6	26	0.023444	0
6	27	0.0213818	0
6	28	0.01444	1
6	29	-0.0307495	0
6	30	-0.0039952	1
6	31	-0.00164747	1
6	32	-0.00180279	1
6	33	0.0186277	1
6	34	0.0063947	0
6	35	0.00959825	0
6	36	-0.00127582	1
6	37	0.00829407	1
6	38	0.0180366	0
6	39	-3.79846e-05	0
6	40	0.00902707	0
6	41	0.011026	0
6	42	0.0174253	0
6	43	-0.0260519	0
6	44	-0.00590288	1
6	45	-0.0190198	1
6	46	-0.0116345	0
6	47	0.024472	1
6	48	-0.00623761	1
6	49	0.0263441	1
6	50	0.0205232	0
6	51	0.00297421	1
6	52	-0.0098737	0
6	53	-0.0127115	1
6	54	-0.0181281	1
6	55	0.0225895	1
6	56	0.0224386	1
6	57	0.010918	1
6	58	-0.0120179	1
6	59	0.00613819	1
6	60	-0.0222173	1
6	61	0.00169488	0
6	62	-0.002167	0
6	63	-0.0123629	1
6	64	0.00276586	1
6	65	0.0198566	0
6	66	-0.00122868	0
6	67	-0.00030357	1
6	68	-0.0102689	1
6	69	-0.00376624	0
6	70	0.00899919	1
6	71	-0.0078554	1
6	72	-0.00626347	0
6	73	0.00709148	1
6	74	0.00747866	1
6	75	0.00127258	0
6	76	-0.0200618	0
6	77	0.0139414	0
6	78	-0.0204829	1
6	79	-0.0242918	1
6	80	0.0102562	0
6	81	0.0234805	1
6	82	-0.000548304	0
6	83	0.0265691	1
6	84	0.00866157	0
6	85	0.0246479	0
6	86	-0.00371256	0
6	87	0.0142683	0
6	88	-0.0266074	1
6	89	-0.0281503	0
6	90	-0.00478133	0
6	91	-0.000563555	0
6	92	-0.0163619	1
6	93	0.00186595	1
6	94	-0.00392391	1
6	95	-0.0102821	1
6	96	0.00486467	1
6	97	-0.00468974	1
6	98	-0.00227554	0
6	99	-0.00903973	0
7	0	-0.00628777	1
7	1	-0.0129509	1
7	2	-0.000583004	0
7	3	0.00407854	1
7	4	0.00160749	0
7	5	0.00261483	1
7	6	-0.00036275	0
7	7	-0.000295254	0
7	8	0.0104379	0
7	9	-0.00797735	1
7	10	0.00825412	0
7	11	-0.0213918	0
7	12	-0.00213116	1
7	13	0.022978	1
7	14	-0.0111417	0
7	15	0.00138894	1
7	16	-0.0143816	0
7	17	-0.00332898	0
7	18	0.0119016	0
7	19	-0.0169108	1
7	20	0.0105106	1
7	21	0.000461925	1
7	22	0.000190521	1
7	23	-0.00293957	0
7	24	0.0291718	0
7	25	-0.0100504	1
7	26	-0.032959	0
7	27	0.0227982	1
7	28	-0.0156869	0
7	29	0.00743341	0
7	30	0.0181674	1
7	31	0.0133082	0
7	32	-0.00162906	0
7	33	-0.0138792	0
7	34	-0.00534563	0
7	35	-0.0220182	1
7	36	0.0164399	0
7	37	-0.0123685	1
7	38	0.0142487	1
7	39	-0.0152445	0
7	40	-0.00243233	1
7	41	0.0117649	0
7	42	-0.000445153	0
7	43	0.00485713	0
7	44	0.015877	0
7	45	0.032187	1
7	46	-0.00233346	1
7	47	-0.011568	1
7	48	-0.00741903	0
7	49	0.0136044	1
7	50	0.0121751	0
7	51	-0.0026719	1
7	52	-0.0129748	1
7	53	0.0124033	1
7	54	-0.00478282	0
7	55	0.00709264	1
7	56	0.010409	0
7	57	0.0039633	0
7	58	-0.0262184	0
7	59	0.00431996	1
7	60	0.00978212	0
7	61	-0.0151417	1
7	62	0.0151823	0
7	63	0.0222522	0
7	64	0.00292937	1
7	65	0.019403	0
7	66	-0.0016114	0
7	67	-0.00048012	1
7	68	-0.0227719	0
7	69	-0.00363063	1
7	70	-0.0133658	1
7	71	-0.0168304	0
7	72	-0.0147157	1
7	73	0.0138925	1
7	74	-0.00247587	0
7	75	0.00504421	1
7	76	-0.00401712	1
7	77	0.0508719	1
7	78	-0.000250009	1
7	79	-0.0178781	0
7	80	-0.00686996	0
7	81	-0.0193196	0
7	82	0.00985132	0
7	83	-0.0201894	0
7	84	0.00680086	1
7	85	0.00105813	0
7	86	0.0116567	0
7	87	-0.0165952	1
7	88	0.0114673	1
7	89	0.00377797	1
7	90	0.0115491	0
7	91	-0.0099911	1
7	92	-0.00674428	1
7	93	0.0203943	1
7	94	-0.00952563	0
7	95	-0.00980507	1
7	96	5.90962e-05	1
7	97	-0.0363311	0
7	98	0.00774681	0
7	99	0.000884992	1
8	0	0.0135926	0
8	1	0.0100276	1
8	2	-0.0433674	1
8	3	0.0194941	0
8	4	-0.00139331	1
8	5	4.60759e-05	0
8	6	0.0252699	0
8	7	-0.0310895	0
8	8	-0.00527281	1
8	9	0.00717324	0
8	10	-0.00420699	0
8	11	0.00576032	1
8	12	-0.0159703	0
8	13	-0.00905193	1
8	14	-0.0171571	0
8	15	-0.0120989	1
8	16	-0.0121377	1
8	17	-0.0126669	1
8	18	0.0199332	0
8	19	0.00261396	0
8	20	-0.00499842	1
8	21	-0.0077068	0
8	22	-0.00624309	0
8	23	0.000560128	0
8	24	-0.019716	1
8	25	-0.00591347	1
8	26	-0.00211992	0
8	27	0.015094	0
8	28	-0.00809652	0
8	29	0.00586838	1
8	30	0.0195045	1
8	31	-0.00548552	0
8	32	0.0143498	1
8	33	-0.0165482	1
8	34	0.0232113	1
8	35	-0.0152725	0
8	36	-0.0054027	1
8	37	0.0224692	0
8	38	0.00760516	0
8	39	-0.0161843	0
8	40	-0.000760208	1
8	41	7.22108e-05	1
8	42	-0.00732047	0
8	43	0.0111216	1
8	44	-0.00906202	1
8	45	0.0136168	1
8	46	0.0267681	0
8	47	-0.0126829	1
8	48	0.0196807	0
8	49	-0.00669912	1
8	50	-0.000739655	0
8	51	-0.0168936	1
8	52	0.00995422	1
8	53	-0.0135016	1
8	54	0.0200324	1
8	55	0.0144154	0
8	56	0.00093187	1
8	57	-0.000724274	0
8	58	0.00573726	1
8	59	-0.0155814	1
8	60	0.0167811	1
8	61	-0.00769467	0
8	62	-0.010343	1
8	63	0.00287585	1
8	64	0.0129991	1
8	65	-0.00534469	1
8	66	0.00347708	1
8	67	0.00997107	1
8	68	-0.000766012	0
8	69	-0.014581	0
8	70	-0.000918081	1
8	71	-0.0262739	1
8	72	-0.0184654	0
8	73	0.0148585	0
8	74	0.00328553	0
8	75	0.0227829	1
8	76	0.0212751	1
8	77	0.0215839	1
8	78	0.00881919	0
8	79	-0.00154078	0
8	80	-0.00951922	1
8	81	-0.00146589	1
8	82	0.00902692	0
8	83	0.00292053	0
8	84	0.0206556	1
8	85	0.0228014	1
8	86	-0.0129165	0
8	87	0.000168574	1
8	88	-0.0180135	0
8	89	-0.0213098	1
8	90	0.00601802	0
8	91	0.00354914	1
8	92	-0.0177494	0
8	93	-0.00197532	0
8	94	0.00884419	0
8	95	-0.00027852	1
8	96	-0.0124587	1
8	97	0.00458913	0
8	98	-0.00673411	1
8	99	-0.0017729	1
9	0	-0.00162483	0
9	1	-0.00583967	1
9	2	0.0228556	0
9	3	-0.0134943	0
9	4	-0.00935085	0
9	5	-0.000491648	0
9	6	-0.00413921	1
9	7	0.0125691	0
9	8	0.0151577	1
9	9	-0.0136815	1
9	10	0.0157765	1
9	11	-0.0190515	0
9	12	0.0262121	0
9	13	0.00250338	1
9	14	-0.0014583	0
9	15	0.0227878	1
9	16	0.00853428	0
9	17	-0.0161614	1
9	18	0.00476418	0
9	19	-0.0180796	0
9	20	-0.0264214	0
9	21	-0.00236255	1
9	22	-0.00254808	0
9	23	-0.0117202	0
9	24	-0.0199874	1
9	25	0.0143429	1
9	26	-0.0135038	1
9	27	-0.00887637	0
9	28	0.00618529	1
9	29	0.00784659	1
9	30	0.00227622	1
9	31	-0.0100771	0
9	32	0.0165569	1
9	33	-0.016638	1
9	34	-0.00795008	1
9	35	0.0123519	0
9	36	0.0165918	0
9	37	0.00995031	1
9	38	0.00194398	1
9	39	-0.02116	1
9	40	0.0128089	1
9	41	0.00350555	0
9	42	-0.00498209	0
9	43	0.00615887	0
9	44	0.0129262	0
9	45	-0.00167493	1
9	46	-0.00341726	1
9	47	-0.00110645	0
9	48	-0.0103696	1
9	49	-0.0199409	0
9	50	0.00480061	1
9	51	0.00319063	0
9	52	0.0234713	1
9	53	-0.0130772	1
9	54	0.00529554	0
9	55	0.00267615	1
9	56	-0.000289486	0
9	57	0.0144304	0
9	58	-0.0179134	0
9	59	0.0243754	1
9	60	-0.0124168	0
9	61	-0.00788361	1
9	62	0.00052084	0
9	63	-0.0280897	0
9	64	0.0153376	0
9	65	0.0154796	0
9	66	0.00670836	0
9	67	0.0187978	1
9	68	0.00719385	0
9	69	0.0140857	1
9	70	0.0144038	0
9	71	-0.0256192	1
9	72	-0.0309469	0
9	73	0.0192869	1
9	74	0.00666722	1
9	75	-0.00807023	1
9	76	-0.0022655	0
9	77	0.00393037	0
9	78	0.0187945	1
9	79	0.01168	1
9	80	-0.0175452	1
9	81	-0.0137517	0
9	82	0.0178778	0
9	83	-0.0225876	1
9	84	-0.00900572	0
9	85	-0.00851131	0
9	86	0.0126412	1
9	87	-0.00452598	0
9	88	-0.00308166	0
9	89	-0.012915	0
9	90	-0.0270993	0
9	91	0.0183703	1
9	92	-0.0203496	0
9	93	0.0114297	1
9	94	0.0100956	0
9	95	0.00751351	1
9	96	-0.00672316	1
9	97	0.0102383	1
9	98	-0.00936881	1
9	99	0.0142469	1
10	0	0.00117662	0
10	1	0.00653041	1
10	2	-0.00484317	0
10	3	-0.0157015	1
10	4	-0.0107574	0
10	5	-0.0166206	1
10	6	-0.00873616	0
10	7	0.000708753	0
10	8	0.00764348	1
10	9	0.0226426	1
10	10	-0.0025754	0
10	11	0.0175361	1
10	12	-0.00480907	1
10	13	-0.0156313	1
10	14	-0.0234499	0
10	15	-0.000345128	0
10	16	-0.0254285	1
10	17	-0.0105996	1
10	18	0.000283846	0
10	19	-0.00971997	1
10	20	0.00359368	0
10	21	-0.0143013	1
10	22	-0.0205251	1
10	23	-0.0158371	1
10	24	-0.00328263	0
10	25	0.0168663	0
10	26	-0.01088	0
10	27	0.0206245	0
10	28	0.0162178	0
10	29	0.00338913	1
10	30	-0.0263695	0
10	31	0.00897534	0
10	32	0.0229007	1
10	33	-0.00394589	1
10	34	0.00051238	0
10	35	-0.00980485	0
10	36	0.00913504	0
10	37	-0.0217405	0
10	38	0.0241966	0
10	39	0.0171971	0
10	40	-0.0228882	0
10	41	0.0309253	1
10	42	0.00338176	0
10	43	-0.0137747	1
10	44	0.00541076	0
10	45	-0.00851384	0
10	46	0.015421	1
10	47	0.0237708	0
10	48	-0.00909052	1
10	49	0.00247244	1
10	50	0.0207419	1
10	51	0.00894144	1
10	52	0.0271915	1
10	53	-0.0373177	1
10	54	-0.0226485	1
10	55	-0.0133971	0
10	56	0.0172939	1
10	57	-0.031991	0
10	58	-0.0165228	1
10	59	0.0025964	0
10	60	-0.027296	1
10	61	0.0216545	0
10	62	-0.00314822	1
10	63	0.0197219	1
10	64	-0.0142862	1
10	65	-0.00135335	1
10	66	-0.00717837	0
10	67	0.0208455	1
10	68	0.0289105	1
10	69	-0.000391175	0
10	70	-0.00320413	0
10	71	-0.00841026	0
10	72	0.00393116	0
10	73	-0.00928112	1
10	74	0.0124059	0
10	75	-0.017267	0
10	76	0.00738961	1
10	77	0.00388643	1
10	78	0.0310413	1
10	79	0.0312169	0
10	80	0.0322627	0
10	81	0.0366925	0
10	82	0.0147513	1
10	83	0.0171942	1
10	84	-0.0264323	0
10	85	-0.0108467	0
10	86	0.00330028	1
10	87	0.0268452	1
10	88	-0.00724874	1
10	89	0.000381227	0
10	90	-0.0164257	1
10	91	-0.0139467	0
10	92	0.00767731	0
10	93	-0.00368595	0
10	94	0.0154527	0
10	95	-0.0163303	1
10	96	-0.0314198	1
10	97	-0.00347714	0
10	98	-0.00337507	0
10	99	-0.0167856	1
11	0	-0.0341236	0
11	1	-0.0205731	0
11	2	-0.0109951	0
11	3	0.00306358	0
11	4	0.00998934	0
11	5	0.00516542	1
11	6	0.0219375	0
11	7	0.0286282	0
11	8	-0.0188237	1
11	9	0.0115702	0
11	10	-0.00500608	0
11	11	0.0141094	0
11	12	-0.00449988	0
11	13	-0.00705833	1
11	14	0.0307449	0
11	15	-0.00921938	0
11	16	-0.00424793	0
11	17	0.00369696	1
11	18	-0.0234777	1
11	19	-0.0129402	0
11	20	-0.00480805	1
11	21	0.000380316	1
11	22	0.00953513	1
11	23	0.0197415	0
11	24	-0.00812917	1
11	25	-0.00801612	0
11	26	-0.0160612	1
11	27	-0.0143475	1
11	28	-0.0145277	0
11	29	-1.39418e-05	0
11	30	0.0117917	1
11	31	-0.00431208	0
11	32	-0.00754487	0
11	33	0.00703418	1
11	34	-0.00532583	0
11	35	-0.00954398	0
11	36	-0.00943599	1
11	37	-0.00509459	1
11	38	-0.00443722	1
11	39	0.0071068	1
11	40	0.0180495	0
11	41	-0.00915524	1
11	42	-0.00463461	1
11	43	0.013439	1
11	44	0.0328196	1
11	45	-0.0151927	1
11	46	0.0198205	1
11	47	-0.0107127	0
11	48	0.039671	1
11	49	-0.000564639	1
11	50	-0.0154054	0
11	51	-0.014268	0
11	52	0.00988049	1
11	53	-0.0166768	0
11	54	-0.00987245	0
11	55	-0.00327261	1
11	56	-0.0144456	1
11	57	0.00454389	0
11	58	0.0122032	1
11	59	-0.0322234	1
11	60	0.0282947	1
11	61	-0.0104624	0
11	62	0.0168356	0
11	63	-0.00329959	1
11	64	-0.0105285	0
11	65	0.00218271	0
11	66	0.00954932	1
11	67	0.0151112	1
11	68	-0.0194407	1
11	69	0.00608781	0
11	70	0.0103801	0
11	71	0.00315368	1
11	72	-0.010949	1
11	73	0.0346551	1
11	74	0.0039561	0
11	75	-0.00772252	1
11	76	-0.0120792	0
11	77	0.00801606	0
11	78	0.0254487	1
11	79	-0.0234417	0
11	80	0.0172755	1
11	81	0.0125279	0
11	82	-0.000894127	1
11	83	-0.0126649	0
11	84	-0.0141087	1
11	85	0.00305957	1
11	86	0.0123664	1
11	87	-0.00172063	0
11	88	-0.00529304	0
11	89	0.011649	1
11	90	-0.016936	1
11	91	-0.0166842	1
11	92	-0.00152638	0
11	93	0.00328433	1
11	94	-0.0131089	0
11	95	0.0221715	0
11	96	-0.00504307	0
11	97	0.0319899	1
11	98	-0.0205032	1
11	99	0.00247684	0
12	0	-0.00396899	0
12	1	0.0234102	1
12	2	-0.0292089	0
12	3	0.0125406	0
12	4	-0.00451532	1
12	5	0.00422986	0
12	6	-0.0032078	1
12	7	0.00845504	1
12	8	-0.0122213	0
12	9	-0.000466255	0
12	10	-0.00830815	1
12	11	0.0075812	1
12	12	-0.00944115	1
12	13	-0.00168264	1
12	14	-0.0140974	1
12	15	-0.00856903	0
12	16	0.00587489	0
12	17	0.00665274	1
12	18	-0.00621281	0
12	19	0.0173136	0
12	20	-0.00282475	1
12	21	-0.0171617	0
12	22	0.0159582	1
12	23	-0.00206031	0
12	24	-0.00675787	1
12	25	-0.0283084	0
12	26	0.00471912	1
12	27	-0.000632831	1
12	28	0.0125333	1
12	29	0.00025352	1
12	30	0.0133597	1
12	31	0.0184058	1
12	32	-0.00877686	1
12	33	-0.00368636	1
12	34	0.0029302	1
12	35	-0.00818376	1
12	36	-0.00322319	0
12	37	-0.00673012	1
12	38	0.014037	0
12	39	0.0126887	0
12	40	-0.00037734	0
12	41	-0.0291937	0
12	42	0.000191518	0
12	43	-0.0128432	0
12	44	-0.00151752	0
12	45	0.00907589	1
12	46	-0.0103676	1
12	47	-0.0127282	0
12	48	-0.0149216	0
12	49	0.00704671	1
12	50	0.0106166	0
12	51	-0.0087732	0
12	52	0.00598564	1
12	53	0.0127134	0
12	54	-0.000640897	1
12	55	-0.0174235	1
12	56	-0.00731456	1
12	57	0.00111822	0
12	58	-0.00886867	1
12	59	-0.000479612	0
12	60	-0.0139743	0
12	61	0.00417376	1
12	62	0.0050587	0
12	63	-0.000913273	1
12	64	0.0108739	1
12	65	0.00781501	1
12	66	0.00961148	0
12	67	0.00845547	1
12	68	-0.0111481	0
12	69	-0.0037716	0
12	70	-0.016783	0
12	71	-0.000416579	1
12	72	-0.00502773	1
12	73	0.0073611	1
12	74	0.017622	0
12	75	0.0196805	1
12	76	0.0354114	1
12	77	0.0145892	0
12	78	-0.0278029	1
12	79	0.0188176	0
12	80	0.00185058	1
12	81	0.0130562	0
12	82	0.0333015	1
12	83	-0.0176223	1
12	84	0.00959917	1
12	85	0.00177619	1
12	86	0.000609286	0
12	87	-0.00912302	0
12	88	-0.00874562	1
12	89	0.0159729	0
12	90	-0.00446823	1
12	91	-0.0172527	0
12	92	-0.0168545	1
12	93	0.0106206	1
12	94	-0.000311057	0
12	95	-0.00658879	0
12	96	0.0145388	1
12	97	-0.0117643	1
12	98	-0.00111471	0
12	99	0.000891002	0
13	0	-0.00314972	0
13	1	-0.0137164	0
13	2	-0.00649637	1
13	3	0.00900963	0
13	4	-0.0128061	0
13	5	0.0356976	1
13	6	-0.00590188	0
13	7	0.00370068	0
13	8	0.00299341	0
13	9	0.011409	1
13	10	0.0344681	0
13	11	0.0153015	1
13	12	0.0189571	0
13	13	0.00383333	0
13	14	0.0163539	0
13	15	-0.000686204	0
13	16	-0.00690692	1
13	17	0.00828412	1
13	18	-0.00601451	0
13	19	0.0200393	1
13	20	-0.00465448	1
13	21	-0.0111315	1
13	22	-0.00391653	0
13	23	0.00365813	1
13	24	0.0316146	1
13	25	0.0143341	1
13	26	0.00551633	0
13	27	-0.0116876	1
13	28	0.0210147	1
13	29	0.00229767	1
13	30	-0.0109856	0
13	31	-0.0315678	1
13	32	-0.00374537	1
13	33	0.0116407	1
13	34	-0.00799022	1
13	35	0.0142309	1
13	36	0.000935377	1
13	37	-5.34297e-05	0
13	38	0.0151213	1
13	39	0.0089365	0
13	40	0.000528497	0
13	41	0.0190602	1
13	42	-0.0195472	1
13	43	0.0094849	1
13	44	0.0187505	1
13	45	0.0115985	0
13	46	0.00321776	0
13	47	9.51154e-05	1
13	48	-0.0299758	1
13	49	-0.0194859	1
13	50	0.00415454	1
13	51	0.00544364	1
13	52	-0.0108789	1
13	53	0.00412936	0
13	54	-0.0106133	1
13	55	-0.00257731	1
13	56	-0.00565418	1
13	57	-0.0173816	0
13	58	0.000162862	1
13	59	-0.0114664	0
13	60	0.0160047	1
13	61	-0.0185283	1
13	62	-0.0125951	1
13	63	-0.0110536	1
13	64	0.00359148	0
13	65	-0.0276257	1
13	66	-0.00743696	1
13	67	-0.0119595	0
13	68	0.0108066	0
13	69	0.00921239	1
13	70	-0.0107863	0
13	71	-0.00895292	0
13	72	-0.0153954	0
13	73	-0.0128968	1
13	74	-0.00325134	1
13	75	-0.000126079	1
13	76	-0.0186348	0
13	77	0.0163993	0
13	78	-0.0230557	0
13	79	0.002686	0
13	80	0.00111874	1
13	81	-0.00752479	1
13	82	0.0058029	1
13	83	0.00133634	0
13	84	-0.0318509	0
13	85	-0.00975667	1
13	86	0.009935	0
13	87	-0.0167129	1
13	88	-0.0166129	1
13	89	0.0277352	1
13	90	0.00614173	0
13	91	-0.0187985	0
13	92	0.0114541	0
13	93	-0.00931854	0
13	94	0.00239491	1
13	95	-0.00514776	1
13	96	0.0138455	0
13	97	0.0285847	0
13	98	-0.0144225	0
13	99	0.0284116	1
14	0	-0.00389721	0
14	1	-0.00372413	1
14	2	0.00639056	0
14	3	0.00262255	0
14	4	0.00553463	0
14	5	0.0143262	0
14	6	-0.00830356	0
14	7	0.0214514	1
14	8	0.00404896	0
14	9	0.0190964	0
14	10	0.000922872	1
14	11	0.0154957	0
14	12	0.0157483	0
14	13	-0.0064575	1
14	14	0.0206778	0
14	15	0.0320801	1
14	16	-0.000267483	1
14	17	-0.00717021	1
14	18	0.0109148	0
14	19	-0.0122083	0
14	20	0.0110538	0
14	21	0.0283038	1
14	22	0.00361305	0
14	23	0.00237559	1
14	24	0.00998958	0
14	25	0.00884958	1
14	26	0.0012218	0
14	27	0.00869502	1
14	28	0.0064999	0
14	29	-0.00739305	0
14	30	-0.0195238	0
14	31	0.00309659	0
14	32	-0.00191674	0
14	33	-0.0131016	0
14	34	-0.0267932	0
14	35	0.0240102	0
14	36	0.0092482	0
14	37	0.00350334	1
14	38	0.0016893	0
14	39	0.0183903	1
14	40	-0.00653825	1
14	41	-0.00882512	0
14	42	-0.0107649	0
14	43	-0.00178252	1
14	44	0.00439716	1
14	45	-0.00401158	1
14	46	-0.00681686	1
14	47	-0.0086517	1
14	48	-0.00469031	0
14	49	0.00484675	0
14	50	0.00168358	1
14	51	-0.00311406	0
14	52	-0.0128821	0
14	53	-0.00315137	0
14	54	-0.00260811	1
14	55	-0.000112425	0
14	56	-0.00574576	1
14	57	0.00629666	0
14	58	0.0201343	1
14	59	0.00546452	0
14	60	-0.0322254	1
14	61	-0.0143806	1
14	62	-0.0163306	1
14	63	0.00228674	1
14	64	-0.00481559	1
14	65	-0.00240742	1
14	66	-0.0167509	1
14	67	-0.00348193	0
14	68	-0.0015273	0
14	69	-0.00750394	0
14	70	0.00229174	1
14	71	0.0111456	0
14	72	0.0161794	1
14	73	0.00216294	1
14	74	-0.000237563	1
14	75	-0.0061207	1
14	76	-0.0101245	0
14	77	-0.00626612	1
14	78	-0.0318546	0
14	79	0.0206012	1
14	80	-0.00797629	1
14	81	-0.00973201	1
14	82	-0.00734176	1
14	83	0.000994313	0
14	84	-0.00363238	0
14	85	-0.0151474	0
14	86	-0.0101356	0
14	87	-0.00536262	1
14	88	-0.0134609	1
14	89	0.0114568	0
14	90	0.0111704	0
14	91	-0.0143304	0
14	92	-0.0118541	1
14	93	0.0158913	1
14	94	0.0119467	1
14	95	-0.00252123	1
14	96	0.0132142	0
14	97	0.0045872	0
14	98	-0.022503	0
14	99	-0.00812522	0
15	0	-0.0185182	1
15	1	-0.0208897	0
15	2	0.0034066	1
15	3	-0.00790595	1
15	4	0.00351519	0
15	5	0.0222741	0
15	6	0.00134111	1
15	7	0.00782051	0
15	8	0.00842646	0
15	9	0.0158485	1
15	10	-0.0218633	1
15	11	-0.00313623	1
15	12	-0.00336263	1
15	13	-0.0153515	1
15	14	0.0119024	1
15	15	0.0104901	1
15	16	-0.010022	0
15	17	-0.00503129	0
15	18	0.00227583	0
15	19	0.00164588	1
15	20	0.00754474	1
15	21	0.000707768	1
15	22	0.0103533	1
15	23	-0.0144652	0
15	24	-0.0027261	0
15	25	0.0049094	1
15	26	0.0185018	1
15	27	-0.00505089	1
15	28	-0.00125164	0
15	29	-0.00116934	0
15	30	-0.0125876	1
15	31	0.0280573	0
15	32	-0.00176933	1
15	33	-0.00301984	0
15	34	-0.00272644	1
15	35	0.0141185	0
15	36	-0.0113532	1
15	37	-0.021965	0
15	38	0.00376794	1
15	39	-0.0179553	1
15	40	0.00885267	1
15	41	-0.0117161	0
15	42	-0.00079658	1
15	43	-0.0145867	0
15	44	9.62535e-05	0
15	45	-0.0234214	1
15	46	0.0138754	0
15	47	-0.00575825	1
15	48	-0.0143526	0
15	49	-0.0122203	1
15	50	-0.00294824	1
15	51	0.00323255	1
15	52	-0.0182053	0
15	53	-0.0181288	0
15	54	0.00170731	0
15	55	-0.0213409	1
15	56	0.000527955	1
15	57	-0.0306125	0
15	58	-0.01605	1
15	59	0.0330252	1
15	60	0.0351182	0
15	61	-0.00327035	1
15	62	0.0205565	0
15	63	-0.0269402	0
15	64	-0.0151213	0
15	65	-0.00539273	1
15	66	-0.00632195	0
15	67	0.00343111	1
15	68	-0.00514835	0
15	69	0.0254457	1
15	70	0.0117746	1
15	71	-0.00186401	1
15	72	0.00287283	1
15	73	0.0130321	1
15	74	-0.00160404	1
15	75	-0.000308277	1
15	76	0.0267808	1
15	77	0.00652471	1
15	78	-0.00632134	1
15	79	0.00907242	0
15	80	0.00802644	1
15	81	-0.00546291	0
15	82	0.00911806	0
15	83	-0.00897174	0
15	84	-0.0104906	1
15	85	0.00924158	0
15	86	-0.00716253	1
15	87	-0.0137716	0
15	88	0.0213646	0
15	89	0.0167703	0
15	90	0.013848	0
15	91	-0.00405542	1
15	92	-0.00456525	0
15	93	0.0128917	0
15	94	0.0154486	1
15	95	-0.00542253	0
15	96	-0.0118653	0
15	97	0.0108874	1
15	98	0.00414151	1
15	99	0.0217465	0
16	0	-0.00624719	0
16	1	0.0239561	0
16	2	-0.010851	1
16	3	0.00576351	0
16	4	0.00357472	0
16	5	0.00732445	1
16	6	0.00828559	1
16	7	-0.00446455	1
16	8	0.0203213	1
16	9	-0.00345518	0
16	10	-0.00221711	0
16	11	-0.0234522	0
16	12	0.00192644	1
16	13	0.0179012	1
16	14	0.00165399	1
16	15	0.0039457	0
16	16	-0.00300308	0
16	17	-0.00203338	0
16	18	0.0203536	1
16	19	-0.00384853	0
16	20	0.00169234	1
16	21	-0.0153015	0
16	22	0.015142	1
16	23	0.00412689	0
16	24	-0.00119426	0
16	25	0.00269548	1
16	26	-0.0082134	1
16	27	-0.00610889	1
16	28	-0.00233898	1
16	29	0.0146585	1
16	30	0.0115426	1
16	31	-0.0202735	1
16	32	-0.00528364	1
16	33	0.00138318	1
16	34	0.000232931	0
16	35	-0.0101872	1
16	36	-0.00232411	1
16	37	0.0125416	1
16	38	0.00426958	1
16	39	0.00587864	1
16	40	0.000705261	0
16	41	-0.0189178	1
16	42	-0.0249837	0
16	43	0.00193041	0
16	44	-0.00484864	0
16	45	-0.0056753	1
16	46	-0.00932332	0
16	47	-0.0113115	1
16	48	-0.00196838	0
16	49	0.0141986	0
16	50	0.0194882	0
16	51	-0.0120361	1
16	52	0.00489352	0
16	53	-0.00497409	0
16	54	0.0102058	0
16	55	-0.00630283	1
16	56	-0.00245255	0
16	57	-0.00966375	1
16	58	-0.0175286	0
16	59	0.00314225	0
16	60	-0.0105057	1
16	61	0.00821175	0
16	62	0.0208257	1
16	63	0.00938336	1
16	64	0.00562089	1
16	65	0.023159	1
16	66	-0.0226028	0
16	67	0.00987914	0
16	68	0.00205074	1
16	69	0.0215494	1
16	70	-0.0102631	0
16	71	-0.0159972	1
16	72	0.0112207	0
16	73	-0.0263098	0
16	74	0.00872965	0
16	75	-0.00651877	0
16	76	0.015469	1
16	77	-0.000983738	1
16	78	-0.00917408	0
16	79	-0.0284978	1
16	80	0.00352259	0
16	81	-0.0150694	0
16	82	0.00204496	1
16	83	-0.0116275	0
16	84	0.0215596	1
16	85	0.0098742	1
16	86	0.00608263	1
16	87	0.00396775	0
16	88	0.0134972	0
16	89	0.00301346	1
16	90	0.0220705	1
16	91	0.020538	0
16	92	0.00124464	0
16	93	-0.0350671	0
16	94	-0.0162932	0
16	95	-0.00899448	1
16	96	-0.0143776	1
16	97	-0.0190776	0
16	98	0.00204028	0
16	99	0.0228546	0
17	0	0.0218494	0
17	1	-0.0178378	1
17	2	0.00216116	0
17	3	0.0103305	1
17	4	-0.00561556	0
17	5	0.00391824	1
17	6	0.00307237	0
17	7	0.0200337	1
17	8	-0.0218233	0
17	9	0.00917445	0
17	10	0.00564083	1
17	11	-0.0277353	1
17	12	-0.0135599	1
17	13	-0.00654374	1
17	14	-0.00352674	1
17	15	0.00628955	0
17	16	-0.0317992	1
17	17	-0.0267237	0
17	18	0.00897947	0
17	19	0.0226302	0
17	20	-0.0170795	0
17	21	-0.00586809	0
17	22	-0.00748555	1
17	23	0.00278987	1
17	24	0.00261739	0
17	25	0.0151487	0
17	26	-0.012353	1
17	27	-0.0103453	0
17	28	0.00570159	0
17	29	-0.00477849	1
17	30	-0.00249475	1
17	31	0.0135572	1
17	32	-0.00781116	0
17	33	0.00326872	0
17	34	0.0210749	1
17	35	0.0109045	0
17	36	0.000939913	0
17	37	-0.00733491	0
17	38	0.0136965	0
17	39	0.0058089	1
17	40	-0.00430967	1
17	41	0.0198222	1
17	42	-0.0169739	0
17	43	0.0156526	1
17	44	-0.0145974	0
17	45	-0.00486549	0
17	46	-0.0143772	0
17	47	-0.000837727	0
17	48	0.0277388	0
17	49	0.00175106	0
17	50	0.0172782	0
17	51	0.00973608	0
17	52	0.0024993	1
17	53	-0.0212805	0
17	54	-0.00397983	0
17	55	0.00400142	1
17	56	0.0186493	1
17	57	-0.0151546	1
17	58	-0.00934491	1
17	59	-0.0124888	0
17	60	0.0162022	1
17	61	0.0116262	1
17	62	-0.015852	0
17	63	0.0215038	0
17	64	0.00816433	0
17	65	-0.00217177	0
17	66	0.0190665	1
17	67	-0.0105651	1
17	68	0.00405382	1
17	69	-0.0113039	0
17	70	-0.0142546	1
17	71	-0.0237927	1
17	72	0.0300068	1
17	73	-0.00534676	0
17	74	0.00822468	1
17	75	-0.010212	0
17	76	0.0133641	0
17	77	-0.0213044	1
17	78	0.00311165	1
17	79	-0.00519123	1
17	80	-0.00296541	1
17	81	0.0304911	1
17	82	0.000699521	0
17	83	0.00386132	0
17	84	-0.000246398	0
17	85	0.0161032	1
17	86	-0.0179453	0
17	87	-0.0247193	0
17	88	-0.00949135	1
17	89	0.00240187	1
17	90	0.0190676	0
17	91	-0.00372204	1
17	92	-0.00574843	0
17	93	-0.0124603	0
17	94	0.00208849	0
17	95	0.0156281	0
17	96	-0.0100562	1
17	97	-0.00615768	1
17	98	-0.00301353	1
17	99	0.013064	0
18	0	-0.0192207	0
18	1	-0.00527694	1
18	2	-0.0035826	1
18	3	0.00950726	1
18	4	0.0151889	1
18	5	-0.0172895	1
18	6	0.0126825	1
18	7	0.0327598	1
18	8	0.0259276	0
18	9	0.00858186	1
18	10	-0.020629	1
18	11	0.00578617	1
18	12	-0.00305301	0
18	13	0.00411419	1
18	14	-0.00308057	1
18	15	0.0133418	1
18	16	-0.00436746	0
18	17	0.0293177	0
18	18	0.0212209	1
18	19	-0.0117743	0
18	20	-0.0137256	1
18	21	-0.024954	1
18	22	0.00260603	1
18	23	-0.0224192	0
18	24	-0.0179773	1
18	25	0.009336	0
18	26	-0.0140135	0
18	27	-0.00470153	1
18	28	-0.00140335	1
18	29	-0.00698754	1
18	30	0.0178016	0
18	31	0.000437379	0
18	32	0.00631352	0
18	33	0.00278064	0
18	34	-0.00361404	1
18	35	0.00978588	0
18	36	-0.0161627	0
18	37	-0.00239874	1
18	38	0.009052	1
18	39	-0.00890698	1
18	40	-0.00266413	1
18	41	0.00328847	1
18	42	0.0144191	1
18	43	-0.00555838	1
18	44	-0.024737	1
18	45	-0.00158694	0
18	46	-0.00356907	1
18	47	0.00788496	0
18	48	0.00583714	1
18	49	0.0013148	0
18	50	0.000164203	1
18	51	0.00470105	0
18	52	-0.000766406	0
18	53	0.0093209	0
18	54	-0.00656497	1
18	55	-0.019806	1
18	56	0.0124483	0
18	57	-0.0199853	1
18	58	-0.000505251	1
18	59	0.0129078	0
18	60	0.00452204	1
18	61	-0.0162999	0
18	62	-0.00754746	1
18	63	-0.00407591	0
18	64	0.00749054	1
18	65	0.0253273	0
18	66	-0.00252462	1
18	67	-0.00101098	1
18	68	-0.0160306	0
18	69	0.00605538	1
18	70	0.00971176	1
18	71	-0.00330038	0
18	72	0.0209953	0
18	73	0.027523	0
18	74	0.0109989	0
18	75	-0.0268125	0
18	76	-0.0072087	0
18	77	0.00534607	0
18	78	-0.00825324	0
18	79	0.00756513	1
18	80	-0.00621726	1
18	81	-0.00296181	0
18	82	-0.00155261	0
18	83	-0.026741	1
18	84	-0.0367394	1
18	85	0.0035322	0
18	86	0.0127924	0
18	87	0.00359687	1
18	88	0.00071051	0
18	89	-0.00280488	1
18	90	-0.00296555	1
18	91	0.022573	1
18	92	0.00657747	1
18	93	-0.00166027	0
18	94	0.00633017	0
18	95	-0.00800765	1
18	96	-0.00862196	1
18	97	0.00481576	1
18	98	-0.00434542	1
18	99	0.0116719	0
19	0	0.0140013	1
19	1	0.0104759	0
19	2	-0.0225972	0
19	3	-0.0149703	0
19	4	0.00539859	1
19	5	-0.00301094	0
19	6	0.0109977	1
19	7	0.0097288	0
19	8	0.0188243	1
19	9	-0.0151703	1
19	10	0.013567	0
19	11	0.000967224	1
19	12	-0.0388086	1
19	13	-0.00180638	1
19	14	0.00843468	0
19	15	0.00416869	0
19	16	-0.0185891	1
19	17	0.0133	1
19	18	-0.00437669	1
19	19	0.025245	1
19	20	-0.0146514	0
19	21	0.00147027	1
19	22	-0.00134298	0
19	23	0.00726339	0
19	24	0.00756181	0
19	25	-0.00747433	1
19	26	0.0168629	1
19	27	-0.0279977	0
19	28	0.00758468	0
19	29	-0.0137302	1
19	30	-0.00751272	0
19	31	0.0283349	1
19	32	-0.000323137	1
19	33	-0.0213678	1
19	34	0.00483803	1
19	35	-0.00658703	1
19	36	0.00705412	0
19	37	0.00348787	0
19	38	0.00800033	0
19	39	-0.00320019	0
19	40	0.00458238	1
19	41	0.0105948	1
19	42	-0.0214465	1
19	43	0.00528345	0
19	44	0.0160617	0
19	45	-0.0189256	0
19	46	0.00738808	0
19	47	-0.00590685	0
19	48	0.00833416	1
19	49	0.00701037	0
19	50	0.00607327	0
19	51	-0.0243724	1
19	52	-0.0327982	1
19	53	-0.00157831	1
19	54	-0.00353269	1
19	55	0.0160939	0
19	56	0.0125723	0
19	57	0.0168716	1
19	58	0.000660916	0
19	59	0.000945878	1
19	60	0.0125915	0
19	61	-0.0176126	1
19	62	-0.00685877	1
19	63	0.00101116	1
19	64	0.0221871	1
19	65	0.00989177	1
19	66	0.0166934	0
19	67	-0.0058036	1
19	68	0.000264378	0
19	69	-0.00913711	0
19	70	0.00634561	1
19	71	0.0207732	0
19	72	0.0269624	0
19	73	-0.00566076	1
19	74	-0.0169307	0
19	75	0.0118019	0
19	76	-0.00901766	1
19	77	-0.0318637	1
19	78	-0.0441306	1
19	79	0.0234541	1
19	80	-0.0064589	1
19	81	-0.0126421	1
19	82	-0.0156038	0
19	83	0.0305239	0
19	84	-0.00322172	0
19	85	-0.0112072	0
19	86	-0.00439205	1
19	87	-0.00216566	0
19	88	0.0179342	0
19	89	0.00495668	0
19	90	-0.0110993	1
19	91	0.0154537	0
19	92	0.00929007	0
19	93	0.0157154	0
19	94	-0.014547	0
19	95	-0.00402938	1
19	96	0.0177921	1
19	97	-0.00210609	1
19	98	-0.00322112	0
19	99	-0.0338958	0
20	0	-0.0178815	0
20	1	0.0038899	0
20	2	-0.0146437	0
20	3	-0.00559766	1
20	4	-0.00963256	1
20	5	-0.0283009	0
20	6	-0.019844	0
20	7	0.0110113	1
20	8	0.0021421	0
20	9	-0.0136235	0
20	10	-0.0157433	0
20	11	0.00236822	0
20	12	-0.00100397	1
20	13	-0.00604356	1
20	14	0.00378584	1
20	15	-0.00794135	0
20	16	-0.000871567	1
20	17	0.0131634	1
20	18	0.00253321	0
20	19	-0.000918272	0
20	20	-0.0103643	0
20	21	-0.0143118	1
20	22	0.0140894	0
20	23	0.00245529	1
20	24	-0.00740637	1
20	25	-0.00677343	1
20	26	0.00842932	1
20	27	0.0317617	1
20	28	0.0017863	1
20	29	-0.00102861	1
20	30	0.00257377	1
20	31	-0.00443347	1
20	32	-0.00140156	0
20	33	-0.00531403	0
20	34	0.0047401	1
20	35	-0.007054	1
20	36	-0.0304429	1
20	37	-0.0186912	0
20	38	0.0096862	0
20	39	0.0114532	0
20	40	-0.00473237	1
20	41	-0.00364198	1
20	42	-0.00759197	1
20	43	0.00721565	0
20	44	0.0172105	1
20	45	0.0106763	1
20	46	0.00417271	0
20	47	0.0271695	1
20	48	-0.0169671	0
20	49	-0.0299127	1
20	50	0.0305396	1
20	51	-0.000627624	0
20	52	0.0307659	0
20	53	-0.00596202	1
20	54	-0.00787238	1
20	55	-0.0301237	1
20	56	0.0214704	1
20	57	0.00824527	0
20	58	-0.00218858	0
20	59	0.000154589	1
20	60	0.0153848	1
20	61	-0.00731179	0
20	62	0.0212124	0
20	63	0.00737581	1
20	64	0.0104195	0
20	65	0.0156522	0
20	66	0.00586361	0
20	67	-0.013037	1
20	68	-0.00842933	0
20	69	-0.0201672	1
20	70	-0.00265538	0
20	71	0.00243774	1
20	72	0.00800259	0
20	73	0.00617775	1
20	74	0.00636645	1
20	75	0.00760096	1
20	76	-0.00670836	0
20	77	0.00916402	0
20	78	0.000999082	0
20	79	-0.00912807	1
20	80	0.0199074	0
20	81	-0.00294462	1
20	82	-0.0179729	0
20	83	-0.00364999	0
20	84	0.0143655	1
20	85	0.00459278	0
20	86	0.0280684	1
20	87	0.000421755	0
20	88	0.0175386	0
20	89	0.0151692	0
20	90	-0.0231605	1
20	91	-0.0215848	1
20	92	0.0248477	1
20	93	0.0151427	1
20	94	-0.00806605	1
20	95	0.00562184	1
20	96	0.00721644	0
20	97	-0.00513535	1
20	98	-0.0133823	1
20	99	-0.0308174	1
21	0	0.00781701	0
21	1	-0.00888374	0
21	2	-0.00615066	0
21	3	0.00468584	0
21	4	0.00334136	1
21	5	0.00575688	1
21	6	0.00406881	0
21	7	-0.00154383	0
21	8	-0.00904389	1
21	9	0.0269916	0
21	10	0.0149976	0
21	11	0.007558	1
21	12	-0.0158178	0
21	13	-0.00882143	1
21	14	0.00459083	0
21	15	0.0226766	0
21	16	-0.0130129	0
21	17	0.00676288	1
21	18	-0.0226571	1
21	19	-0.00721961	0
21	20	-0.0116309	0
21	21	-0.0069271	0
21	22	0.0215437	1
21	23	0.00202979	0
21	24	0.00153176	0
21	25	-0.0050375	0
21	26	-0.0076425	0
21	27	-0.00726075	1
21	28	0.00297365	0
21	29	-0.00255713	1
21	30	0.0112647	1
21	31	-0.00944481	1
21	32	-0.00184787	1
21	33	-0.00524833	1
21	34	-0.0176956	1
21	35	-0.0126072	1
21	36	-0.00550736	0
21	37	0.00697725	1
21	38	0.00501614	0
21	39	-0.00617448	1
21	40	-0.0241009	0
21	41	0.0025643	1
21	42	0.0177733	0
21	43	0.00368365	1
21	44	-0.0293901	0
21	45	0.0109342	1
21	46	0.0205738	0
21	47	-0.00761028	1
21	48	0.00817006	0
21	49	-0.016045	1
21	50	0.0236273	0
21	51	-0.007198	1
21	52	0.0166977	0
21	53	0.0302336	0
21	54	0.0230227	1
21	55	-0.0119038	1
21	56	-0.0155652	0
21	57	0.0153187	0
21	58	-0.0132853	0
21	59	-0.00792798	1
21	60	0.0132243	0
21	61	0.00438113	0
21	62	0.0153696	0
21	63	0.0206224	0
21	64	-0.0177743	0
21	65	-0.00388276	1
21	66	0.0250264	1
21	67	0.00143336	0
21	68	-0.0171845	1
21	69	0.0252825	1
21	70	0.00698098	1
21	71	-0.0130463	1
21	72	0.00122225	1
21	73	0.00592491	0
21	74	-0.00766058	0
21	75	-0.00253232	0
21	76	-0.0114508	0
21	77	0.00305285	1
21	78	-0.00540484	0
21	79	-0.00739912	1
21	80	-0.00501726	0
21	81	0.00795356	0
21	82	0.0182033	1
21	83	0.0318526	1
21	84	-0.0366637	0
21	85	-0.0287372	1
21	86	-0.0291067	0
21	87	0.0138935	0
21	88	-0.00748214	1
21	89	-0.0286377	1
21	90	0.00947212	1
21	91	0.0147741	1
21	92	-0.0150591	1
21	93	-0.0163616	1
21	94	-0.00304318	1
21	95	0.00387161	1
21	96	0.00121704	0
21	97	0.00695415	1
21	98	0.0112414	0
21	99	0.00706549	0
22	0	-0.00125452	0
22	1	-0.00691343	1
22	2	-0.00548917	1
22	3	-0.0282118	1
22	4	0.0277808	0
22	5	-0.013412	0
22	6	-0.00377328	0
22	7	0.00770944	0
22	8	0.0118501	0
22	9	-0.000214379	1
22	10	-0.00358965	0
22	11	-0.00710431	1
22	12	0.00419111	0
22	13	0.00247836	0
22	14	-0.00735993	0
22	15	-0.00967694	0
22	16	-0.00598091	1
22	17	0.00118306	0
22	18	0.0188833	0
22	19	0.00845971	1
22	20	0.00739635	0
22	21	-0.0284136	0
22	22	-0.00792999	1
22	23	0.00553285	1
22	24	0.0136315	0
22	25	0.014726	0
22	26	-0.00221996	0
22	27	-0.0279665	0
22	28	-0.0179748	1
22	29	0.00925701	0
22	30	-0.0263408	1
22	31	0.0202338	1
22	32	0.0149651	0
22	33	-0.00927247	0
22	34	-0.00415334	0
22	35	-0.013963	1
22	36	-0.0181507	0
22	37	0.00190913	1
22	38	-0.000896637	0
22	39	0.00156038	1
22	40	0.00803231	1
22	41	-0.0196732	1
22	42	0.0184507	1
22	43	-0.00208859	1
22	44	0.0259775	1
22	45	-0.00845392	1
22	46	-0.0222333	0
22	47	0.0139924	0
22	48	-0.0101527	0
22	49	-0.0292119	0
22	50	0.0172477	0
22	51	0.00261532	0
22	52	-0.00408026	0
22	53	0.0199866	0
22	54	-0.00628563	1
22	55	0.00136333	0
22	56	0.00942783	0
22	57	-0.00259453	0
22	58	0.00184183	1
22	59	0.0204447	1
22	60	0.00259535	0
22	61	0.0145756	1
22	62	0.0167279	1
22	63	0.001972	0
22	64	-0.0215979	1
22	65	0.0023166	1
22	66	0.0121755	1
22	67	0.0123504	1
22	68	0.00150872	1
22	69	-0.00476385	1
22	70	-0.0125222	1
22	71	0.00656873	1
22	72	0.00254964	0
22	73	-0.00753272	0
22	74	-0.0113502	0
22	75	-0.00951158	1
22	76	0.00117853	0
22	77	-0.00643962	1
22	78	-0.00295358	0
22	79	0.0230681	1
22	80	-0.00701054	1
22	81	0.0048991	1
22	82	0.00869488	1
22	83	0.00966094	1
22	84	0.0021468	0
22	85	0.00963873	1
22	86	0.00429974	1
22	87	0.0199814	1
22	88	-0.0468871	0
22	89	-0.0156574	1
22	90	0.0113005	1
22	91	0.0115226	0
22	92	0.0249017	0
22	93	-0.0263738	1
22	94	0.0196275	0
22	95	-0.00334074	0
22	96	-0.00713871	1
22	97	-0.010579	1
22	98	0.00905236	1
22	99	0.00425365	1
23	0	-0.0337529	0
23	1	0.00264242	1
23	2	-0.0137999	1
23	3	0.0124401	1
23	4	0.0137294	1
23	5	-0.0227315	1
23	6	0.00749838	0
23	7	0.0182574	0
23	8	-0.00339246	0
23	9	0.000972676	1
23	10	-0.0251594	1
23	11	-0.0163253	0
23	12	-0.0135801	1
23	13	0.00600463	0
23	14	0.00568286	1
23	15	-0.0228544	1
23	16	-0.00800781	0
23	17	0.0111136	1
23	18	-0.00906512	1
23	19	-0.0107774	0
23	20	-0.00597778	0
23	21	-0.000905406	1
23	22	0.0148149	0
23	23	-0.000742222	1
23	24	-0.00163999	0
23	25	0.00485121	0
23	26	0.00773002	1
23	27	-0.0336522	0
23	28	-0.0184119	1
23	29	0.0016177	0
23	30	-0.00742187	0
23	31	0.0133916	0
23	32	0.00202328	0
23	33	0.0124777	0
23	34	0.00488667	0
23	35	-0.0113975	1
23	36	-7.04654e-05	1
23	37	0.00821418	0
23	38	-0.00170435	1
23	39	0.00895418	1
23	40	-0.00984874	1
23	41	0.00565632	0
23	42	0.0181133	1
23	43	0.0140446	1
23	44	0.0145508	1
23	45	-0.0165813	1
23	46	-0.00300426	0
23	47	-0.00275068	1
23	48	0.0103652	0
23	49	-0.00317681	1
23	50	-0.0177653	1
23	51	0.0045985	1
23	52	0.0191033	1
23	53	0.00659151	0
23	54	0.0105976	1
23	55	0.0233385	0
23	56	-0.00351743	0
23	57	-0.00837346	0
23	58	0.0134024	1
23	59	0.00325111	0
23	60	-0.0250915	0
23	61	-0.00614888	1
23	62	-0.0333273	1
23	63	0.0172231	1
23	64	0.000959967	1
23	65	0.00987963	1
23	66	0.0200623	1
23	67	-0.00692515	0
23	68	0.0221834	0
23	69	-0.00378063	0
23	70	-0.0162433	1
23	71	0.00649803	1
23	72	-0.00751892	0
23	73	-0.00815902	1
23	74	-0.00436245	1
23	75	0.0154793	1
23	76	-0.0144396	0
23	77	-0.0431375	1
23	78	-0.0233506	0
23	79	0.00885854	0
23	80	0.00712787	1
23	81	0.0227269	1
23	82	0.0202936	0
23	83	0.0142565	0
23	84	-0.00669094	1
23	85	0.00304067	1
23	86	-0.00770876	0
23	87	-0.0175815	1
23	88	0.00821566	0
23	89	0.000177651	0
23	90	0.0237972	1
23	91	-0.0120686	1
23	92	0.00129026	1
23	93	-0.00162129	1
23	94	-0.0107145	0
23	95	0.00858548	0
23	96	0.0192411	1
23	97	0.0136803	0
23	98	0.0188189	0
23	99	0.0119457	1
24	0	-0.00216951	0
24	1	0.0265012	0
24	2	-0.0140316	0
24	3	-0.0191118	1
24	4	-0.004958	1
24	5	-0.0128534	0
24	6	0.00510115	0
24	7	0.0108149	0
24	8	-0.00763592	1
24	9	-0.000560549	0
24	10	0.00761208	0
24	11	0.00478142	0
24	12	-0.00549742	1
24	13	-0.00351643	0
24	14	-0.00604159	0
24	15	-0.0209227	1
24	16	-0.00742216	0
24	17	0.0137419	0
24	18	-0.00490618	1
24	19	-0.0100247	1
24	20	0.00949519	0
24	21	-0.0133393	0
24	22	0.0145267	1
24	23	0.0210374	1
24	24	0.00896922	1
24	25	-0.00919069	0
24	26	-0.00644449	1
24	27	-0.0349912	1
24	28	-0.0106483	0
24	29	-0.00490673	1
24	30	0.00387821	1
24	31	-0.00136626	1
24	32	0.00541802	1
24	33	0.00799695	1
24	34	0.00485485	1
24	35	-0.0107329	0
24	36	-0.0111976	0
24	37	0.0143409	0
24	38	-0.00180804	0
24	39	0.00601115	0
24	40	-0.00777486	0
24	41	-0.0188826	0
24	42	0.013414	0
24	43	0.0117633	1
24	44	0.00662596	1
24	45	0.00712103	0
24	46	0.000362259	1
24	47	0.0178355	0
24	48	-0.0201262	0
24	49	0.0257844	1
24	50	-0.000976526	1
24	51	-0.015379	1
24	52	0.00605546	0
24	53	-0.00212773	1
24	54	0.0282466	0
24	55	0.00708159	1
24	56	0.00107567	0
24	57	-0.0067151	0
24	58	-0.00598801	0
24	59	-0.0106867	1
24	60	-0.0124098	0
24	61	-0.00314175	0
24	62	-0.014699	1
24	63	0.0117441	0
24	64	0.00598636	1
24	65	-0.00219424	0
24	66	0.0236669	1
24	67	-0.0206993	1
24	68	0.00939104	0
24	69	0.014449	1
24	70	0.0105353	1
24	71	-0.00181063	1
24	72	0.0116839	0
24	73	0.00144308	1
24	74	-0.00767798	1
24	75	-0.00182349	0
24	76	-0.00143841	0
24	77	0.00306918	1
24	78	0.0163753	1
24	79	0.00285688	1
24	80	-0.0233103	0
24	81	0.0106802	0
24	82	0.0147424	0
24	83	0.0120953	0
24	84	0.0115074	0
24	85	-0.00411253	1
24	86	0.0132911	0
24	87	0.000312334	1
24	88	0.003655	0
24	89	0.00972985	1
24	90	-0.026803	0
24	91	-0.00136477	0
24	92	0.0024584	0
24	93	-0.0328353	1
24	94	-0.0170754	1
24	95	0.00534644	0
24	96	-0.0148161	0
24	97	-0.0131222	1
24	98	0.0223471	1
24	99	0.00445467	1
25	0	0.00634273	1
25	1	-0.0266808	1
25	2	-0.0138059	0
25	3	0.0105707	1
25	4	0.00554623	1
25	5	-0.0190117	0
25	6	-0.000428543	1
25	7	0.00476072	0
25	8	-0.00832641	1
25	9	0.0343388	0
25	10	-0.0191638	1
25	11	0.00788094	1
25	12	0.00462924	0
25	13	0.0126517	0
25	14	0.0109967	0
25	15	-0.0164687	0
25	16	0.0172534	1
25	17	0.00470396	1
25	18	-0.0178899	1
25	19	-0.0112076	1
25	20	0.0026695	0
25	21	-0.00335754	0
25	22	0.0179387	0
25	23	-0.00881682	1
25	24	-0.0208107	1
25	25	-9.75328e-05	1
25	26	0.014579	1
25	27	0.00148527	1
25	28	-0.0049115	0
25	29	0.0045975	0
25	30	-0.00932191	1
25	31	-0.0154441	1
25	32	-0.00886355	1
25	33	-0.0182397	1
25	34	0.0149459	0
25	35	0.0107431	1
25	36	0.0153777	1
25	37	0.00209446	0
25	38	0.00075783	1
25	39	-0.00412409	1
25	40	-0.00420407	0
25	41	0.00917972	0
25	42	0.0100183	0
25	43	-0.0179482	0
25	44	-0.0111517	1
25	45	-0.00990019	1
25	46	0.00797014	1
25	47	0.0201147	1
25	48	-0.00816519	0
25	49	-0.00637098	0
25	50	-0.00257299	0
25	51	0.0102063	1
25	52	0.0165557	0
25	53	0.00859629	0
25	54	-0.00910219	1
25	55	0.00657967	1
25	56	-0.00292936	1
25	57	-0.0194277	0
25	58	-0.000772534	1
25	59	0.0238703	1
25	60	-0.00299337	0
25	61	-0.00378482	1
25	62	0.0191063	1
25	63	0.0106691	0
25	64	0.0144349	0
25	65	-0.0204673	0
25	66	-0.0338111	1
25	67	-0.00905717	1
25	68	-0.00340498	1
25	69	-0.0135236	1
25	70	0.0160111	1
25	71	0.0133382	0
25	72	0.00393612	0
25	73	0.0160263	0
25	74	0.00374832	1
25	75	-0.00791596	1
25	76	-0.00225954	0
25	77	0.0134887	1
25	78	-0.0120604	0
25	79	-0.00984152	0
25	80	-0.0116893	1
25	81	-0.00554961	0
25	82	-0.0115122	0
25	83	0.0114691	1
25	84	-0.0203087	1
25	85	0.0176723	0
25	86	-0.0130392	0
25	87	-0.0108844	1
25	88	0.0203746	0
25	89	-0.0226066	1
25	90	-0.00274631	0
25	91	-0.00894994	1
25	92	0.00506877	1
25	93	-0.00821046	0
25	94	0.00013384	0
25	95	0.0165025	0
25	96	0.0151364	0
25	97	0.0163405	0
25	98	-0.00485236	1
25	99	0.0275724	0
26	0	-0.00192413	1
26	1	-0.0050938	1
26	2	-0.0189082	0
26	3	-0.0137162	0
26	4	0.00439972	0
26	5	-0.0211308	1
26	6	-0.0072421	1
26	7	-0.0141513	1
26	8	0.00562512	0
26	9	-0.00405232	1
26	10	-0.0187905	1
26	11	0.0032725	0
26	12	-0.0195663	1
26	13	0.0106718	1
26	14	-0.00120695	0
26	15	-0.013981	1
26	16	0.00478644	0
26	17	-0.0167519	0
26	18	0.0112108	0
26	19	0.020482	1
26	20	-0.00203548	1
26	21	-0.014164	1
26	22	0.00835636	1
26	23	-0.000397942	1
26	24	0.00826548	1
26	25	0.00490118	1
26	26	-0.0346158	1
26	27	-0.0133161	0
26	28	-0.00635731	1
26	29	0.00389493	1
26	30	-0.0193683	1
26	31	-0.00406249	0
26	32	-0.0206012	1
26	33	0.00237897	1
26	34	-0.00577913	1
26	35	0.000580696	1
26	36	-0.00199162	0
26	37	0.0106032	0
26	38	0.00337531	0
26	39	0.0117747	1
26	40	0.0316423	0
26	41	-0.00333163	0
26	42	-0.00357053	1
26	43	-0.0185252	1
26	44	-0.0209445	0
26	45	0.0292065	0
26	46	-0.00274541	0
26	47	-0.0157752	1
26	48	0.00976999	0
26	49	-0.0136258	0
26	50	0.0113399	0
26	51	0.016587	1
26	52	0.0248673	1
26	53	-0.00666599	1
26	54	0.00431465	0
26	55	-0.0017312	1
26	56	-0.0269655	1
26	57	0.00812349	0
26	58	0.0277074	1
26	59	0.0295568	0
26	60	0.024607	0
26	61	-0.00617784	0
26	62	-0.0240572	0
26	63	0.0184139	1
26	64	-0.00204472	1
26	65	0.0166541	0
26	66	-0.00611219	0
26	67	-0.0115205	0
26	68	-0.0028238	1
26	69	0.0151165	1
26	70	-0.00490176	1
26	71	-0.0179655	0
26	72	0.00764849	1
26	73	-0.00789614	1
26	74	0.00582846	1
26	75	0.0109466	0
26	76	0.0253461	0
26	77	-0.00887613	0
26	78	-0.014847	1
26	79	0.0272464	0
26	80	0.00901568	1
26	81	0.0224875	1
26	82	0.0181536	0
26	83	0.0232627	1
26	84	-0.0288549	0
26	85	0.00495101	0
26	86	-0.0204944	0
26	87	0.0043714	1
26	88	0.0046498	1
26	89	0.0172906	1
26	90	0.00366271	1
26	91	0.00181131	1
26	92	-0.0111405	1
26	93	-0.0182006	0
26	94	0.013781	0
26	95	0.0126501	1
26	96	-0.0013363	1
26	97	-0.0238	1
26	98	0.00659407	1
26	99	0.00195183	0
27	0	0.00648821	1
27	1	-0.00852899	0
27	2	-0.015193	0
27	3	0.00914668	0
27	4	-0.0220778	1
27	5	0.0204833	0
27	6	-0.00742457	0
27	7	0.00578275	1
27	8	-0.0247783	0
27	9	-0.00531204	0
27	10	0.00638693	0
27	11	0.00297577	0
27	12	0.0150027	0
27	13	0.00678644	1
27	14	0.0102674	1
27	15	0.044118	1
27	16	-0.00255497	1
27	17	-2.25045e-05	0
27	18	0.00542293	0
27	19	-0.0172189	1
27	20	0.0367862	1
27	21	-0.00816746	0
27	22	-0.00319995	1
27	23	-0.016805	1
27	24	0.00730171	0
27	25	-0.0149175	0
27	26	-0.00578705	0
27	27	-0.000664106	0
27	28	-0.0147117	0
27	29	-0.00971371	1
27	30	0.000586586	0
27	31	-0.0167811	1
27	32	0.00110903	0
27	33	0.00530093	1
27	34	0.0274265	1
27	35	0.0204123	0
27	36	-0.00443169	1
27	37	-0.017121	0
27	38	-0.0050999	0
27	39	-0.00806382	1
27	40	0.00940969	1
27	41	0.00564405	0
27	42	-0.0315619	0
27	43	-0.0126995	0
27	44	-0.0149679	0
27	45	0.0131938	1
27	46	-0.00485279	1
27	47	-0.00233656	0
27	48	0.0322838	1
27	49	0.000396043	1
27	50	0.0103354	0
27	51	0.0121717	0
27	52	0.0195007	0
27	53	-0.0195058	0
27	54	-0.0209962	0
27	55	-0.0126757	0
27	56	-0.00730821	0
27	57	0.00213868	0
27	58	0.000315796	1
27	59	0.00816368	0
27	60	-0.00848395	0
27	61	0.00479405	0
27	62	0.00364583	1
27	63	0.000204331	1
27	64	0.0110007	0
27	65	0.00504449	0
27	66	0.00454243	1
27	67	-0.0169454	1
27	68	-0.0192942	0
27	69	0.00585094	1
27	70	0.0115634	1
27	71	0.00780275	1
27	72	0.00277571	1
27	73	-0.0102491	0
27	74	-0.00753299	1
27	75	0.000827263	1
27	76	0.00469765	0
27	77	-0.00518006	1
27	78	-0.0148797	1
27	79	-0.00509383	1
27	80	0.0189835	0
27	81	0.00731525	0
27	82	0.0097348	0
27	83	-0.0113379	1
27	84	-0.000376841	1
27	85	0.00640176	1
27	86	-0.0121602	1
27	87	-0.00829645	0
27	88	-0.0215022	0
27	89	0.0102351	0
27	90	0.0168963	1
27	91	0.00292681	1
27	92	0.00270534	1
27	93	-0.0134253	1
27	94	-0.0092137	1
27	95	0.00788316	1
27	96	0.00955029	1
27	97	-0.00444352	0
27	98	0.030005	1
27	99	-0.00682972	0
28	0	-0.0075165	0
28	1	-0.0123188	0
28	2	-0.0027495	0
28	3	0.0151035	0
28	4	-0.0109789	0
28	5	-0.00725628	0
28	6	-0.0164919	1
28	7	0.0082076	0
28	8	0.0038452	0
28	9	-0.00975724	0
28	10	0.0166943	1
28	11	0.0193956	1
28	12	-0.00209279	1
28	13	-0.0160472	1
28	14	-4.92208e-05	1
28	15	0.00409557	1
28	16	0.0225938	0
28	17	-0.00830637	0
28	18	0.0111123	1
28	19	0.0313577	1
28	20	-0.00803409	1
28	21	0.010417	0
28	22	-0.015723	0
28	23	-0.00717544	1
28	24	0.0042751	1
28	25	0.00280927	1
28	26	-0.0214634	0
28	27	0.00796514	1
28	28	-0.0106644	1
28	29	-0.0169234	1
28	30	0.00760162	0
28	31	-0.032997	1
28	32	0.00205146	0
28	33	-0.0180045	1
28	34	0.0360178	1
28	35	-0.013801	1
28	36	0.000821613	1
28	37	0.0177595	1
28	38	-0.0173012	1
28	39	-0.000884717	0
28	40	-0.0118645	1
28	41	-0.00714095	1
28	42	-0.00534456	0
28	43	0.00167841	1
28	44	-0.00725238	0
28	45	-0.0239809	1
28	46	-0.000635831	1
28	47	-0.00149214	0
28	48	-0.0149273	0
28	49	0.00411368	0
28	50	-0.00599693	1
28	51	0.0218586	0
28	52	0.00917503	1
28	53	0.00463117	0
28	54	0.00337224	0
28	55	0.0298076	1
28	56	-0.000457036	0
28	57	0.00181982	0
28	58	-0.00855203	1
28	59	0.00481058	0
28	60	-0.00283921	0
28	61	0.0174702	1
28	62	-0.0086552	1
28	63	0.0124618	1
28	64	0.0356472	1
28	65	0.022115	1
28	66	-0.00811083	1
28	67	0.00678673	0
28	68	-0.0164244	1
28	69	0.0213701	0
28	70	-0.0149377	0
28	71	0.0202906	1
28	72	-0.00516989	1
28	73	-0.00119955	1
28	74	-0.00538764	0
28	75	-0.00833635	0
28	76	-0.0135076	0
28	77	0.00132108	0
28	78	-0.0210395	0
28	79	0.0172954	1
28	80	0.0149023	1
28	81	-0.0267005	1
28	82	-0.0134264	0
28	83	-0.00327717	0
28	84	-0.00200941	0
28	85	0.00430353	1
28	86	0.00175278	1
28	87	-0.000759127	1
28	88	0.0170724	0
28	89	-0.00146812	1
28	90	-0.0197483	0
28	91	-0.00668773	1
28	92	-0.0107934	1
28	93	-0.0102969	0
28	94	0.00641025	0
28	95	0.0067967	1
28	96	0.0112204	1
28	97	0.0232552	0
28	98	-0.000125948	0
28	99	0.00121929	0
29	0	0.0132857	0
29	1	0.0260087	1
29	2	-0.0209084	0
29	3	0.0150479	1
29	4	-0.0165854	1
29	5	0.0190114	0
29	6	0.0237934	0
29	7	0.00108698	0
29	8	-0.0179176	1
29	9	0.0133242	0
29	10	0.00494061	1
29	11	-0.0174002	1
29	12	-0.00557833	0
29	13	0.00836778	1
29	14	-0.00650319	0
29	15	-0.00197938	1
29	16	0.0199259	0
29	17	0.0162822	0
29	18	-0.0256217	0
29	19	-0.00231519	1
29	20	0.00686964	1
29	21	0.0113068	0
29	22	0.0121814	1
29	23	-0.0348518	1
29	24	0.013414	1
29	25	0.00719667	1
29	26	0.016144	1
29	27	-0.00849662	1
29	28	0.00585242	0
29	29	-0.0103515	1
29	30	-0.00438575	0
29	31	-0.00339619	1
29	32	-0.0238424	1
29	33	0.0218849	0
29	34	0.0117174	1
29	35	-0.0133409	0
29	36	0.0315688	1
29	37	-0.0129625	1
29	38	0.00875098	0
29	39	-0.00915586	1
29	40	0.0158505	0
29	41	-0.0261289	1
29	42	-0.0101592	1
29	43	0.00387276	0
29	44	-0.00751443	0
29	45	-0.0094973	0
29	46	-0.0142046	1
29	47	0.0168629	0
29	48	0.000259135	0
29	49	-0.00112762	0
29	50	0.00411486	0
29	51	-0.0224346	1
29	52	0.0131464	0
29	53	-0.0225257	0
29	54	-0.0017155	1
29	55	0.00880195	0
29	56	-0.0140355	1
29	57	0.0106985	0
29	58	-0.00491359	1
29	59	0.00957256	0
29	60	0.00352209	1
29	61	-0.000310131	0
29	62	-0.00936876	0
29	63	-0.0211321	1
29	64	0.0242522	1
29	65	-0.00883761	1
29	66	-0.0179152	0
29	67	-0.0153478	0
29	68	-0.0252525	1
29	69	0.0190594	0
29	70	-0.0144446	1
29	71	0.0025988	0
29	72	0.00110113	0
29	73	0.00599015	1
29	74	0.0102117	1
29	75	0.039599	1
29	76	0.00459364	0
29	77	-0.0196574	1
29	78	0.0134121	1
29	79	-0.00403363	1
29	80	0.0232442	1
29	81	-0.005053	0
29	82	-0.0258053	1
29	83	-0.0093504	1
29	84	-0.00215512	1
29	85	0.00321141	0
29	86	-0.00822297	1
29	87	0.00847984	1
29	88	0.000968694	0
29	89	0.00102986	0
29	90	0.00490206	0
29	91	0.0116905	1
29	92	-0.0153634	1
29	93	0.0106619	1
29	94	-0.0126585	0
29	95	0.00453989	1
29	96	-0.0054929	0
29	97	-0.00313146	0
29	98	0.00317537	1
29	99	0.00599722	1
30	0	-0.00741502	0
30	1	0.0198014	1
30	2	0.00740539	0
30	3	0.0114876	1
30	4	-0.00329683	0
30	5	0.0223041	1
30	6	-0.00445706	1
30	7	-0.0238649	1
30	8	0.00793573	0
30	9	0.00402949	1
30	10	0.0188409	0
30	11	0.00706937	0
30	12	0.0208705	1
30	13	-0.0109159	1
30	14	-0.00278415	1
30	15	0.0144254	1
30	16	0.0135101	1
30	17	0.00396094	0
30	18	-0.0291676	0
30	19	-0.0361577	0
30	20	-0.0215584	0
30	21	-0.0161421	0
30	22	0.00399545	1
30	23	0.0248631	0
30	24	-0.034326	0
30	25	0.00397487	1
30	26	-0.00095135	1
30	27	0.0254097	1
30	28	0.0029549	1
30	29	-0.0474199	0
30	30	-0.00186342	0
30	31	0.0149348	1
30	32	0.00437808	0
30	33	0.0188783	1
30	34	-0.00965578	1
30	35	0.00436618	1
30	36	0.00245018	1
30	37	0.00550406	1
30	38	-0.0113817	1
30	39	0.0232467	0
30	40	-0.00100133	0
30	41	-0.00501057	1
30	42	-0.0374863	1
30	43	0.0105803	0
30	44	-0.0036601	1
30	45	0.00814202	1
30	46	-0.0182065	1
30	47	-0.00878796	0
30	48	-0.000463519	1
30	49	-0.0226517	1
30	50	0.00920222	1
30	51	0.00486247	0
30	52	0.00489622	1
30	53	-0.00865165	0
30	54	-0.0011877	1
30	55	0.00988835	0
30	56	-0.0122531	1
30	57	-0.0178304	1
30	58	0.00468295	1
30	59	0.0177545	1
30	60	0.0275619	1
30	61	0.00678969	0
30	62	0.0104522	0
30	63	-0.0150052	0
30	64	0.00498014	0
30	65	-0.00266054	0
30	66	-0.0152796	0
30	67	0.00415572	0
30	68	-0.00153971	1
30	69	-0.00194819	0
30	70	0.0177535	0
30	71	-0.00540133	1
30	72	-0.0109869	1
30	73	-0.0162201	1
30	74	0.0138585	0
30	75	0.00201079	1
30	76	-0.00365772	1
30	77	0.00382264	1
30	78	-0.0056852	1
30	79	0.0127445	0
30	80	0.0103404	1
30	81	0.0142562	1
30	82	-0.0237692	1
30	83	0.013674	1
30	84	0.0267959	1
30	85	-0.0317316	0
30	86	0.00163738	0
30	87	-0.00599723	1
30	88	0.0124718	0
30	89	0.00598521	0
30	90	-0.000611916	0
30	91	0.00992843	0
30	92	-0.0125182	1
30	93	-0.0132989	0
30	94	0.0165125	1
30	95	0.00403565	0
30	96	-0.00802235	0
30	97	0.00717717	0
30	98	0.00122267	0
30	99	-0.0118909	1
31	0	0.00119465	1
31	1	-0.0139893	0
31	2	-0.00619474	0
31	3	0.020029	0
31	4	-0.0165348	1
31	5	-0.00862999	0
31	6	-0.00839097	1
31	7	-0.0158899	1
31	8	-0.00189359	1
31	9	-0.00514764	0
31	10	-0.0171313	0
31	11	0.000441251	0
31	12	-0.00292808	0
31	13	0.0180369	1
31	14	0.0125504	1
31	15	-0.0111925	0
31	16	0.0182941	0
31	17	0.0119762	0
31	18	-0.0155911	0
31	19	0.00940166	1
31	20	0.00613756	1
31	21	0.0251228	1
31	22	0.00735019	0
31	23	-5.28129e-05	1
31	24	-0.0106722	0
31	25	-0.029043	0
31	26	-0.0062408	1
31	27	-0.00430796	1
31	28	0.0131501	0
31	29	-0.010642	0
31	30	0.0176212	1
31	31	0.00181663	1
31	32	0.0123231	1
31	33	0.00296612	1
31	34	-0.011454	1
31	35	-0.0126768	1
31	36	0.0229572	0
31	37	0.00815324	0
31	38	0.0313616	0
31	39	0.0125191	0
31	40	-7.8741e-05	0
31	41	-0.0270159	1
31	42	0.0156587	1
31	43	0.00235242	0
31	44	0.00830879	1
31	45	-0.00439416	0
31	46	0.0159132	1
31	47	0.00445294	1
31	48	-0.0217441	1
31	49	-0.0130142	1
31	50	-0.00558034	1
31	51	0.0151505	0
31	52	-0.0386245	0
31	53	-0.00385436	0
31	54	0.00539875	0
31	55	-0.0104429	1
31	56	0.00895224	1
31	57	-0.00971608	1
31	58	0.00360097	1
31	59	0.018231	0
31	60	-0.0184718	1
31	61	0.0178409	1
31	62	0.0104137	0
31	63	-0.0150789	1
31	64	0.00182453	0
31	65	0.0111468	0
31	66	-0.00489705	0
31	67	0.00275861	0
31	68	-0.0151172	1
31	69	0.011315	1
31	70	0.010072	0
31	71	0.0160053	1
31	72	0.0137897	0
31	73	0.0200142	1
31	74	-0.0301297	0
31	75	-0.0143663	1
31	76	0.0111989	0
31	77	0.0111575	0
31	78	-0.00396488	0
31	79	0.0102754	1
31	80	-0.00266781	1
31	81	0.01302	0
31	82	0.00157233	1
31	83	-0.00266308	1
31	84	-0.0247159	0
31	85	0.00319689	1
31	86	-0.00946516	0
31	87	-0.00017789	1
31	88	0.0221311	1
31	89	0.0102463	1
31	90	0.011799	0
31	91	-0.0288702	0
31	92	-0.010973	0
31	93	0.0260788	0
31	94	-0.00352989	1
31	95	-0.00314637	0
31	96	-0.0222729	1
31	97	0.0106062	0
31	98	-0.0272496	1
31	99	-0.017059	0
32	0	0.0275563	1
32	1	0.00108239	0
32	2	-0.0266997	1
32	3	0.0143126	0
32	4	0.0116378	0
32	5	-0.00024637	1
32	6	0.0143117	0
32	7	0.0116889	1
32	8	-0.0147633	1
32	9	0.032775	1
32	10	-0.00569122	0
32	11	-0.00684133	0
32	12	-0.00334058	0
32	13	-0.00644681	0
32	14	-0.00990366	0
32	15	0.0179874	0
32	16	-0.012441	0
32	17	0.00455185	1
32	18	0.0192796	0
32	19	0.0400527	0
32	20	0.017188	1
32	21	0.020041	1
32	22	0.000195576	1
32	23	-0.0265622	0
32	24	-0.0161435	1
32	25	-0.0144136	0
32	26	0.00453071	0
32	27	-0.00899572	0
32	28	-0.00326295	0
32	29	-0.00651073	0
32	30	0.00175327	1
32	31	0.00707814	0
32	32	-0.0172545	0
32	33	-0.0294385	1
32	34	-0.020765	0
32	35	0.0169073	0
32	36	-0.0141543	1
32	37	0.00220355	0
32	38	0.00983965	1
32	39	-0.00402018	0
32	40	0.0160653	0
32	41	0.00443732	1
32	42	-0.0186252	1
32	43	-0.0125071	0
32	44	0.00816798	1
32	45	-0.0198241	1
32	46	-0.00690535	0
32	47	-0.00474804	1
32	48	-0.0170233	1
32	49	0.0118048	1
32	50	0.00207437	0
32	51	-0.00890841	1
32	52	-0.00982844	0
32	53	-0.0142782	1
32	54	-0.00287628	1
32	55	-0.00244141	0
32	56	-0.0265337	1
32	57	-0.00364991	1
32	58	-0.00864958	1
32	59	0.0215483	0
32	60	-0.0098776	1
32	61	0.000754521	1
32	62	-0.00998101	1
32	63	0.000419824	1
32	64	-0.00854058	0
32	65	-0.0123065	0
32	66	0.0009931	0
32	67	0.00982824	0
32	68	-0.0104008	0
32	69	-0.000883145	0
32	70	0.0158151	1
32	71	-0.0095779	1
32	72	0.0155935	0
32	73	-0.00532908	1
32	74	0.0225091	1
32	75	0.0165213	0
32	76	0.0134852	0
32	77	0.00552017	0
32	78	0.0050391	1
32	79	0.012194	1
32	80	0.00756936	1
32	81	-0.0279335	1
32	82	0.00256701	0
32	83	0.012813	1
32	84	0.000145964	1
32	85	0.0263153	0
32	86	-0.0057908	0
32	87	0.00247324	1
32	88	0.0213238	0
32	89	0.00253713	0
32	90	0.0127136	1
32	91	-0.0116983	1
32	92	0.00575485	0
32	93	-0.00952447	1
32	94	-0.0159111	1
32	95	0.0188384	0
32	96	-0.0170003	1
32	97	0.00188052	1
32	98	-0.0119017	1
32	99	-0.00132602	0
33	0	0.00351972	0
33	1	-0.0155773	1
33	2	-0.00541795	0
33	3	-0.00442097	1
33	4	0.0290736	0
33	5	-0.00443861	1
33	6	-0.00154214	0
33	7	0.0211511	1
33	8	0.0117572	1
33	9	-0.0151639	0
33	10	0.0326869	1
33	11	-0.00488579	0
33	12	0.0088621	1
33	13	-0.0264813	0
33	14	0.00301693	1
33	15	0.00175527	1
33	16	-0.00158632	0
33	17	-0.0123436	0
33	18	0.00628329	0
33	19	0.0387654	0
33	20	-0.0235898	0
33	21	-0.0125423	0
33	22	-0.00135051	0
33	23	-0.00725929	1
33	24	0.00812295	1
33	25	-0.0300929	0
33	26	0.0273409	1
33	27	-0.0113757	0
33	28	0.00386597	1
33	29	-0.00407917	1
33	30	0.00463852	0
33	31	-0.00138981	1
33	32	0.00374148	1
33	33	-0.0249205	0
33	34	-0.00374802	0
33	35	0.000839436	1
33	36	-0.00576877	0
33	37	-0.0207727	1
33	38	0.0166716	0
33	39	0.00926479	1
33	40	-0.0276302	1
33	41	0.00206709	1
33	42	-0.020665	1
33	43	0.00486437	1
33	44	-0.0246299	1
33	45	-0.017247	0
33	46	-0.0163239	0
33	47	0.00705804	0
33	48	-0.00989468	1
33	49	0.0170068	1
33	50	0.00723243	1
33	51	0.0100977	0
33	52	0.00703118	0
33	53	0.0298365	0
33	54	0.0193183	0
33	55	-0.00092204	0
33	56	-0.0114908	0
33	57	0.00745018	1
33	58	0.0219937	1
33	59	0.0104504	0
33	60	-0.0205009	1
33	61	0.00771667	1
33	62	-0.0227999	0
33	63	0.0225533	0
33	64	0.00284371	1
33	65	-0.0221707	1
33	66	0.0102888	1
33	67	0.0146391	0
33	68	-0.00844316	1
33	69	0.011237	1
33	70	-0.012312	0
33	71	-0.0198912	1
33	72	0.0276773	0
33	73	-0.0146465	0
33	74	0.00059751	1
33	75	0.00232653	0
33	76	-0.0200344	1
33	77	-0.0177104	0
33	78	-0.00570999	1
33	79	-0.00547128	0
33	80	-0.000759696	0
33	81	-0.00250607	1
33	82	-0.00901384	0
33	83	0.00412664	1
33	84	0.00104343	0
33	85	0.0158781	0
33	86	0.02811	1
33	87	-0.0137814	0
33	88	0.0143223	0
33	89	-0.00101593	0
33	90	-0.00809813	1
33	91	0.00165341	0
33	92	-0.010558	1
33	93	0.00984059	0
33	94	0.00650552	1
33	95	-0.0107133	1
33	96	0.00442754	1
33	97	-0.00948569	0
33	98	0.0221097	0
33	99	0.0195122	1
34	0	0.000532858	0
34	1	-0.0239961	1
34	2	0.0207615	0
34	3	-0.00941713	0
34	4	-0.00514145	1
34	5	-0.00939685	0
34	6	-0.0172897	1
34	7	0.00529262	0
34	8	0.000244912	0
34	9	-0.00981175	1
34	10	-0.00971331	0
34	11	0.0035007	0
34	12	0.0130523	0
34	13	-0.0122282	1
34	14	0.00481662	0
34	15	-0.0143441	1
34	16	0.0219765	0
34	17	0.00522325	1
34	18	-0.0109112	1
34	19	-0.00878045	0
34	20	0.00377349	0
34	21	0.0166348	0
34	22	0.026512	1
34	23	-0.00911271	1
34	24	-0.00965838	1
34	25	-0.0261833	1
34	26	0.0175996	0
34	27	-0.0232161	1
34	28	0.000268603	1
34	29	0.00971124	0
34	30	0.0018158	1
34	31	-0.00396809	0
34	32	0.00420933	1
34	33	0.00249355	0
34	34	-0.0299892	1
34	35	-0.00163559	0
34	36	0.0203479	0
34	37	0.00372494	1
34	38	-0.0133926	0
34	39	-0.0133405	0
34	40	-0.0163392	0
34	41	-0.00198228	0
34	42	0.00556342	1
34	43	0.0110263	0
34	44	-0.0105101	0
34	45	-0.000491989	0
34	46	0.02252	0
34	47	-0.00379202	0
34	48	0.0280719	0
34	49	0.037667	1
34	50	-0.0164417	0
34	51	-0.0260765	1
34	52	0.0111829	0
34	53	-0.0124531	0
34	54	-0.00591177	1
34	55	0.0220039	0
34	56	-0.0142144	0
34	57	0.000256846	1
34	58	0.0121728	0
34	59	-0.00697901	1
34	60	0.0139506	1
34	61	0.0144276	0
34	62	0.00897239	0
34	63	-0.0219311	1
34	64	-0.000521708	0
34	65	0.017151	0
34	66	-0.0220482	1
34	67	-0.00820668	0
34	68	0.00052771	0
34	69	0.0314267	1
34	70	-0.0164565	1
34	71	-0.0128626	0
34	72	-0.000107675	0
34	73	0.0174137	1
34	74	0.0315013	0
34	75	-0.002901	1
34	76	-0.00632236	1
34	77	-0.00592504	1
34	78	0.00331988	0
34	79	0.000188573	0
34	80	0.0104333	0
34	81	-0.0122648	0
34	82	-0.013993	0
34	83	-0.0102739	1
34	84	0.00225392	0
34	85	0.0240817	1
34	86	-0.00202288	1
34	87	0.014124	0
34	88	-0.00156814	1
34	89	0.0159512	0
34	90	-0.0142218	0
34	91	0.0287276	0
34	92	0.00225053	0
34	93	0.00300447	1
34	94	0.00862409	1
34	95	-0.0203364	1
34	96	-0.00732439	1
34	97	-0.0120339	0
34	98	-0.0123541	1
34	99	-0.000893194	0
35	0	-0.00211149	1
35	1	-0.0120458	1
35	2	-0.00383065	0
35	3	0.00452369	0
35	4	-0.00299541	0
35	5	-0.00353694	1
35	6	-0.000354655	1
35	7	0.0268551	0
35	8	0.010174	0
35	9	-0.00182038	0
35	10	0.000778004	0
35	11	-0.00915159	0
35	12	-0.0142231	1
35	13	0.00333854	0
35	14	0.0137035	1
35	15	-0.0106333	0
35	16	0.0190474	1
35	17	-0.00998748	0
35	18	0.00397465	1
35	19	0.0225172	1
35	20	-0.0226498	0
35	21	-0.00377318	0
35	22	-0.008116	1
35	23	-0.00364679	0
35	24	0.0183478	1
35	25	0.00775211	1
35	26	0.0062887	1
35	27	0.00726663	1
35	28	-0.00236444	0
35	29	-0.0179816	0
35	30	-0.0245015	1
35	31	0.00825121	1
35	32	0.0177236	1
35	33	-0.0182057	1
35	34	0.00107833	0
35	35	-0.00065327	0
35	36	0.007961	0
35	37	-0.0238213	1
35	38	-0.0242094	0
35	39	-0.00193629	0
35	40	0.000133442	1
35	41	0.0194746	0
35	42	-0.00942034	0
35	43	0.00758981	1
35	44	-0.00605469	0
35	45	0.00151447	0
35	46	0.0143742	0
35	47	-0.00151016	0
35	48	0.036352	0
35	49	-0.0175156	0
35	50	-0.00351698	0
35	51	-0.00371795	0
35	52	0.0100468	0
35	53	0.0132795	1
35	54	0.00123645	0
35	55	-0.0124339	0
35	56	0.0142931	0
35	57	-0.00671321	0
35	58	-0.00924724	1
35	59	0.00249433	0
35	60	0.0140217	0
35	61	-0.0032909	1
35	62	0.0115486	1
35	63	0.000926069	0
35	64	-0.0162521	1
35	65	0.00106949	0
35	66	-0.00322701	0
35	67	0.0176067	1
35	68	0.00101603	0
35	69	-0.0212849	0
35	70	-0.00199155	1
35	71	-0.0117495	0
35	72	-0.0148903	0
35	73	0.0162385	1
35	74	-0.0188603	1
35	75	-0.00137245	1
35	76	-0.00776025	1
35	77	-0.00752813	0
35	78	0.0317094	1
35	79	0.000118876	0
35	80	-0.0433034	0
35	81	-0.00601363	1
35	82	0.0014889	1
35	83	-0.0063557	0
35	84	0.0168665	0
35	85	0.00652045	0
35	86	0.0113237	1
35	87	0.00591902	1
35	88	0.00392353	0
35	89	0.0156225	0
35	90	-0.0229415	1
35	91	0.00663437	1
35	92	0.0189043	0
35	93	-0.00500937	1
35	94	-0.0210689	1
35	95	-0.0116263	0
35	96	-0.00934482	0
35	97	0.0177189	0
35	98	0.0162022	1
35	99	0.0108012	0
36	0	-0.00249622	0
36	1	0.00394367	0
36	2	-0.0174156	0
36	3	-0.0323363	1
36	4	0.010864	0
36	5	0.0135273	0
36	6	-0.00311237	1
36	7	0.00108129	1
36	8	-0.00802575	0
36	9	0.00783714	1
36	10	0.0202577	1
36	11	-0.00120532	1
36	12	-0.00283617	0
36	13	-0.0116263	1
36	14	-0.0077416	1
36	15	0.00290807	0
36	16	-0.00166079	0
36	17	0.0028156	0
36	18	-0.00130446	1
36	19	-0.0118906	1
36	20	0.00552754	1
36	21	-0.00338007	0
36	22	0.00446993	0
36	23	0.0270003	1
36	24	0.0146811	1
36	25	0.0067888	0
36	26	0.00395768	0
36	27	-0.00512613	1
36	28	-0.00184106	1
36	29	0.0285862	0
36	30	-0.00516658	1
36	31	-0.0107386	0
36	32	0.00361337	0
36	33	0.0108221	0
36	34	0.0152384	0
36	35	0.0155177	1
36	36	0.0122532	0
36	37	0.0155303	0
36	38	-0.00412375	1
36	39	0.00238143	1
36	40	-0.0181289	0
36	41	-0.000814179	1
36	42	-0.00276177	0
36	43	-0.00542375	1
36	44	0.00371908	0
36	45	0.021787	0
36	46	-0.00398137	1
36	47	0.00912629	1
36	48	-0.0087375	1
36	49	-0.0118236	0
36	50	-0.00620542	1
36	51	-0.012847	0
36	52	0.000730101	0
36	53	-0.0120679	0
36	54	-0.00767019	0
36	55	-0.00383213	1
36	56	0.0366907	0
36	57	-0.00717543	0
36	58	0.00617289	0
36	59	-0.00362071	1
36	60	0.000396228	0
36	61	-0.0167502	1
36	62	0.0128512	0
36	63	-0.00509574	1
36	64	-0.0143415	0
36	65	-0.00698079	0
36	66	0.000466708	0
36	67	0.00862586	0
36	68	-0.0179442	0
36	69	0.00309942	1
36	70	-0.0127767	1
36	71	-0.027288	1
36	72	-0.012905	0
36	73	-0.00655544	0
36	74	-0.00157065	0
36	75	-9.89297e-06	1
36	76	0.0172763	0
36	77	0.00938029	0
36	78	0.00419222	0
36	79	-0.0159565	1
36	80	-0.00135779	1
36	81	0.000889308	1
36	82	-0.00665877	1
36	83	0.0157896	0
36	84	0.00194845	0
36	85	-0.00229449	1
36	86	-0.00278106	1
36	87	0.0102847	0
36	88	0.00116548	1
36	89	-0.00730385	0
36	90	-0.00295277	0
36	91	0.0352882	1
36	92	-0.00148151	0
36	93	-0.0214425	0
36	94	0.0101044	0
36	95	-0.0171532	1
36	96	-0.0136724	0
36	97	-0.0059542	1
36	98	-0.00387818	0
36	99	0.0226355	0
37	0	0.00252203	1
37	1	-0.0086446	1
37	2	0.00917633	0
37	3	-0.00510275	1
37	4	-0.0168506	1
37	5	0.00979862	0
37	6	0.00194567	0
37	7	0.014327	0
37	8	-0.0155034	1
37	9	0.0060831	1
37	10	-0.0117363	0
37	11	-0.0353746	0
37	12	-0.0164482	1
37	13	-0.0212158	1
37	14	0.00769684	1
37	15	0.0184315	0
37	16	0.00304526	1
37	17	-0.00997309	0
37	18	0.00977948	0
37	19	-0.0379806	1
37	20	-0.0055286	1
37	21	-0.00236748	0
37	22	-0.00352661	1
37	23	0.0250289	0
37	24	0.0175145	0
37	25	0.00395418	1
37	26	-0.0118146	1
37	27	-0.0124979	1
37	28	-0.00979946	1
37	29	0.0339952	1
37	30	0.00461876	1
37	31	0.0215621	0
37	32	0.00199236	0
37	33	-0.0224012	1
37	34	0.043045	0
37	35	-0.00258445	1
37	36	-0.00283046	1
37	37	0.0415307	0
37	38	-0.00482869	1
37	39	0.0368932	1
37	40	-0.0181832	1
37	41	0.00982809	0
37	42	0.00369399	0
37	43	-0.0103591	1
37	44	-0.00594816	0
37	45	0.0200784	1
37	46	-0.0147254	0
37	47	-0.0239836	0
37	48	0.0226294	1
37	49	-0.00148411	0
37	50	0.0165361	0
37	51	0.00627941	0
37	52	-0.0135348	0
37	53	0.0187239	0
37	54	-0.00770077	1
37	55	-0.00796597	1
37	56	-0.0207954	1
37	57	-0.0158476	0
37	58	0.0179738	1
37	59	-0.023012	1
37	60	-0.000102411	1
37	61	-0.0103495	0
37	62	-0.0144299	1
37	63	0.000255174	1
37	64	0.00284014	0
37	65	-0.00606226	1
37	66	-0.000371621	1
37	67	-0.0223999	0
37	68	0.00947435	1
37	69	0.0245027	0
37	70	0.00664569	1
37	71	0.00326627	1
37	72	-0.00684841	1
37	73	-0.000100902	0
37	74	-0.012862	0
37	75	-0.0171977	1
37	76	0.0185059	0
37	77	-0.00665189	1
37	78	0.000365569	1
37	79	0.00629903	0
37	80	0.0180633	1
37	81	-0.000471788	1
37	82	-0.014129	0
37	83	-0.00891225	1
37	84	0.00117113	1
37	85	-0.00335212	0
37	86	0.0019548	0
37	87	-0.00678443	1
37	88	0.00511936	0
37	89	-0.0116214	0
37	90	0.0103296	1
37	91	0.0101825	1
37	92	0.0146484	1
37	93	0.0141681	0
37	94	-0.0360262	0
37	95	0.0326825	1
37	96	-0.00598063	1
37	97	0.00360326	1
37	98	0.00247864	1
37	99	-0.0100359	1
38	0	-0.00477846	0
38	1	0.0035512	0
38	2	-0.0197335	0
38	3	0.0316009	0
38	4	-0.0166705	0
38	5	-0.00590718	0
38	6	0.00619585	0
38	7	0.0252098	0
38	8	-0.0159792	1
38	9	0.00554892	0
38	10	-0.00155669	1
38	11	-0.0105688	0
38	12	-0.0313649	0
38	13	-0.0238738	0
38	14	-0.00311673	0
38	15	0.0259903	0
38	16	0.000285746	1
38	17	0.0169544	0
38	18	0.0116853	0
38	19	0.021804	0
38	20	0.021661	0
38	21	0.0110693	1
38	22	0.00183078	1
38	23	-0.00917272	0
38	24	0.0156143	1
38	25	0.0116185	1
38	26	-0.00661537	1
38	27	0.0040062	1
38	28	0.0112018	1
38	29	0.000466755	0
38	30	-0.00872297	1
38	31	-0.00860302	1
38	32	0.0119755	1
38	33	0.00605806	0
38	34	0.00704486	0
38	35	0.00631915	1
38	36	0.00570542	0
38	37	-0.0151502	1
38	38	-0.0102414	0
38	39	-0.00730364	0
38	40	-0.0280576	1
38	41	-0.00546607	1
38	42	0.00740868	0
38	43	0.0143282	1
38	44	0.0118834	0
38	45	-0.014982	1
38	46	0.00361999	0
38	47	-0.00542245	1
38	48	0.0223344	0
38	49	0.00362286	0
38	50	0.0230009	0
38	51	0.00962664	0
38	52	0.011268	0
38	53	0.00443826	0
38	54	-0.00717703	1
38	55	-0.022846	1
38	56	-0.0168058	1
38	57	-0.00917021	0
38	58	-0.00733059	0
38	59	-0.00850005	1
38	60	0.00706739	1
38	61	-0.0149739	1
38	62	-0.00134792	1
38	63	0.00940562	0
38	64	0.00960791	1
38	65	-0.0161362	0
38	66	-0.0059329	1
38	67	0.00290677	1
38	68	-0.00985272	1
38	69	-0.00650412	0
38	70	-0.0023732	0
38	71	-0.00156406	0
38	72	0.0307011	1
38	73	-0.0211653	0
38	74	-0.00286205	1
38	75	0.0119979	1
38	76	-0.0107016	1
38	77	-0.0194401	1
38	78	0.0110863	0
38	79	0.0224218	0
38	80	-0.00697903	1
38	81	-0.00450882	0
38	82	-0.0181517	1
38	83	0.0122173	1
38	84	-0.00539206	0
38	85	0.00355934	0
38	86	-0.0168507	0
38	87	-0.00383127	1
38	88	-0.00743785	1
38	89	-0.00328918	0
38	90	-0.0132485	0
38	91	0.00545511	1
38	92	-0.00360606	1
38	93	-0.000597913	0
38	94	0.00724683	1
38	95	-0.00550655	0
38	96	-0.00549536	0
38	97	0.00554229	0
38	98	0.0124809	1
38	99	0.00624005	0
39	0	0.00917698	1
39	1	0.0175855	0
39	2	-0.00151196	1
39	3	-0.021317	0
39	4	-0.0147893	0
39	5	-0.00141998	1
39	6	-0.00585845	1
39	7	0.0355932	1
39	8	0.00750487	1
39	9	-0.0273673	0
39	10	-0.00212608	0
39	11	-0.0112951	1
39	12	0.0173662	0
39	13	0.00901634	0
39	14	0.0131991	0
39	15	-0.00109852	0
39	16	0.00370877	1
39	17	0.00622613	0
39	18	-0.00526895	1
39	19	-0.00555644	1
39	20	0.00677108	1
39	21	-0.0154898	1
39	22	-0.000902331	1
39	23	-0.00130372	1
39	24	0.0103916	0
39	25	0.0017341	1
39	26	-0.00135652	1
39	27	0.00333221	1
39	28	-0.00949555	0
39	29	0.0082696	1
39	30	-0.00390353	0
39	31	-0.0141882	1
39	32	-0.0250166	1
39	33	-0.024815	0
39	34	0.00544256	1
39	35	0.0276903	1
39	36	0.000985843	1
39	37	-0.0185521	1
39	38	-0.0106729	1
39	39	-0.014724	1
39	40	-0.00162236	0
39	41	-0.0032288	0
39	42	-0.00272204	1
39	43	0.00661026	1
39	44	-0.00410419	1
39	45	-0.00142317	0
39	46	0.015247	0
39	47	-0.00907888	0
39	48	0.00457458	1
39	49	0.00309436	1
39	50	-0.00450106	1
39	51	-0.0296095	0
39	52	0.0071138	0
39	53	2.83139e-05	0
39	54	0.00353247	1
39	55	-0.00609445	1
39	56	-0.0020446	1
39	57	-0.0327206	1
39	58	-0.0117751	0
39	59	-0.00920332	1
39	60	0.00731672	0
39	61	0.00986487	0
39	62	0.0040194	0
39	63	0.0208027	1
39	64	0.00924069	0
39	65	-0.013049	0
39	66	-0.00226369	1
39	67	0.0166893	0
39	68	-0.00133022	0
39	69	0.00211413	1
39	70	-0.000789128	1
39	71	0.0347798	0
39	72	-0.0219278	0
39	73	0.00663356	0
39	74	-0.0277054	0
39	75	0.00387475	0
39	76	-0.00582549	1
39	77	-0.0198642	1
39	78	-0.00515158	1
39	79	0.0178782	1
39	80	0.00337197	0
39	81	0.0286552	0
39	82	-0.0196508	0
39	83	-0.00660765	0
39	84	0.00422518	1
39	85	0.0171489	1
39	86	0.00166146	1
39	87	0.0226403	0
39	88	-0.00959239	0
39	89	0.00440556	1
39	90	0.027032	0
39	91	0.0154879	1
39	92	0.0110912	1
39	93	-0.0114933	0
39	94	0.00410586	1
39	95	0.00504806	0
39	96	0.00720228	0
39	97	0.0105227	1
39	98	-0.0143165	0
39	99	-0.00428307	0
40	0	0.0134141	1
40	1	-0.0151913	0
40	2	0.00437802	1
40	3	-0.0150401	0
40	4	-0.00230393	1
40	5	-0.0427986	1
40	6	-0.00839101	1
40	7	0.023821	1
40	8	-0.00680291	0
40	9	-0.00856845	0
40	10	-0.00672136	0
40	11	0.0385508	0
40	12	-0.00944637	1
40	13	-0.00569107	1
40	14	-0.0203588	1
40	15	0.00830373	0
40	16	-0.0159731	1
40	17	0.0121108	0
40	18	-0.0211368	1
40	19	0.0222052	0
40	20	-0.00662863	0
40	21	0.00486424	0
40	22	0.0101102	0
40	23	0.0248519	0
40	24	-0.0140776	1
40	25	0.00493408	1
40	26	0.0178835	1
40	27	-0.0117172	0
40	28	0.00888659	0
40	29	0.00270427	0
40	30	-0.019586	0
40	31	-0.00772961	1
40	32	0.0263464	0
40	33	0.00259921	1
40	34	0.0198454	0
40	35	-0.0101769	1
40	36	-0.0076587	0
40	37	0.00300556	1
40	38	0.00512623	1
40	39	-0.0185832	1
40	40	0.0170164	0
40	41	-0.00909619	0
40	42	0.0101937	1
40	43	0.00306036	0
40	44	-0.00234016	0
40	45	0.00299212	1
40	46	-0.00453706	0
40	47	0.00157166	0
40	48	0.0185457	1
40	49	-0.00737244	1
40	50	-0.00288813	0
40	51	-0.0119345	0
40	52	0.00546677	1
40	53	0.00410642	1
40	54	0.00117168	1
40	55	0.00163044	1
40	56	0.00128221	1
40	57	0.016173	1
40	58	0.0251966	0
40	59	-0.0014902	0
40	60	-0.00381244	0
40	61	0.00573713	0
40	62	0.0161234	0
40	63	0.00771522	1
40	64	0.0105756	0
40	65	-0.000650566	0
40	66	-0.0439608	0
40	67	-0.035948	0
40	68	-0.00787988	1
40	69	-0.00895816	0
40	70	0.0034562	1
40	71	0.0207854	1
40	72	0.0121106	0
40	73	-0.00885556	1
40	74	0.00804917	0
40	75	-0.0195611	0
40	76	-0.000641023	0
40	77	-0.00976844	0
40	78	-0.0136153	1
40	79	-0.00939383	1
40	80	-0.0140752	0
40	81	0.00718071	0
40	82	-0.0155749	1
40	83	0.0219593	1
40	84	-0.000269807	0
40	85	0.0224412	1
40	86	-0.00682512	0
40	87	0.0222974	1
40	88	-0.00805987	0
40	89	0.0138704	1
40	90	-0.0043411	0
40	91	-0.0202713	1
40	92	-0.0080972	1
40	93	0.0157227	1
40	94	-0.00491171	0
40	95	-0.0160927	1
40	96	0.00190928	0
40	97	0.00694818	1
40	98	0.00901294	0
40	99	0.00756124	0
41	0	-0.00583213	0
41	1	-0.00890662	0
41	2	0.0126378	1
41	3	0.00105799	0
41	4	0.0118608	1
41	5	-0.00597061	0
41	6	0.0163314	0
41	7	-0.0192308	0
41	8	0.00228507	1
41	9	-0.0463453	0
41	10	0.00318488	0
41	11	0.00335439	0
41	12	0.00897566	1
41	13	-0.015992	1
41	14	0.0106237	0
41	15	0.000348204	1
41	16	0.0168246	1
41	17	0.000136525	1
41	18	0.012424	0
41	19	-0.000375951	0
41	20	-0.000403633	0
41	21	-0.000187059	1
41	22	0.0284593	0
41	23	-0.0114645	1
41	24	-0.0234232	0
41	25	0.0214106	1
41	26	0.0098118	0
41	27	-0.00941744	0
41	28	-0.000362757	1
41	29	-0.035797	1
41	30	-0.00239112	1
41	31	0.00884338	0
41	32	0.00904472	0
41	33	0.00492455	1
41	34	0.0212676	1
41	35	-0.00410274	1
41	36	0.0121998	0
41	37	0.00822126	0
41	38	0.00848019	1
41	39	0.00877581	1
41	40	-0.0187103	1
41	41	-0.00303312	0
41	42	0.00647917	1
41	43	0.0107046	0
41	44	-0.0161316	1
41	45	0.00159892	1
41	46	-0.00404149	0
41	47	0.0107541	1
41	48	0.0117369	0
41	49	-0.00400053	1
41	50	-0.021105	1
41	51	-0.00337871	0
41	52	-0.000829713	0
41	53	-0.00236641	1
41	54	-0.00934536	1
41	55	0.00526659	1
41	56	-0.00235084	0
41	57	-0.00345953	0
41	58	0.020413	0
41	59	0.00859174	1
41	60	0.00552718	0
41	61	-0.0154944	1
41	62	0.0355192	0
41	63	-0.0127322	0
41	64	-0.0095994	0
41	65	0.00526181	0
41	66	-0.0168315	1
41	67	0.0240642	1
41	68	-0.0220407	0
41	69	0.00714869	0
41	70	0.00487481	0
41	71	0.0173646	1
41	72	-0.0159313	0
41	73	-0.0052128	0
41	74	0.0196973	0
41	75	0.0123379	0
41	76	-0.00382319	1
41	77	-0.00245674	1
41	78	-0.017131	1
41	79	0.0180547	0
41	80	-0.0047166	0
41	81	0.00742954	0
41	82	-0.016197	1
41	83	-0.0109468	1
41	84	-0.0291264	1
41	85	-0.000760066	1
41	86	0.0177153	1
41	87	-0.010761	1
41	88	0.0131896	1
41	89	-0.00942933	0
41	90	-0.0197117	0
41	91	-0.0160563	1
41	92	0.000840116	0
41	93	-0.00255636	0
41	94	-0.0126093	0
41	95	0.0117996	0
41	96	-0.00108131	0
41	97	0.00507768	0
41	98	0.00700225	0
41	99	0.00422731	1
42	0	0.00727711	0
42	1	-0.00504004	1
42	2	-0.0139041	0
42	3	0.00241627	1
42	4	-0.0150346	0
42	5	0.00189272	1
42	6	0.0107918	1
42	7	0.0193353	1
42	8	0.00140977	1
42	9	0.0176411	1
42	10	0.0252367	1
42	11	-0.00140456	0
42	12	-0.0246128	0
42	13	-0.00553566	0
42	14	0.00460421	1
42	15	-0.0238898	1
42	16	-0.00812159	0
42	17	-0.00889607	1
42	18	-0.00813434	0
42	19	0.0300671	0
42	20	0.00666859	1
42	21	-0.00205388	0
42	22	0.0115736	0
42	23	-0.00224535	0
42	24	-0.0183453	0
42	25	0.00633153	0
42	26	0.0163675	1
42	27	-0.00502061	0
42	28	-0.00656891	0
42	29	0.0189062	0
42	30	-0.0102412	1
42	31	-0.0157187	1
42	32	-0.0159485	0
42	33	0.00329448	0
42	34	-0.00772187	0
42	35	0.0266863	0
42	36	-0.00732648	1
42	37	0.000741238	0
42	38	-0.00166765	1
42	39	0.00629704	0
42	40	0.00456731	1
42	41	-0.0106004	0
42	42	-0.00169034	0
42	43	-0.00366853	0
42	44	-0.00277753	0
42	45	0.0143922	0
42	46	-0.00161919	1
42	47	0.00418684	0
42	48	0.00271106	1
42	49	0.00132913	0
42	50	0.0110185	0
42	51	0.0254471	0
42	52	0.00323095	1
42	53	-0.0109643	1
42	54	-0.0380915	0
42	55	-0.00016936	0
42	56	0.000419703	0
42	57	0.00914923	0
42	58	-0.011904	1
42	59	0.00544389	0
42	60	-0.0118269	0
42	61	0.0139656	0
42	62	-0.0156675	0
42	63	0.014582	1
42	64	-0.0203674	1
42	65	-0.0172691	0
42	66	0.00655147	1
42	67	-0.00727202	1
42	68	0.0160785	1
42	69	-0.002361	0
42	70	0.00715405	1
42	71	0.00656034	0
42	72	0.00407354	0
42	73	-0.00550412	1
42	74	0.000621594	1
42	75	-9.28152e-05	0
42	76	-0.00803862	0
42	77	0.000696296	1
42	78	-0.0086715	0
42	79	0.00919848	0
42	80	-0.0137524	0
42	81	0.00126797	1
42	82	-0.00891676	0
42	83	0.00392419	1
42	84	-0.00790431	1
42	85	0.00943223	0
42	86	0.00199653	0
42	87	-0.00528	0
42	88	-0.00542987	1
42	89	0.00933279	0
42	90	0.00801051	0
42	91	-0.00503007	0
42	92	0.00156251	0
42	93	0.00257514	0
42	94	-0.0188965	0
42	95	0.0119537	0
42	96	0.0118473	0
42	97	0.00789087	0
42	98	0.00141859	0
42	99	0.00106949	0
43	0	-0.0035839	0
43	1	-0.00071921	1
43	2	0.0079654	0
43	3	0.000826247	1
43	4	-0.000175054	0
43	5	-0.00288007	0
43	6	0.000486428	1
43	7	0.00517588	0
43	8	0.00843034	1
43	9	-0.0080967	0
43	10	0.0172843	1
43	11	0.0128605	1
43	12	-0.00859325	0
43	13	-0.0136048	1
43	14	0.017644	1
43	15	-0.00890644	1
43	16	-0.0152777	0
43	17	0.0034407	0
43	18	-0.0160684	1
43	19	0.0150184	0
43	20	-0.0121563	1
43	21	0.00696559	1
43	22	-0.00958434	1
43	23	-0.0164824	0
43	24	0.00231336	1
43	25	0.00257307	0
43	26	-0.0029963	1
43	27	0.014589	1
43	28	-0.000360009	0
43	29	-0.00612662	0
43	30	-0.00515566	0
43	31	0.00377086	1
43	32	0.0204725	1
43	33	-0.00511029	1
43	34	-0.00716906	1
43	35	-0.0109668	1
43	36	-0.0136845	0
43	37	0.00326365	1
43	38	-0.0112675	0
43	39	0.00984062	1
43	40	0.00982814	1
43	41	0.00332741	1
43	42	0.0205243	1
43	43	0.0040727	1
43	44	-0.0316654	0
43	45	0.0128133	1
43	46	0.00962152	1
43	47	0.00123205	1
43	48	0.0284171	0
43	49	-0.0090732	0
43	50	0.0102958	0
43	51	0.0110111	0
43	52	0.00432883	0
43	53	0.00217084	1
43	54	-0.00812445	0
43	55	-0.0239911	0
43	56	0.0160042	1
43	57	-0.00666139	1
43	58	0.0162078	0
43	59	0.00829069	0
43	60	0.00662085	1
43	61	0.010213	1
43	62	-0.0297495	1
43	63	0.00506288	0
43	64	0.00514917	0
43	65	-0.0269848	1
43	66	0.0175236	1
43	67	-0.00814085	1
43	68	-0.0200137	0
43	69	0.00553485	1
43	70	-0.0136699	1
43	71	0.00624278	1
43	72	-0.0243902	1
43	73	-0.00346751	0
43	74	0.0271408	0
43	75	0.000569718	1
43	76	-0.0280663	1
43	77	0.0115702	1
43	78	0.000696312	1
43	79	-2.00519e-05	0
43	80	0.0101269	1
43	81	0.00807154	0
43	82	-0.0167705	1
43	83	-0.00973938	0
43	84	0.000949885	0
43	85	0.00724859	1
43	86	0.0137618	1
43	87	0.00471288	1
43	88	0.0124717	0
43	89	0.00930581	1
43	90	-0.0076743	1
43	91	0.0103023	1
43	92	-0.0119817	1
43	93	0.00349823	1
43	94	-0.0231727	0
43	95	-0.00554901	0
43	96	-0.0148045	0
43	97	-0.0048727	1
43	98	0.0179155	1
43	99	0.00179252	0
44	0	0.0124961	0
44	1	0.00685912	0
44	2	0.0138784	1
44	3	0.00079658	0
44	4	-0.00555461	1
44	5	-0.00132938	0
44	6	-0.00695583	0
44	7	-0.00245672	1
44	8	-0.0129812	0
44	9	-0.00990259	1
44	10	-0.0184097	1
44	11	0.0140857	1
44	12	-0.00910333	0
44	13	0.00126077	1
44	14	-0.0217375	0
44	15	-0.0124422	1
44	16	0.0406275	0
44	17	0.0108146	1
44	18	0.0209854	1
44	19	-0.00402392	0
44	20	-0.00362403	0
44	21	0.0142862	1
44	22	0.0259288	1
44	23	0.0014489	0
44	24	-0.00867881	0
44	25	-0.00275879	1
44	26	0.00148563	0
44	27	0.0121232	0
44	28	-0.0145144	0
44	29	0.00305207	1
44	30	-0.00277925	0
44	31	0.0212245	0
44	32	0.0195539	1
44	33	0.0172232	0
44	34	0.00606876	0
44	35	-0.00360135	0
44	36	-0.000624398	0
44	37	0.00379564	0
44	38	-0.0108936	0
44	39	-0.00169492	0
44	40	-0.00328815	0
44	41	0.0114653	1
44	42	0.00430945	1
44	43	0.00549219	1
44	44	0.000226754	0
44	45	0.00665304	1
44	46	-0.013826	0
44	47	-0.00772941	0
44	48	-0.0181413	0
44	49	-0.00195374	0
44	50	-0.0138316	0
44	51	0.013435	0
44	52	-0.0147045	1
44	53	0.00858849	0
44	54	0.0159962	0
44	55	-0.00637418	1
44	56	-0.0145312	0
44	57	0.0135961	0
44	58	0.00639283	0
44	59	-0.0194599	0
44	60	-0.0164631	1
44	61	-0.0234628	0
44	62	0.0033555	1
44	63	-0.0253166	1
44	64	0.0132143	0
44	65	0.000411223	1
44	66	-0.0175796	0
44	67	-0.00291917	1
44	68	-0.00933252	0
44	69	-0.011927	1
44	70	0.0130492	0
44	71	-0.00615256	0
44	72	0.0153834	1
44	73	0.0192142	0
44	74	0.0172695	1
44	75	0.00770175	1
44	76	-0.0275416	0
44	77	-0.00783687	1
44	78	0.00951529	1
44	79	-0.0230521	1
44	80	0.0115817	0
44	81	0.0189648	1
44	82	0.0159329	1
44	83	0.00293302	1
44	84	-0.00204885	0
44	85	-0.000690172	1
44	86	-0.0115467	1
44	87	-0.0237182	0
44	88	-0.00687889	0
44	89	0.00702629	0
44	90	0.00474584	0
44	91	0.0320557	1
44	92	0.00258454	0
44	93	-0.0308778	1
44	94	0.00965042	1
44	95	-0.0244651	0
44	96	0.0193479	1
44	97	-0.00292583	1
44	98	0.00505138	0
44	99	-0.0204968	1
45	0	0.0191107	1
45	1	-0.00741822	1
45	2	-0.0100952	1
45	3	-0.0232202	1
45	4	0.0052964	0
45	5	-0.0133527	1
45	6	-0.0068871	0
45	7	-4.1199e-05	0
45	8	-0.00616591	0
45	9	-0.00335794	1
45	10	-0.0298004	1
45	11	0.0181366	0
45	12	0.00901047	0
45	13	-0.00747997	0
45	14	-0.0236212	1
45	15	-0.0106526	0
45	16	0.0148117	1
45	17	-0.00820887	1
45	18	0.0273921	0
45	19	-0.00381458	1
45	20	0.00760706	1
45	21	0.00415489	0
45	22	0.0109855	0
45	23	-0.00363247	1
45	24	-0.0135054	0
45	25	0.0282066	0
45	26	-0.0059544	1
45	27	-0.0002875	1
45	28	-0.0173992	1
45	29	-7.28015e-05	1
45	30	0.0124823	0
45	31	0.0124343	0
45	32	-0.0136457	1
45	33	-0.0344218	1
45	34	0.0228462	1
45	35	0.0100986	1
45	36	0.0146443	0
45	37	0.00550286	0
45	38	-0.032039	1
45	39	0.0282483	1
45	40	-0.00402481	1
45	41	0.00316613	0
45	42	-0.00206682	0
45	43	0.00229295	1
45	44	0.00326015	0
45	45	0.0134399	0
45	46	0.00413783	0
45	47	0.0131293	1
45	48	-0.00186835	0
45	49	0.00629426	0
45	50	-0.0126642	1
45	51	-7.93082e-05	0
45	52	0.00959756	1
45	53	0.00561709	1
45	54	-0.00127122	0
45	55	-0.0287629	1
45	56	-0.00611828	0
45	57	-0.0116046	1
45	58	0.0094254	1
45	59	0.000794044	1
45	60	-0.0106605	1
45	61	-0.0135841	0
45	62	0.0014789	0
45	63	0.0055621	0
45	64	0.0174775	1
45	65	0.013844	1
45	66	-0.0113736	1
45	67	-0.00110074	1
45	68	-0.00319975	1
45	69	-0.00328791	1
45	70	-0.0104558	0
45	71	0.0229579	1
45	72	0.00922212	0
45	73	-0.0169267	0
45	74	-0.00970477	0
45	75	-0.0220213	0
45	76	-0.00147456	1
45	77	0.00749268	0
45	78	-0.0162807	0
45	79	-0.00775073	1
45	80	-0.00880591	0
45	81	-0.00819367	0
45	82	-0.0102249	1
45	83	0.0178749	1
45	84	0.0270446	1
45	85	0.019883	1
45	86	0.0010349	1
45	87	0.0113392	1
45	88	0.00502505	1
45	89	0.0204314	1
45	90	-0.0176323	0
45	91	0.00112731	1
45	92	0.00969281	1
45	93	-0.0181785	1
45	94	0.0193893	1
45	95	0.0162383	0
45	96	-0.0335221	1
45	97	-0.00276466	1
45	98	0.0343175	0
45	99	-0.0128792	1
46	0	-0.0116152	0
46	1	5.20703e-05	1
46	2	-0.00468202	0
46	3	-0.000110303	1
46	4	0.00244949	0
46	5	-0.0101001	0
46	6	-0.0135896	0
46	7	0.0288794	0
46	8	-0.0176506	0
46	9	0.0196109	0
46	10	-0.00664529	1
46	11	0.0338287	0
46	12	-0.0036729	0
46	13	-0.0143336	1
46	14	-0.0064035	1
46	15	0.0129548	0
46	16	-0.0299027	1
46	17	-0.0193897	0
46	18	-0.00953791	1
46	19	0.0144054	1
46	20	-0.0144919	0
46	21	0.0125958	1
46	22	-0.000956916	1
46	23	0.0208028	1
46	24	-0.00392723	0
46	25	0.0021613	0
46	26	-0.017599	1
46	27	0.00606726	1
46	28	-0.0153968	1
46	29	0.0547156	1
46	30	-0.00155738	0
46	31	0.0183508	1
46	32	-0.02227	0
46	33	0.000484799	0
46	34	-0.0244003	0
46	35	-0.00112077	1
46	36	0.00910266	0
46	37	-0.0150244	0
46	38	0.0145434	0
46	39	-0.00913499	0
46	40	-0.00960929	1
46	41	0.00701944	1
46	42	-0.00169022	1
46	43	0.0186057	0
46	44	0.0128616	0
46	45	0.00394545	1
46	46	0.0125746	0
46	47	0.00482454	1
46	48	-0.0329575	0
46	49	-0.00331969	1
46	50	0.0137142	1
46	51	0.0199752	0
46	52	-0.00952154	0
46	53	-0.00149146	1
46	54	-0.00620074	0
46	55	0.00802885	1
46	56	0.0188492	1
46	57	-0.00973211	0
46	58	-0.0132801	1
46	59	-0.00968155	0
46	60	0.00963433	0
46	61	-0.00658797	0
46	62	-0.00348626	1
46	63	0.00633375	1
46	64	0.0110744	1
46	65	0.0115843	1
46	66	-0.00745929	0
46	67	-0.00480617	0
46	68	-0.0346327	1
46	69	-0.00814642	0
46	70	-0.00415068	0
46	71	0.000934387	0
46	72	-0.0239559	1
46	73	0.00802526	0
46	74	-0.0290163	0
46	75	0.0118429	0
46	76	-0.00290502	0
46	77	0.0288464	0
46	78	-0.00504946	0
46	79	0.0189452	0
46	80	0.00624994	0
46	81	0.0128702	1
46	82	0.0303922	0
46	83	-0.0194956	1
46	84	0.0245671	1
46	85	-0.0108043	0
46	86	0.00948426	1
46	87	-0.0116812	0
46	88	-0.0267704	1
46	89	-0.0039498	0
46	90	-0.00570376	0
46	91	-0.00630323	1
46	92	0.0132657	0
46	93	0.0251175	0
46	94	-0.0101288	0
46	95	0.00694199	1
46	96	-0.00115467	0
46	97	-0.00807943	0
46	98	-0.0113556	1
46	99	0.00910672	1
47	0	-0.0167265	1
47	1	0.0327547	1
47	2	0.0100819	0
47	3	-0.00808911	0
47	4	-0.0121942	0
47	5	-0.0159935	1
47	6	0.0108488	0
47	7	-0.000782608	0
47	8	-0.00945271	0
47	9	-0.00865568	1
47	10	-0.0133724	0
47	11	0.0121444	1
47	12	0.0151717	1
47	13	0.0156702	1
47	14	0.00994995	1
47	15	0.00533814	0
47	16	-0.00803458	0
47	17	0.0183	1
47	18	-0.00440227	1
47	19	0.00605611	0
47	20	-0.0195422	1
47	21	-0.0017497	0
47	22	-0.00824355	0
47	23	-0.000833779	0
47	24	0.0263777	0
47	25	0.00819917	0
47	26	0.000448278	1
47	27	0.0165097	0
47	28	0.000346134	1
47	29	0.00604739	0
47	30	-0.0366985	0
47	31	0.0121214	0
47	32	0.0142687	0
47	33	0.000311856	1
47	34	-0.0194926	1
47	35	0.0078806	1
47	36	-0.0178154	0
47	37	-0.00079239	0
47	38	0.0346097	0
47	39	-0.0187399	0
47	40	0.00881881	1
47	41	0.0056786	1
47	42	-0.0169042	0
47	43	-0.00264973	1
47	44	-0.0140529	1
47	45	-0.0231382	0
47	46	-0.00456818	0
47	47	-0.0235198	1
47	48	-0.0232377	1
47	49	-0.0110009	1
47	50	0.00592519	0
47	51	-0.00694454	0
47	52	0.0011579	0
47	53	0.0063308	0
47	54	0.0210975	0
47	55	-0.0170648	1
47	56	0.0138073	0
47	57	0.0172352	0
47	58	-0.0146693	1
47	59	-0.0109161	0
47	60	0.00236745	0
47	61	0.00627319	0
47	62	-0.00014341	1
47	63	-0.0136986	0
47	64	0.0158956	1
47	65	-0.00628537	1
47	66	0.0132953	1
47	67	-0.00816837	1
47	68	0.00223993	0
47	69	0.0207764	0
47	70	0.00153385	1
47	71	0.0114368	1
47	72	-0.00506174	0
47	73	-0.0110349	0
47	74	-0.00326686	1
47	75	-0.0138782	1
47	76	0.00199169	1
47	77	0.0135453	0
47	78	-0.0145189	0
47	79	-0.00260897	1
47	80	-0.0203401	0
47	81	-0.0271997	1
47	82	-0.00245594	1
47	83	0.0151295	0
47	84	0.000212683	1
47	85	0.00329241	0
47	86	0.0258246	1
47	87	-0.00649384	0
47	88	-0.00176619	1
47	89	-0.0156153	0
47	90	-0.00259829	0
47	91	0.0034316	1
47	92	0.0118018	0
47	93	0.03088	0
47	94	0.0055949	0
47	95	0.0113201	1
47	96	-0.0012134	1
47	97	0.00764539	0
47	98	0.00694227	0
47	99	-0.00829279	1
48	0	0.0137747	0
48	1	0.0154394	0
48	2	-0.00604455	1
48	3	0.032103	0
48	4	-0.0124784	0
48	5	-0.00959013	0
48	6	-0.0206686	1
48	7	-0.023585	0
48	8	0.00587565	0
48	9	-0.0167559	0
48	10	-0.032407	0
48	11	0.0022545	1
48	12	-0.00581884	0
48	13	-0.0146227	0
48	14	0.00616104	0
48	15	0.0103484	1
48	16	0.0213443	1
48	17	0.0095999	1
48	18	0.012413	0
48	19	0.027879	1
48	20	0.0268482	0
48	21	0.00172514	1
48	22	-0.019243	1
48	23	-0.00315387	0
48	24	-0.00104093	1
48	25	0.00567272	1
48	26	0.00685166	0
48	27	-0.00184521	0
48	28	0.008314	1
48	29	0.00380458	0
48	30	-0.00375347	0
48	31	0.037623	0
48	32	0.00736726	0
48	33	0.00694166	0
48	34	-0.0249933	1
48	35	-0.0245442	1
48	36	0.00374775	0
48	37	-0.00142733	0
48	38	0.00334688	1
48	39	-0.00479793	1
48	40	0.000633109	1
48	41	-0.00634497	0
48	42	-0.00691846	0
48	43	-0.0180741	0
48	44	-0.00990811	0
48	45	0.0114385	0
48	46	0.00828421	0
48	47	0.000469917	0
48	48	-0.00634876	0
48	49	-0.00384068	0
48	50	-0.0173865	1
48	51	-0.0196918	0
48	52	0.0098014	1
48	53	-0.0114681	0
48	54	-0.00434313	1
48	55	0.0104433	0
48	56	0.00675267	0
48	57	0.0273357	0
48	58	0.00835213	0
48	59	-0.011763	1
48	60	-0.00468345	0
48	61	-0.00221867	1
48	62	0.00576879	1
48	63	-0.00551802	0
48	64	0.00551287	1
48	65	-0.00204017	0
48	66	0.00497567	1
48	67	0.00338577	1
48	68	-0.00211575	1
48	69	-0.00984996	1
48	70	-0.0060086	0
48	71	0.0103793	1
48	72	-0.00460556	0
48	73	0.0300891	1
48	74	-0.00683194	0
48	75	-0.00985126	1
48	76	0.00865902	1
48	77	-0.0298474	1
48	78	-0.0072257	1
48	79	0.00993204	0
48	80	0.0255671	1
48	81	-0.0121947	0
48	82	0.00319337	1
48	83	-0.018145	1
48	84	-0.0226333	0
48	85	-0.0341661	1
48	86	0.0313898	1
48	87	0.0203794	0
48	88	0.0146031	1
48	89	-0.012521	0
48	90	-0.0137796	0
48	91	0.0220981	0
48	92	-0.00613197	0
48	93	0.0060988	1
48	94	0.00911557	1
48	95	0.00320822	1
48	96	-0.00810254	1
48	97	0.00629547	0
48	98	0.0036923	0
48	99	-0.0159619	1
49	0	-0.00770183	1
49	1	0.0195439	0
49	2	-0.0215337	1
49	3	-0.00916252	1
49	4	0.00934616	0
49	5	0.0160941	0
49	6	0.00746498	0
49	7	0.0049757	1
49	8	0.00270977	1
49	9	-0.000812168	1
49	10	-0.0129383	0
49	11	0.01311	0
49	12	-0.0229811	1
49	13	-0.0253373	1
49	14	-0.0126675	0
49	15	-0.0132838	1
49	16	0.0137255	1
49	17	0.00869069	0
49	18	-0.011665	1
49	19	-0.00471862	0
49	20	-0.00987093	1
49	21	-0.011445	1
49	22	0.0212346	0
49	23	0.0159676	0
49	24	-0.0218321	0
49	25	0.0244245	0
49	26	-0.0144835	0
49	27	0.0101118	1
49	28	-0.00625876	1
49	29	-0.0181921	0
49	30	0.0298193	0
49	31	0.0124407	1
49	32	0.00142471	0
49	33	-0.0124658	0
49	34	0.0200027	1
49	35	-0.00526857	0
49	36	0.0234899	0
49	37	0.00945725	0
49	38	0.00651	0
49	39	0.0218439	1
49	40	-0.00393272	0
49	41	0.0142023	1
49	42	-0.0185738	0
49	43	0.0200992	1
49	44	-0.0154447	0
49	45	-0.0228183	0
49	46	-0.0149342	0
49	47	0.0115374	0
49	48	-0.00648255	0
49	49	-0.00902183	0
49	50	-0.0138333	0
49	51	0.00452629	1
49	52	0.00390007	1
49	53	0.00437438	0
49	54	-0.00422958	0
49	55	-0.0244486	1
49	56	0.00134969	0
49	57	-0.00270632	0
49	58	0.010243	0
49	59	-0.00790478	1
49	60	0.0133485	1
49	61	-0.0160696	1
49	62	-0.00647957	0
49	63	-0.013733	0
49	64	-0.00501573	0
49	65	0.0284443	1
49	66	0.0115545	0
49	67	-0.00557135	1
49	68	-0.011235	0
49	69	0.0324979	0
49	70	-0.0273463	0
49	71	0.00426315	1
49	72	-0.0285407	1
49	73	0.00813281	1
49	74	-0.00813853	1
49	75	0.0235779	1
49	76	0.00144724	0
49	77	0.00762606	0
49	78	0.00437916	1
49	79	-0.00885351	0
49	80	-0.0309633	1
49	81	0.0195035	1
49	82	0.0229777	0
49	83	0.00055123	0
49	84	-0.00839744	1
49	85	0.00146904	0
49	86	-0.0017619	1
49	87	-0.00765569	0
49	88	0.0278908	1
49	89	-0.0122178	0
49	90	0.00855183	0
49	91	-0.0266183	0
49	92	-0.00962441	0
49	93	-0.00536311	1
49	94	0.00180593	0
49	95	0.00606493	0
49	96	0.00523486	1
49	97	0.00395507	1
49	98	0.0224068	1
49	99	0.00223099	0
