0	0	0.0119388	0
0	1	-0.0208886	1
0	2	0.0164123	0
0	3	-0.00869403	1
0	4	-0.0147507	0
0	5	0.00707657	1
0	6	-0.0164398	1
0	7	0.00439848	0
0	8	-0.00727065	0
0	9	0.012897	0
0	10	0.0278597	1
0	11	-0.0207413	1
0	12	-0.00346971	1
0	13	-0.0190577	1
0	14	-0.0157883	0
0	15	0.00754396	0
0	16	0.00954157	1
0	17	0.00588428	1
0	18	-0.0174076	0
0	19	0.0155754	1
0	20	-0.00234017	0
0	21	0.000704649	1
0	22	0.028348	0
0	23	-0.00525852	0
0	24	0.0169314	1
0	25	-0.00833646	1
0	26	0.00139113	0
0	27	0.011705	1
0	28	0.016204	0
0	29	0.00521015	0
0	30	0.00356149	0
0	31	-0.00222786	1
0	32	-0.0194318	0
0	33	0.0177836	0
0	34	0.00949442	0
0	35	-0.00798107	1
0	36	-0.032816	1
0	37	0.000131638	1
0	38	0.0026249	1
0	39	-0.0179281	1
0	40	0.00562228	1
0	41	0.0102564	1
0	42	0.0186337	0
0	43	0.0107784	0
0	44	0.0105317	0
0	45	-0.0117501	0
0	46	0.010277	0
0	47	-0.006324	1
0	48	0.00778834	0
0	49	-0.0236552	0
0	50	-0.016953	0
0	51	-0.0286126	0
0	52	-0.0128584	1
0	53	0.00412271	1
0	54	-0.0124787	0
0	55	0.0178727	1
0	56	0.0155483	0
0	57	0.0435265	1
0	58	-0.0212357	1
0	59	-0.0247001	0
0	60	-0.00660748	1
0	61	0.00195065	0
0	62	0.000273618	0
0	63	0.0188105	0
0	64	0.00484298	0
0	65	0.0139327	0
0	66	0.00852233	1
0	67	-0.00220288	0
0	68	-1.11358e-05	0
0	69	-0.0176236	0
0	70	0.0156438	0
0	71	0.00865396	1
0	72	0.0111611	0
0	73	-0.00471452	1
0	74	0.00941553	0
0	75	0.0105441	1
0	76	-0.0169983	1
0	77	-0.00773192	1
0	78	-0.0223957	1
0	79	-0.00982117	0
0	80	0.000394958	0
0	81	0.041628	0
0	82	0.0181416	0
0	83	0.00688183	0
0	84	0.00409021	0
0	85	-0.0333567	0
0	86	0.010036	0
0	87	-0.00455565	1
0	88	0.00911913	1
0	89	-0.0040834	1
0	90	-0.002366	1
0	91	-0.0251739	0
0	92	0.00250142	0
0	93	-0.0060871	0
0	94	-8.7784e-05	0
0	95	0.00357693	1
0	96	-0.0164387	0
0	97	0.00170543	0
0	98	0.00172676	1
0	99	-0.012078	1
1	0	0.0152302	0
1	1	0.00729681	0
1	2	0.00154168	1
1	3	0.00148773	0
1	4	-0.0113781	0
1	5	-0.00667496	0
1	6	0.00207686	1
1	7	-0.00433741	0
1	8	0.00567775	0
1	9	-0.00127526	1
1	10	0.016044	1
1	11	-0.00917109	0
1	12	0.02026	1
1	13	0.00483636	1
1	14	-0.000220016	1
1	15	-0.00127168	0
1	16	-0.0195061	1
1	17	0.00403921	0
1	18	0.0220337	1
1	19	-0.000862627	1
1	20	-0.0210402	0
1	21	0.00845991	0
1	22	0.013872	1
1	23	0.0040404	1
1	24	-0.0124379	1
1	25	-0.021125	0
1	26	0.0048444	0
1	27	-0.013274	0
1	28	0.0059021	1
1	29	-0.00647936	0
1	30	-0.00793265	0
1	31	-0.0101736	0
1	32	0.0152381	0
1	33	-0.0158255	0
1	34	0.0279455	1
1	35	-0.0104502	0
1	36	-0.00369216	1
1	37	0.0240072	0
1	38	-0.000512461	0
1	39	0.00539837	1
1	40	0.00612757	0
1	41	-0.00571083	1
1	42	0.0175475	1
1	43	-0.00976217	1
1	44	0.0003075	1
1	45	-0.00996017	1
1	46	0.0202558	0
1	47	-0.0276691	0
1	48	0.00135204	0
1	49	-0.0414336	1
1	50	0.00126166	0
1	51	0.0308594	0
1	52	-0.0243199	0
1	53	0.0162477	0
1	54	-0.00283434	1
1	55	-0.00638267	0
1	56	-0.000529767	1
1	57	-0.00117731	0
1	58	0.012479	1
1	59	-0.022484	0
1	60	0.0295744	1
1	61	0.00142422	1
1	62	0.00298351	1
1	63	-0.0165734	1
1	64	-0.00870992	1
1	65	0.0131771	1
1	66	-0.0131567	0
1	67	0.00628599	0
1	68	-0.0215986	0
1	69	0.00404935	0
1	70	-0.0184508	1
1	71	-0.0121028	1
1	72	-0.00524783	1
1	73	-0.00777601	0
1	74	0.0114159	0
1	75	0.00382133	1
1	76	0.0294121	0
1	77	-0.00336475	1
1	78	0.0075008	0
1	79	0.0121222	0
1	80	0.0120017	0
1	81	0.00877018	1
1	82	0.0237244	1
1	83	-0.0106192	0
1	84	0.00353614	0
1	85	-0.0106971	1
1	86	-0.0302475	1
1	87	0.00166068	0
1	88	-0.00180031	1
1	89	0.0257592	1
1	90	-0.00694706	0
1	91	-0.00393368	0
1	92	-0.0138242	0
1	93	-0.0238145	1
1	94	0.0025976	0
1	95	0.013097	1
1	96	-0.00323477	0
1	97	0.00220626	1
1	98	-0.0023578	1
1	99	0.0125708	0
2	0	-0.0311819	0
2	1	0.0225157	0
2	2	0.00171497	1
2	3	-0.0330416	1
2	4	-0.0158723	0
2	5	-0.0190666	0
2	6	0.00865497	1
2	7	0.00383204	1
2	8	-0.0127991	0
2	9	-0.00539619	1
2	10	-0.00321335	0
2	11	0.00705415	1
2	12	0.00141576	0
2	13	0.0115401	1
2	14	0.00583202	1
2	15	0.00897636	0
2	16	0.0192395	1
2	17	0.029439	0
2	18	-0.0174942	1
2	19	0.0153145	0
2	20	0.00876826	1
2	21	-0.00456459	0
2	22	-0.00872882	1
2	23	0.0210653	0
2	24	-0.000408551	0
2	25	-0.0108729	0
2	26	-0.0153373	0
2	27	0.0249404	0
2	28	-0.00456805	1
2	29	-0.0157891	1
2	30	-0.00185511	1
2	31	0.00348044	1
2	32	0.00398177	1
2	33	-0.0243489	0
2	34	-0.0139479	0
2	35	0.00480134	1
2	36	-0.000856741	0
2	37	-0.00395601	0
2	38	-0.014652	1
2	39	-0.0223913	1
2	40	0.0146996	1
2	41	-0.0164659	1
2	42	-0.00930011	0
2	43	0.025416	0
2	44	-0.00101936	1
2	45	-0.00857105	0
2	46	0.00135662	1
2	47	0.00602632	0
2	48	0.00627034	1
2	49	-0.00141902	0
2	50	0.00713021	1
2	51	0.0173749	1
2	52	0.0110502	1
2	53	-0.00824256	0
2	54	0.0059902	0
2	55	0.0106962	1
2	56	0.000610537	1
2	57	-0.00402839	0
2	58	0.0160048	1
2	59	0.00168192	0
2	60	0.018801	0
2	61	-0.0176866	1
2	62	0.00874991	0
2	63	-0.000294308	1
2	64	0.00411775	0
2	65	-0.018012	1
2	66	0.0149361	0
2	67	0.00647089	1
2	68	-0.0213084	0
2	69	-0.00155938	0
2	70	0.00949788	1
2	71	-0.00528834	1
2	72	0.00827307	0
2	73	0.00214521	0
2	74	0.0137578	0
2	75	0.00700859	1
2	76	-0.0184006	0
2	77	-0.000334522	1
2	78	-0.0178805	1
2	79	-1.15769e-05	1
2	80	0.00742147	0
2	81	0.00790086	0
2	82	0.0176743	0
2	83	0.00659958	0
2	84	-0.00607193	1
2	85	-0.00322963	0
2	86	-0.00981906	0
2	87	0.00682205	1
2	88	0.0190581	0
2	89	-0.00449031	0
2	90	0.0134701	0
2	91	-0.00382598	1
2	92	-0.0220076	0
2	93	-0.0143438	0
2	94	-0.00912817	0
2	95	0.0117445	1
2	96	-0.00425731	0
2	97	0.00131785	1
2	98	-0.0249922	1
2	99	0.0196895	1
3	0	0.0082462	1
3	1	-0.0129443	1
3	2	-0.0105371	1
3	3	0.00967483	0
3	4	-0.00395797	1
3	5	-0.012475	0
3	6	-0.0138919	1
3	7	-0.00717303	1
3	8	-0.0143304	1
3	9	0.00302149	0
3	10	0.019569	0
3	11	0.00457143	1
3	12	0.00774726	0
3	13	-0.00706428	0
3	14	-0.0182409	1
3	15	0.0160285	1
3	16	0.0211208	0
3	17	0.0160194	0
3	18	-0.00578473	1
3	19	0.00144678	0
3	20	-0.00870757	1
3	21	0.000413533	0
3	22	0.015447	1
3	23	-0.00297442	0
3	24	-0.00331323	0
3	25	-0.0106075	0
3	26	0.0254641	0
3	27	-0.0116268	1
3	28	0.00667979	1
3	29	0.00920256	1
3	30	-0.0184193	1
3	31	0.00548114	1
3	32	-0.00197548	1
3	33	-0.0236292	0
3	34	-0.0056195	1
3	35	0.0342905	0
3	36	0.0223473	1
3	37	-0.0334412	0
3	38	-0.00110761	0
3	39	-0.00503668	1
3	40	-0.00623686	1
3	41	0.00500034	0
3	42	0.00623683	0
3	43	0.0141894	0
3	44	-0.00951974	0
3	45	0.0103515	0
3	46	0.0225994	0
3	47	0.01532	1
3	48	0.0290189	0
3	49	0.011975	0
3	50	-0.0117029	1
3	51	-0.0158598	0
3	52	-0.0192677	0
3	53	0.00836986	1
3	54	-0.0253887	0
3	55	-0.00508265	1
3	56	0.0202718	0
3	57	-0.00993771	1
3	58	0.00171061	1
3	59	-0.000405306	1
3	60	-0.0204845	1
3	61	0.0103936	0
3	62	0.0165427	0
3	63	0.00117251	1
3	64	0.00324516	0
3	65	-0.000670176	1
3	66	-0.00734265	1
3	67	0.00470595	0
3	68	-0.0243582	0
3	69	-0.00153259	0
3	70	-0.00184921	1
3	71	0.00420443	1
3	72	0.0086322	1
3	73	-0.0206755	1
3	74	0.00881943	1
3	75	0.026961	1
3	76	-0.021542	0
3	77	0.0111913	0
3	78	0.01012	1
3	79	-0.00917612	0
3	80	-0.0103176	0
3	81	0.000732118	0
3	82	-0.0196316	0
3	83	0.00781097	0
3	84	0.0210863	1
3	85	-0.00349867	0
3	86	0.0164835	0
3	87	-0.0234239	1
3	88	-0.00930804	0
3	89	0.00914807	1
3	90	-0.0161186	1
3	91	0.00408252	1
3	92	-0.0133312	0
3	93	-0.00391073	0
3	94	-0.00276119	1
3	95	-0.00709356	0
3	96	-0.0226978	0
3	97	0.0171188	0
3	98	0.0143586	1
3	99	0.00735861	0
4	0	0.00590768	1
4	1	0.0217035	0
4	2	-0.00497108	0
4	3	-0.00549578	1
4	4	-0.00564018	0
4	5	0.0179317	1
4	6	-0.00715139	0
4	7	-0.006373	0
4	8	-0.00591209	0
4	9	-0.000401641	1
4	10	0.00967419	0
4	11	-0.0129942	1
4	12	0.0224065	0
4	13	0.00118023	0
4	14	-0.00432084	1
4	15	-0.015284	1
4	16	-0.00805851	1
4	17	0.0108071	0
4	18	0.0176828	0
4	19	-0.00680327	1
4	20	0.00637558	1
4	21	-0.0167119	0
4	22	-0.0171582	1
4	23	-0.00389279	1
4	24	-0.00157972	0
4	25	0.0140363	0
4	26	-0.0103414	1
4	27	0.0246131	1
4	28	0.00575205	1
4	29	-0.011498	0
4	30	-0.00247707	1
4	31	-9.31242e-05	1
4	32	0.0161295	0
4	33	-0.0124814	1
4	34	-0.00800918	0
4	35	-0.0262569	1
4	36	0.00183947	1
4	37	-0.00771957	0
4	38	0.00751662	1
4	39	0.00892127	0
4	40	-0.0102326	1
4	41	-0.00538757	0
4	42	0.0140653	0
4	43	0.00456552	1
4	44	-0.0104667	0
4	45	-0.0295934	0
4	46	-0.00212503	0
4	47	0.0198149	0
4	48	0.0215773	0
4	49	-0.00959144	1
4	50	0.000557237	1
4	51	0.000936546	1
4	52	0.000893903	1
4	53	0.0222196	0
4	54	-0.00517897	0
4	55	-0.00671652	1
4	56	0.00208856	1
4	57	-0.00130573	1
4	58	0.0124754	0
4	59	-0.0019797	0
4	60	-0.00213261	1
4	61	0.00536887	0
4	62	-0.0318287	1
4	63	-0.000865771	1
4	64	-0.0230074	0
4	65	0.0137536	0
4	66	-0.0255605	0
4	67	-0.0215596	1
4	68	0.00254558	0
4	69	-0.00366483	0
4	70	0.0213536	1
4	71	0.020877	0
4	72	-0.0249253	0
4	73	0.00698021	1
4	74	-0.00904126	1
4	75	0.00759722	1
4	76	0.00928857	0
4	77	0.00160879	1
4	78	-0.011369	0
4	79	-0.00267983	1
4	80	-3.83345e-05	0
4	81	-0.000408155	1
4	82	0.018516	1
4	83	-0.00227775	1
4	84	0.0133463	1
4	85	-0.000757948	1
4	86	0.000867215	0
4	87	-0.0125518	0
4	88	-0.00473824	1
4	89	0.00882591	1
4	90	-0.00879573	1
4	91	0.0197896	0
4	92	-0.0121443	1
4	93	0.00663717	1
4	94	-0.00232953	0
4	95	0.0271927	1
4	96	0.000887896	1
4	97	-0.00554028	1
4	98	0.00830355	0
4	99	0.00500799	0
5	0	-0.0244546	0
5	1	-0.00596072	0
5	2	0.0203343	0
5	3	0.0177464	0
5	4	0.00858719	0
5	5	0.00694954	1
5	6	0.0131053	1
5	7	-0.00110005	1
5	8	0.0206361	1
5	9	0.0050595	1
5	10	-0.00565324	1
5	11	-0.00386634	1
5	12	0.0460714	1
5	13	-0.00180081	1
5	14	0.00339897	1
5	15	0.0163983	0
5	16	0.00035936	0
5	17	0.0015691	0
5	18	0.00788635	0
5	19	0.00567289	1
5	20	-0.0259946	0
5	21	-0.00273407	1
5	22	0.00323221	1
5	23	0.00710879	1
5	24	-0.00334841	1
5	25	0.00688113	1
5	26	-0.0164071	0
5	27	-0.0139663	1
5	28	-0.00715711	0
5	29	0.00281052	1
5	30	0.00472566	1
5	31	-0.0041591	1
5	32	-0.0130565	1
5	33	0.00176799	0
5	34	-0.0230618	1
5	35	0.00993001	1
5	36	-0.00463637	1
5	37	0.0242448	1
5	38	-0.0163537	0
5	39	-0.0318174	0
5	40	-0.00548829	1
5	41	-0.00240444	1
5	42	0.00539168	1
5	43	0.0173747	0
5	44	0.00270425	1
5	45	0.000863058	1
5	46	-0.0185338	0
5	47	0.0167357	1
5	48	-0.0116845	1
5	49	-0.00154772	0
5	50	-0.00103978	0
5	51	-0.00141847	0
5	52	-0.00876051	0
5	53	-0.00363937	1
5	54	0.00245961	0
5	55	-0.00188441	0
5	56	-0.024854	1
5	57	0.0032917	1
5	58	-0.0104306	1
5	59	0.00826011	1
5	60	0.028762	0
5	61	-0.0147339	0
5	62	-0.0189147	1
5	63	-0.0109702	0
5	64	-0.00150753	1
5	65	-0.0234114	1
5	66	-0.00296929	0
5	67	-0.00604382	0
5	68	-0.00296912	1
5	69	0.0159154	1
5	70	-0.00190289	1
5	71	0.00514353	0
5	72	0.0115816	1
5	73	-0.0221404	0
5	74	-0.0054435	1
5	75	-0.0137682	1
5	76	0.0129474	1
5	77	0.00749738	1
5	78	-0.000884454	0
5	79	-0.00466709	1
5	80	-0.0170886	0
5	81	0.00525971	1
5	82	-0.00467332	1
5	83	0.00404648	0
5	84	0.0341447	1
5	85	-0.0134639	0
5	86	0.0126959	1
5	87	0.0162622	1
5	88	-0.0193541	0
5	89	0.00368765	1
5	90	0.0155594	0
5	91	-0.00407794	1
5	92	-0.00432606	0
5	93	0.0241666	0
5	94	0.0145253	0
5	95	-0.00929101	0
5	96	-0.00431195	0
5	97	-0.0143477	0
5	98	0.00723884	1
5	99	0.00748433	0
6	0	-0.000259904	0
6	1	0.000588118	1
6	2	-0.0109742	1
6	3	-0.00886751	1
6	4	0.00268249	1
6	5	0.0187133	1
6	6	-0.0148862	1
6	7	0.00110796	0
6	8	-0.0248935	0
6	9	-0.0149665	0
6	10	-0.0139015	1
6	11	0.000180047	1
6	12	0.00118811	1
6	13	-0.000448212	0
6	14	0.00832705	0
6	15	-0.0043241	1
6	16	-0.0169611	0
6	17	0.020393	1
6	18	-0.00100916	0
6	19	0.0244633	1
6	20	-0.00703138	1
6	21	-0.00692927	0
6	22	0.00775475	0
6	23	-0.00335047	0
6	24	0.00627494	0
6	25	0.00675308	0
6	26	0.0224967	1
6	27	-0.0130259	0
6	28	0.0116383	0
6	29	0.00380754	1
6	30	-0.00431157	0
6	31	0.0117247	0
6	32	0.0105226	1
6	33	-0.0117842	0
6	34	0.0188378	0
6	35	0.0159836	0
6	36	-0.0115779	0
6	37	-0.0142855	0
6	38	-0.0045745	0
6	39	-0.013567	1
6	40	0.0244071	0
6	41	0.000453913	0
6	42	-0.0201998	1
6	43	-0.0101095	0
6	44	0.0113499	1
6	45	-0.0145391	1
6	46	-0.000833949	1
6	47	0.0119075	1
6	48	0.010358	1
6	49	-0.0283531	0
6	50	0.0186452	1
6	51	-0.0116896	0
6	52	0.00984768	0
6	53	0.00451886	1
6	54	-0.0229026	1
6	55	-0.0153661	1
6	56	0.0120793	1
6	57	-0.0135656	1
6	58	-0.0355867	1
6	59	-0.00714906	0
6	60	-0.00639433	0
6	61	-0.0156614	0
6	62	0.000137628	1
6	63	0.0181529	1
6	64	-0.00474686	1
6	65	0.0183629	0
6	66	-0.0271452	0
6	67	0.0151594	1
6	68	-0.0150834	0
6	69	0.00531331	1
6	70	0.00274012	0
6	71	0.0467141	1
6	72	-0.00613319	1
6	73	0.00703163	0
6	74	-0.0124769	0
6	75	0.00294273	0
6	76	0.0212625	0
6	77	-0.0101302	0
6	78	-0.0103002	1
6	79	0.0250315	1
6	80	-0.00677857	0
6	81	-0.012501	1
6	82	0.0147788	1
6	83	-0.0329121	0
6	84	0.00577953	0
6	85	0.0139685	1
6	86	-0.00630168	1
6	87	0.00978836	0
6	88	0.00647444	0
6	89	0.0143971	1
6	90	-0.00420823	0
6	91	-0.0185536	1
6	92	0.0158335	0
6	93	0.00204738	1
6	94	0.0155765	0
6	95	0.0196257	1
6	96	0.0147847	0
6	97	0.00127366	0
6	98	-0.00301531	1
6	99	-0.0196147	1
7	0	0.00808309	1
7	1	0.0357872	0
7	2	-0.0151816	0
7	3	0.0113856	0
7	4	0.00614756	1
7	5	-0.00052138	1
7	6	0.00321316	0
7	7	0.0314674	1
7	8	-0.0163232	0
7	9	-0.00824846	1
7	10	-0.0156916	1
7	11	0.00379078	1
7	12	-0.00554383	1
7	13	0.0141905	1
7	14	-0.004345	1
7	15	0.0206201	1
7	16	0.00860484	0
7	17	-0.0196916	1
7	18	-0.0121037	1
7	19	-0.000936165	1
7	20	-0.00591545	0
7	21	0.0184669	1
7	22	0.00229896	0
7	23	-0.00663595	1
7	24	0.00282926	0
7	25	0.0100255	0
7	26	-0.00640872	0
7	27	-0.00441206	1
7	28	-0.00601021	1
7	29	0.018835	1
7	30	-0.0145814	0
7	31	-0.011993	0
7	32	-0.00674714	1
7	33	0.0100754	0
7	34	0.00474078	1
7	35	-0.013533	0
7	36	-0.00765485	0
7	37	-0.00802801	0
7	38	-0.00630328	0
7	39	0.000105341	0
7	40	-0.00600582	0
7	41	0.015873	1
7	42	0.00252463	0
7	43	-0.0196	0
7	44	0.0165039	0
7	45	-0.0206234	0
7	46	0.00398529	1
7	47	0.0158994	0
7	48	-0.0156507	0
7	49	0.00761066	0
7	50	0.00810758	1
7	51	0.0227067	0
7	52	-0.0276239	0
7	53	0.038862	1
7	54	-0.0109412	0
7	55	0.00954405	0
7	56	0.00276613	0
7	57	0.0278322	0
7	58	-0.0170568	1
7	59	-0.0161856	1
7	60	-0.00503198	1
7	61	-0.0165826	0
7	62	-0.0189536	1
7	63	0.0078506	0
7	64	0.00640425	1
7	65	0.00536145	1
7	66	-0.00239802	0
7	67	-0.0178658	0
7	68	0.00144159	0
7	69	-0.014557	1
7	70	0.0139104	0
7	71	-0.0224089	1
7	72	0.00407353	0
7	73	0.0215812	1
7	74	0.00760715	0
7	75	-0.00973615	0
7	76	-0.023668	0
7	77	-0.00322414	1
7	78	-0.00521265	1
7	79	-0.0028404	1
7	80	0.000691825	0
7	81	0.0156751	1
7	82	-0.0381124	1
7	83	0.0153631	0
7	84	0.0104337	1
7	85	-0.015086	1
7	86	-0.00781042	1
7	87	0.0200456	1
7	88	-0.00531484	1
7	89	0.0156576	1
7	90	0.0121652	0
7	91	0.00983201	1
7	92	-0.0156434	1
7	93	-0.00103898	0
7	94	-0.00526358	0
7	95	0.0144532	0
7	96	0.00548354	0
7	97	-0.0171176	0
7	98	0.0139371	0
7	99	-0.00648774	1
8	0	0.00129392	0
8	1	0.0105611	1
8	2	-0.00559744	1
8	3	0.0199897	1
8	4	-0.0136005	0
8	5	0.0124743	1
8	6	-0.000867899	0
8	7	-0.0173749	0
8	8	-0.0153046	1
8	9	0.00272472	0
8	10	0.0199055	0
8	11	-0.00793091	1
8	12	-0.00244967	0
8	13	-0.00732143	1
8	14	0.00687446	0
8	15	0.0113449	1
8	16	0.00670877	1
8	17	-0.00585213	0
8	18	0.0174631	1
8	19	0.0156045	0
8	20	-0.0116645	1
8	21	0.0055579	1
8	22	-0.0121789	0
8	23	-0.00372759	0
8	24	-0.00914277	0
8	25	-0.0078988	1
8	26	0.0172942	1
8	27	0.00601062	1
8	28	-0.00417912	1
8	29	-0.00737258	0
8	30	0.0379463	1
8	31	0.0170501	0
8	32	-0.00666908	0
8	33	-0.00750266	0
8	34	0.0144263	0
8	35	0.0142432	0
8	36	-0.0109532	0
8	37	0.00861162	0
8	38	0.00945423	0
8	39	0.00880834	1
8	40	0.00248456	0
8	41	0.00145286	1
8	42	0.00280205	0
8	43	-0.0114066	0
8	44	0.0107927	1
8	45	0.0100649	1
8	46	0.0146079	0
8	47	-0.0282625	0
8	48	-0.0108852	0
8	49	0.00778165	1
8	50	0.0128372	1
8	51	0.00441022	0
8	52	-0.0142332	0
8	53	-0.0155776	1
8	54	0.00889577	1
8	55	-0.0248065	0
8	56	0.0117029	0
8	57	-0.00788096	0
8	58	-0.0112457	0
8	59	0.0097873	0
8	60	-0.00483844	0
8	61	0.00732771	0
8	62	-0.00204485	0
8	63	-0.00672379	0
8	64	-0.0197562	0
8	65	0.00479856	1
8	66	-0.0132665	1
8	67	-0.0229212	1
8	68	-0.0233636	1
8	69	0.00129289	0
8	70	0.0112197	1
8	71	0.0104123	0
8	72	0.0291522	1
8	73	0.000626273	1
8	74	0.00701201	0
8	75	-0.0138967	0
8	76	0.0104973	0
8	77	-0.00656417	0
8	78	0.0149831	1
8	79	0.0019845	0
8	80	-0.0184402	1
8	81	-0.00152229	0
8	82	-0.0214931	0
8	83	-0.00986013	0
8	84	0.00571179	0
8	85	-0.0291672	0
8	86	0.00282944	0
8	87	0.0225705	0
8	88	0.00519526	0
8	89	-0.022752	0
8	90	0.0120494	1
8	91	-0.0152272	1
8	92	0.00753799	1
8	93	-0.0062016	1
8	94	0.00592351	1
8	95	0.0198273	1
8	96	-0.00347071	0
8	97	-0.0104412	1
8	98	0.0110004	1
8	99	-0.0200821	1
9	0	-0.00813735	1
9	1	-0.011702	1
9	2	0.00797704	1
9	3	-0.0041245	1
9	4	0.0136902	1
9	5	-0.0119545	0
9	6	0.028653	0
9	7	-0.00322219	1
9	8	-0.0111774	1
9	9	-0.0311019	1
9	10	0.00253554	0
9	11	0.0284228	1
9	12	-0.0271429	1
9	13	-0.00337084	0
9	14	0.0142723	0
9	15	0.0136072	0
9	16	-0.0130623	0
9	17	0.00283033	0
9	18	0.0232211	1
9	19	-0.000712564	1
9	20	-0.00759067	0
9	21	-0.000962369	0
9	22	0.0036636	1
9	23	0.010032	0
9	24	0.00541605	1
9	25	0.00295788	0
9	26	-0.0142894	1
9	27	0.0107649	1
9	28	-0.0298798	1
9	29	0.0256086	0
9	30	-0.0197258	1
9	31	0.00256437	0
9	32	-0.00728244	0
9	33	-0.0080021	1
9	34	-0.00671461	0
9	35	-0.0194257	1
9	36	-0.0165828	1
9	37	0.0185871	0
9	38	-0.0197081	1
9	39	-0.00404935	1
9	40	0.0110188	1
9	41	-0.00364311	0
9	42	-0.00541075	0
9	43	0.022943	0
9	44	0.0282968	1
9	45	0.016638	0
9	46	0.000401248	0
9	47	-0.0236916	1
9	48	-0.0121912	1
9	49	-0.0190931	1
9	50	0.0019044	0
9	51	0.00108912	1
9	52	0.0312162	0
9	53	0.00205776	0
9	54	-0.032007	0
9	55	0.00850618	1
9	56	0.0138035	0
9	57	-0.00722407	0
9	58	-0.00377447	1
9	59	0.0126756	1
9	60	0.0294213	1
9	61	-0.0242126	1
9	62	0.0110806	1
9	63	-0.00181075	0
9	64	0.0296637	1
9	65	-0.0150784	0
9	66	-0.010681	0
9	67	0.0049446	0
9	68	-0.00502511	0
9	69	0.0214578	1
9	70	-0.0292631	1
9	71	-0.00653437	0
9	72	-0.0193951	0
9	73	0.0127514	0
9	74	0.00558854	1
9	75	0.00374906	1
9	76	0.0282627	0
9	77	-0.0100758	0
9	78	0.00584024	0
9	79	-0.0063322	0
9	80	0.0105379	1
9	81	0.0145347	1
9	82	-0.023279	0
9	83	-0.00612337	0
9	84	-0.024431	1
9	85	0.0102549	1
9	86	0.0135337	0
9	87	0.0124178	1
9	88	-0.0054225	0
9	89	-0.0183768	1
9	90	0.0204396	0
9	91	-0.0201349	0
9	92	0.00227468	0
9	93	-0.00215837	0
9	94	0.0182292	1
9	95	0.0140757	1
9	96	-0.00773592	0
9	97	0.0127045	1
9	98	-0.00767965	1
9	99	-0.0164105	0
10	0	-0.0110065	0
10	1	-0.00395625	0
10	2	0.0121132	1
10	3	0.0257369	1
10	4	-0.0158393	1
10	5	0.00842394	0
10	6	0.0129026	1
10	7	0.0113593	0
10	8	-0.00949478	1
10	9	0.000877221	0
10	10	0.000625687	1
10	11	-0.0148786	1
10	12	0.0128462	0
10	13	0.00886036	1
10	14	0.00630787	1
10	15	-0.00716596	1
10	16	0.000216722	0
10	17	0.00753456	0
10	18	0.0111192	0
10	19	0.00344975	0
10	20	0.00478538	1
10	21	-0.00300693	1
10	22	0.0104021	0
10	23	0.0147916	1
10	24	0.00162574	0
10	25	0.00621784	0
10	26	0.0170569	1
10	27	-0.00917335	0
10	28	0.0192332	1
10	29	0.00339419	1
10	30	0.00806849	1
10	31	0.0332324	1
10	32	0.0019065	1
10	33	-0.0315405	1
10	34	0.00445522	1
10	35	0.0171706	1
10	36	-0.0138321	0
10	37	-0.0269286	0
10	38	0.00899878	0
10	39	0.0341216	0
10	40	0.0119679	1
10	41	0.0206447	1
10	42	-0.00181458	1
10	43	0.00334233	0
10	44	-0.00123547	0
10	45	0.0082225	0
10	46	-0.000793007	1
10	47	-0.0242176	0
10	48	-0.00127107	1
10	49	-0.0310691	0
10	50	0.00560791	0
10	51	-0.00125258	1
10	52	-0.0191844	1
10	53	0.0082203	0
10	54	-0.0105921	0
10	55	-0.00441705	0
10	56	0.0132718	0
10	57	0.0132345	0
10	58	-0.0266896	0
10	59	0.00482815	0
10	60	-0.00431667	1
10	61	-0.0203682	0
10	62	-0.00175569	1
10	63	-0.00847713	0
10	64	-0.00439446	1
10	65	0.00239379	1
10	66	-0.00227041	1
10	67	0.00161231	0
10	68	0.00384197	0
10	69	0.0147793	0
10	70	0.00636647	1
10	71	-0.00626308	1
10	72	-0.0236401	1
10	73	-0.0346302	1
10	74	0.0103805	1
10	75	0.0105027	0
10	76	-0.000838818	0
10	77	0.00786257	1
10	78	-0.0238895	0
10	79	-0.00548089	0
10	80	-0.0108521	1
10	81	4.19674e-05	0
10	82	-0.00621213	1
10	83	0.00215159	1
10	84	0.0032416	0
10	85	-0.0325315	1
10	86	0.0135303	0
10	87	-0.00877841	0
10	88	0.00171861	0
10	89	-0.00550675	1
10	90	-0.0148644	1
10	91	-0.000911245	0
10	92	0.0220705	0
10	93	0.00679211	1
10	94	0.0165975	0
10	95	-0.000547597	1
10	96	-0.0410537	0
10	97	-0.000190164	0
10	98	0.00495664	0
10	99	0.00111809	0
11	0	-0.0111321	0
11	1	-0.0115994	1
11	2	-0.00979212	1
11	3	0.0217537	1
11	4	0.0190045	1
11	5	-0.00995582	0
11	6	0.0235188	0
11	7	0.0157824	1
11	8	0.012548	1
11	9	-0.00678331	1
11	10	0.00864216	0
11	11	-0.0253167	1
11	12	-0.0114806	0
11	13	-0.0242675	1
11	14	0.0165621	0
11	15	-0.012261	1
11	16	-0.0172047	1
11	17	0.0246787	1
11	18	-0.00310892	1
11	19	-0.0229342	1
11	20	0.0114312	0
11	21	-0.00837237	1
11	22	0.0190791	1
11	23	-0.0126083	0
11	24	-0.0331821	1
11	25	-0.00615775	1
11	26	0.00967336	1
11	27	0.00943875	0
11	28	-0.0297286	0
11	29	-0.0200317	0
11	30	-0.00529019	0
11	31	0.0218412	0
11	32	0.00437013	0
11	33	0.0240527	0
11	34	0.00987012	1
11	35	-0.0216077	1
11	36	-0.0155378	1
11	37	-0.00469353	0
11	38	0.0216102	1
11	39	0.0212711	0
11	40	-0.0136653	1
11	41	0.00821785	1
11	42	-0.00110312	1
11	43	0.0108458	0
11	44	0.00239032	0
11	45	0.0140033	0
11	46	-0.00181453	0
11	47	-0.0151263	0
11	48	0.0139987	0
11	49	-0.00444843	0
11	50	0.00360385	1
11	51	-0.0224146	1
11	52	-0.00849971	1
11	53	0.0112134	1
11	54	0.0217335	0
11	55	0.00457182	1
11	56	-0.0158083	0
11	57	-0.0136631	1
11	58	-0.0128879	0
11	59	-0.00411153	1
11	60	0.00205791	1
11	61	0.00612081	1
11	62	-0.0161374	1
11	63	-0.0120789	0
11	64	7.5201e-05	0
11	65	0.0067457	1
11	66	0.00321925	1
11	67	0.00866572	1
11	68	-0.0243066	0
11	69	-0.0210723	0
11	70	0.0168815	0
11	71	-0.00921336	1
11	72	0.000670455	0
11	73	0.00411241	1
11	74	-0.00518214	1
11	75	-0.0199497	0
11	76	0.0141438	0
11	77	0.0240835	1
11	78	0.00592007	1
11	79	-0.00701988	1
11	80	-0.00752472	0
11	81	-0.0179538	0
11	82	0.0146567	0
11	83	-0.00758502	0
11	84	0.0121088	1
11	85	0.00346879	1
11	86	0.019742	0
11	87	-0.000181249	1
11	88	0.0173294	1
11	89	-0.00048278	0
11	90	0.0242798	1
11	91	-0.00206963	1
11	92	-0.0216936	1
11	93	0.0172149	1
11	94	0.00845637	1
11	95	0.0114663	1
11	96	0.00388517	1
11	97	0.00306562	1
11	98	-0.00381892	1
11	99	-0.00121762	0
12	0	-0.00028864	1
12	1	0.00265413	1
12	2	0.00618205	1
12	3	0.0116702	1
12	4	-0.0111342	1
12	5	0.00153693	0
12	6	0.00765684	0
12	7	0.00414651	1
12	8	-0.00874661	0
12	9	-0.00600258	1
12	10	0.00129911	1
12	11	-0.00448975	0
12	12	0.00755039	1
12	13	0.00136682	0
12	14	0.00735017	1
12	15	-0.00235208	0
12	16	0.0211449	1
12	17	-0.00277742	0
12	18	-0.0180527	0
12	19	-0.011632	0
12	20	-0.0112135	0
12	21	-0.00157904	1
12	22	0.0120986	1
12	23	-0.00597809	0
12	24	-0.00328136	1
12	25	-0.0152196	1
12	26	0.00860071	0
12	27	0.0124345	1
12	28	0.0108347	1
12	29	0.0331076	0
12	30	0.00520251	1
12	31	-0.0180625	0
12	32	-0.00828061	0
12	33	0.00442652	1
12	34	0.00715389	0
12	35	-0.00412481	1
12	36	0.0243024	0
12	37	0.00142116	1
12	38	0.0284625	1
12	39	-0.000405804	1
12	40	0.0131993	1
12	41	0.0045972	1
12	42	-0.0241278	0
12	43	0.0136051	1
12	44	-0.0125343	0
12	45	-0.00276414	0
12	46	0.00304016	0
12	47	-0.0230978	0
12	48	0.00324727	1
12	49	5.99692e-05	0
12	50	-0.00368804	0
12	51	0.000154908	0
12	52	0.00689052	0
12	53	0.0100488	0
12	54	0.00270313	0
12	55	0.0132935	0
12	56	0.0131588	1
12	57	-0.00865814	1
12	58	0.000405886	0
12	59	-0.010085	0
12	60	0.00673837	1
12	61	0.00271358	1
12	62	0.00735628	1
12	63	0.00567109	0
12	64	0.023134	0
12	65	-0.0121943	0
12	66	-0.00787236	1
12	67	-0.00284116	1
12	68	-0.00886454	0
12	69	0.0273027	0
12	70	0.000988319	1
12	71	0.0248031	1
12	72	0.00706616	0
12	73	-0.00104149	0
12	74	-0.031834	1
12	75	-0.00972203	1
12	76	-0.0116785	1
12	77	-0.0151503	1
12	78	-0.00156756	0
12	79	-0.0182505	1
12	80	-0.00665358	1
12	81	0.00251535	1
12	82	0.0175288	0
12	83	-0.00618659	1
12	84	-0.0273258	1
12	85	0.00858155	1
12	86	-0.00203289	0
12	87	-0.0136312	0
12	88	-0.000244703	0
12	89	0.0215406	0
12	90	-0.00772531	0
12	91	-0.0196338	1
12	92	-0.000998607	1
12	93	0.00766292	1
12	94	-0.0232109	1
12	95	-0.000240498	1
12	96	-0.0212209	0
12	97	0.00328815	0
12	98	-0.010289	0
12	99	0.00708838	0
13	0	0.00838533	0
13	1	0.0169046	1
13	2	0.00254478	1
13	3	-0.00125833	1
13	4	-0.00844925	0
13	5	0.0114109	0
13	6	0.00755235	1
13	7	0.0142244	1
13	8	-0.0191445	0
13	9	-0.000400672	0
13	10	0.0218894	0
13	11	0.0193537	0
13	12	0.00479371	1
13	13	0.0242375	1
13	14	0.00378455	1
13	15	0.0069884	1
13	16	-0.0104658	0
13	17	0.00934968	0
13	18	0.0019061	0
13	19	-0.017427	1
13	20	-0.00442186	0
13	21	0.00627302	0
13	22	-0.0033462	1
13	23	-0.0248719	0
13	24	-0.0108587	1
13	25	0.00513923	0
13	26	0.0245969	0
13	27	0.0101752	0
13	28	0.0110035	1
13	29	0.00785072	0
13	30	-0.0051074	1
13	31	-0.00469796	0
13	32	-0.00674084	1
13	33	-0.0174078	1
13	34	-0.0171033	1
13	35	-0.00917602	0
13	36	0.00614123	1
13	37	-0.00882012	0
13	38	-0.0121442	1
13	39	-0.00441492	0
13	40	0.0205038	1
13	41	-0.0048289	1
13	42	0.000910367	0
13	43	-0.000197615	1
13	44	0.00552182	1
13	45	0.000298234	1
13	46	-0.0164821	1
13	47	-0.0119273	1
13	48	-0.0293153	1
13	49	-0.0183926	1
13	50	-0.0278083	1
13	51	-0.015406	1
13	52	-0.0192855	1
13	53	0.0101658	0
13	54	-0.00243347	1
13	55	0.00534368	1
13	56	-0.0189819	1
13	57	-0.000967495	0
13	58	-0.00463039	0
13	59	0.0129025	1
13	60	0.00253531	0
13	61	-0.00629544	1
13	62	-0.00432696	1
13	63	0.0169115	1
13	64	0.00725816	0
13	65	0.0232537	0
13	66	0.00362803	0
13	67	-0.0117051	1
13	68	0.00297066	0
13	69	-0.00583667	0
13	70	0.0123679	0
13	71	0.00887938	1
13	72	0.00157934	1
13	73	0.00811154	1
13	74	-0.00937521	0
13	75	-0.0203309	1
13	76	-0.0121659	0
13	77	0.0178052	1
13	78	-0.0128259	0
13	79	-0.00360145	0
13	80	0.0253979	0
13	81	-0.00161498	1
13	82	0.0309536	0
13	83	0.0132619	1
13	84	-0.0356757	0
13	85	-0.0100292	0
13	86	-0.000710613	0
13	87	-0.00566389	0
13	88	-0.00149285	0
13	89	0.0188734	1
13	90	0.0154059	0
13	91	-0.00334363	1
13	92	-0.0235142	1
13	93	0.0055793	0
13	94	-0.00490482	1
13	95	0.0127297	0
13	96	0.00300597	0
13	97	0.00653327	0
13	98	0.0137669	1
13	99	-0.000632967	1
14	0	-0.00699843	1
14	1	0.0103335	0
14	2	-0.000311933	0
14	3	0.0142202	0
14	4	-0.0223302	1
14	5	0.0114746	1
14	6	-0.00170807	1
14	7	0.00966946	0
14	8	0.0253641	1
14	9	-0.00771833	0
14	10	0.0268454	0
14	11	0.0190718	1
14	12	-0.00750016	0
14	13	-0.00309035	0
14	14	-0.00903754	0
14	15	-0.0115321	1
14	16	-0.0117823	0
14	17	-0.0056005	1
14	18	-0.00704869	1
14	19	-0.0123852	0
14	20	-0.00636028	1
14	21	0.00198829	1
14	22	0.0010073	0
14	23	-0.0175519	0
14	24	-0.0253693	0
14	25	-0.000285084	1
14	26	0.0132725	1
14	27	-0.00267992	0
14	28	-0.00910096	0
14	29	8.4144e-05	0
14	30	0.0234135	1
14	31	-0.000205271	0
14	32	0.0112215	0
14	33	0.00287134	1
14	34	0.0120457	1
14	35	-0.00240043	0
14	36	0.00858721	1
14	37	-0.0157838	1
14	38	-0.000852135	1
14	39	0.0249955	1
14	40	0.0203976	0
14	41	-0.0244066	0
14	42	-0.0251041	1
14	43	0.0074136	1
14	44	0.0024868	1
14	45	0.00362957	1
14	46	-0.0217729	1
14	47	-0.0133958	1
14	48	0.00451665	0
14	49	5.95888e-06	0
14	50	-0.00983894	0
14	51	0.01384	1
14	52	0.00554514	1
14	53	-0.0152006	1
14	54	0.00460493	1
14	55	0.0179688	0
14	56	-0.00492031	1
14	57	0.00883502	1
14	58	-0.00227679	0
14	59	-0.00245774	1
14	60	-0.000249173	0
14	61	-0.00165348	0
14	62	0.00615257	0
14	63	0.0109138	0
14	64	-0.000692204	1
14	65	-0.0126411	0
14	66	0.00417877	0
14	67	0.00737881	0
14	68	0.0194762	1
14	69	0.00728096	0
14	70	0.00691547	0
14	71	0.00146423	0
14	72	-0.00938983	0
14	73	-0.00438519	1
14	74	-0.0374813	0
14	75	0.04065	0
14	76	0.0135533	0
14	77	-0.00899272	1
14	78	-0.0052143	1
14	79	-0.00725475	0
14	80	0.0178371	1
14	81	0.00152645	0
14	82	-0.00048715	1
14	83	0.0388293	1
14	84	-0.00562123	1
14	85	-0.0353992	1
14	86	-0.00547743	1
14	87	0.00272609	0
14	88	-0.0113367	1
14	89	0.0129274	1
14	90	-0.00147821	0
14	91	-0.00673844	0
14	92	0.00253477	0
14	93	-0.00681112	0
14	94	-0.00150912	0
14	95	0.0115059	1
14	96	-0.0200443	0
14	97	-0.0134252	1
14	98	-0.0240785	1
14	99	0.0158061	1
15	0	-0.00455308	1
15	1	0.00149129	0
15	2	0.00634744	1
15	3	-0.00478842	1
15	4	0.0249897	0
15	5	-0.0240273	1
15	6	-0.0226992	0
15	7	0.0204876	1
15	8	0.00411303	0
15	9	-0.0028087	1
15	10	0.00834943	0
15	11	-0.00127979	0
15	12	0.00877221	0
15	13	-0.0308026	0
15	14	-0.0196874	1
15	15	-0.0139609	0
15	16	0.0110085	1
15	17	0.00316224	1
15	18	-0.0351284	0
15	19	-0.00851427	1
15	20	0.00683063	0
15	21	-0.01708	1
15	22	0.00517715	0
15	23	0.00907091	0
15	24	0.0110008	1
15	25	0.0160107	0
15	26	-0.0318052	0
15	27	-0.0195648	0
15	28	-0.00340761	1
15	29	0.00578211	0
15	30	-0.0071283	0
15	31	-0.0389882	0
15	32	-0.00791299	1
15	33	0.013893	0
15	34	0.0140215	0
15	35	0.000796775	1
15	36	-0.0166634	0
15	37	0.0053925	1
15	38	0.00177847	0
15	39	0.0198955	1
15	40	-0.000328695	0
15	41	-0.00287937	0
15	42	-0.000656747	1
15	43	0.0395768	1
15	44	-0.00416244	1
15	45	0.0220836	0
15	46	-0.0136062	1
15	47	0.00512324	0
15	48	-0.0109527	0
15	49	-0.0124491	0
15	50	0.0250188	1
15	51	0.0191756	1
15	52	-0.00328317	0
15	53	0.0184732	0
15	54	0.0046068	1
15	55	-0.0157104	1
15	56	0.00595349	0
15	57	0.0162029	0
15	58	-0.0126212	1
15	59	0.0218066	0
15	60	-0.0031157	0
15	61	-0.0186902	1
15	62	-0.0161158	1
15	63	-0.0201318	0
15	64	-0.0203408	0
15	65	-0.00630746	0
15	66	0.0133055	1
15	67	0.0255861	0
15	68	0.0114166	1
15	69	0.0133339	0
15	70	-0.0175811	0
15	71	0.00466883	0
15	72	0.00836618	0
15	73	0.00137587	1
15	74	0.00427439	0
15	75	-0.00808025	1
15	76	-0.00801002	0
15	77	0.0188201	0
15	78	-0.0106303	1
15	79	0.00414176	1
15	80	0.00209473	0
15	81	0.0137024	0
15	82	0.0193993	1
15	83	-0.000520966	0
15	84	0.00436583	1
15	85	-0.0124257	1
15	86	0.0211531	1
15	87	-0.0177483	1
15	88	0.0102181	0
15	89	-0.0139987	1
15	90	-0.00122068	1
15	91	0.0137358	1
15	92	0.00966491	0
15	93	0.0104626	1
15	94	-0.00908939	0
15	95	-0.0361632	1
15	96	-0.0078619	1
15	97	0.00627049	1
15	98	0.0172782	0
15	99	0.0054557	0
16	0	-2.78925e-05	1
16	1	-0.000741351	1
16	2	-0.00186649	0
16	3	0.019437	1
16	4	-0.00109473	1
16	5	-0.00600282	0
16	6	-0.00090292	0
16	7	0.0165847	1
16	8	-0.00325362	1
16	9	0.0330411	1
16	10	0.0078067	0
16	11	0.00547506	1
16	12	0.0134779	0
16	13	0.00863821	0
16	14	-0.0182549	0
16	15	-0.0104429	0
16	16	0.00539823	1
16	17	0.00254502	0
16	18	-0.00634094	1
16	19	-0.00502603	0
16	20	-0.0032367	1
16	21	0.00538819	1
16	22	-0.0296711	1
16	23	-0.0142529	1
16	24	-0.022301	0
16	25	-0.00530638	1
16	26	0.0116093	0
16	27	0.00289668	0
16	28	0.00839446	0
16	29	0.00827479	1
16	30	-0.00031419	0
16	31	0.0197479	0
16	32	-0.00722058	1
16	33	0.0162803	0
16	34	-0.00775975	1
16	35	0.0227652	0
16	36	0.0180806	1
16	37	-0.0173741	0
16	38	-0.00421345	0
16	39	-0.0160211	1
16	40	-0.0065015	0
16	41	-0.0216474	0
16	42	-0.00817972	1
16	43	-0.00928781	1
16	44	8.94632e-05	1
16	45	0.012602	1
16	46	0.00505116	1
16	47	0.000423206	1
16	48	0.0167796	0
16	49	0.0249125	1
16	50	-0.0149212	0
16	51	0.00215756	0
16	52	0.00664966	0
16	53	-0.000163551	0
16	54	0.0280578	1
16	55	-0.0122698	0
16	56	-0.0125368	0
16	57	-0.0131465	0
16	58	0.012103	0
16	59	-0.00345789	1
16	60	0.00965802	1
16	61	-0.000267773	1
16	62	-0.0281692	0
16	63	0.00998254	1
16	64	0.00943522	1
16	65	0.00363308	0
16	66	0.00333973	1
16	67	-0.0192486	1
16	68	-0.00710858	1
16	69	0.0247361	0
16	70	-0.00875063	1
16	71	0.0207398	0
16	72	0.00298745	0
16	73	-0.00552651	1
16	74	-0.00971956	0
16	75	0.00939108	1
16	76	-0.00342038	0
16	77	-0.0189474	0
16	78	-0.0168405	0
16	79	-0.0220099	1
16	80	0.0048016	1
16	81	-0.0189482	0
16	82	0.00636004	1
16	83	-0.00350103	1
16	84	-0.0293966	1
16	85	0.000333836	0
16	86	0.00985904	1
16	87	-0.0111913	1
16	88	-0.00160595	1
16	89	0.0151619	0
16	90	0.0180878	1
16	91	0.0122329	1
16	92	-0.00945285	0
16	93	0.0168485	0
16	94	-0.0140967	0
16	95	-0.00697574	0
16	96	0.0121669	0
16	97	-0.00323787	0
16	98	-0.00823065	0
16	99	0.00596085	1
17	0	-0.00102849	1
17	1	0.0235504	0
17	2	0.0282708	1
17	3	0.000121619	0
17	4	0.00990114	0
17	5	0.001404	0
17	6	0.00119636	0
17	7	0.0132995	1
17	8	-0.000510986	0
17	9	-0.0263476	0
17	10	-0.0174145	0
17	11	0.00579876	0
17	12	0.00979328	0
17	13	-0.00969261	0
17	14	0.00789157	1
17	15	-0.0144493	0
17	16	-0.0108028	0
17	17	-0.0197596	0
17	18	0.00257775	1
17	19	-0.0179922	0
17	20	0.00883229	1
17	21	-0.00726899	0
17	22	0.00796367	1
17	23	-0.0139206	0
17	24	0.0184634	1
17	25	0.00347071	0
17	26	0.0159029	1
17	27	0.0126104	0
17	28	-0.00146858	0
17	29	-0.00500673	0
17	30	-0.00959108	0
17	31	-0.000664596	0
17	32	-0.00708489	0
17	33	0.024521	0
17	34	-0.0228938	1
17	35	0.00580276	0
17	36	-0.039256	1
17	37	-0.00706088	1
17	38	-0.00980433	0
17	39	0.0154696	0
17	40	0.00379895	1
17	41	0.0123362	1
17	42	0.00376103	1
17	43	0.0131871	1
17	44	-0.00355354	1
17	45	-0.0220635	0
17	46	-0.0160597	1
17	47	-0.000335071	1
17	48	0.0152559	0
17	49	-0.0108789	1
17	50	0.0183011	1
17	51	0.020029	0
17	52	0.00245346	1
17	53	-0.0154612	0
17	54	0.00932242	1
17	55	0.0244777	0
17	56	0.000685575	1
17	57	-0.0184828	1
17	58	0.00308212	0
17	59	-0.000699853	0
17	60	0.00814501	1
17	61	-0.000660901	1
17	62	0.010383	1
17	63	-0.00554029	0
17	64	-0.00443522	1
17	65	0.00929889	0
17	66	0.00212373	1
17	67	-0.0290855	0
17	68	-0.000885906	1
17	69	-0.0125083	0
17	70	-0.00400472	0
17	71	-0.00133624	0
17	72	-0.0106455	0
17	73	-0.0148499	0
17	74	-0.0050902	1
17	75	0.0158809	1
17	76	-0.0117427	0
17	77	0.00143362	0
17	78	0.0157904	0
17	79	0.012253	0
17	80	-0.00604951	0
17	81	-0.00129189	1
17	82	-0.0123968	1
17	83	-0.0172296	1
17	84	0.0166867	0
17	85	-0.0143324	0
17	86	0.0133407	1
17	87	0.0148626	1
17	88	0.010127	0
17	89	-0.00812891	1
17	90	0.00724383	1
17	91	-0.0262207	0
17	92	-0.00111457	0
17	93	-0.0136419	1
17	94	-0.00509271	1
17	95	0.0221343	0
17	96	0.000773275	0
17	97	0.0102525	1
17	98	0.0219787	0
17	99	-0.00040326	1
18	0	0.0106217	1
18	1	-0.00287448	1
18	2	-0.042738	1
18	3	0.000408572	0
18	4	0.00228175	0
18	5	-0.00905799	0
18	6	0.0196086	0
18	7	0.0114101	1
18	8	0.00310933	1
18	9	0.0157569	1
18	10	0.0153101	0
18	11	-0.0144219	0
18	12	0.022343	1
18	13	-0.0222258	0
18	14	-0.00618747	0
18	15	-0.00216682	0
18	16	-0.00239946	0
18	17	0.00326209	1
18	18	-0.004766	0
18	19	-0.0158463	1
18	20	0.00482092	1
18	21	0.0155486	0
18	22	0.00838895	1
18	23	-0.00539001	1
18	24	0.00804457	1
18	25	0.0153947	1
18	26	0.00315221	0
18	27	-0.0199941	0
18	28	-0.00707409	0
18	29	0.00329774	0
18	30	0.0216501	0
18	31	0.0109407	0
18	32	0.00120701	1
18	33	0.00941902	0
18	34	-0.0125853	0
18	35	-0.00330053	0
18	36	-0.00727751	1
18	37	-0.0131171	1
18	38	-0.0259289	0
18	39	0.00814886	1
18	40	0.000345238	0
18	41	0.0100096	0
18	42	0.00119446	1
18	43	-0.00979184	1
18	44	-0.0343053	0
18	45	0.0205848	0
18	46	0.000355354	1
18	47	-0.0276901	0
18	48	0.0142089	1
18	49	0.0104469	0
18	50	0.00728217	1
18	51	0.00799123	1
18	52	-0.00394562	0
18	53	0.0402018	0
18	54	0.00564247	1
18	55	-0.0129505	1
18	56	0.000648832	0
18	57	-0.0261112	0
18	58	-0.00593	1
18	59	-0.00816834	1
18	60	-0.00679454	1
18	61	-0.0217433	0
18	62	0.00606709	1
18	63	0.0131365	1
18	64	0.0119726	0
18	65	-0.0276422	0
18	66	0.0211418	0
18	67	0.000190796	1
18	68	0.00478192	0
18	69	0.00757853	1
18	70	-0.00647123	0
18	71	0.00487024	0
18	72	-0.030781	1
18	73	-0.0104227	0
18	74	-0.0147716	1
18	75	0.00817444	0
18	76	-0.00873003	0
18	77	-0.0161622	1
18	78	0.0163641	1
18	79	-0.00341621	1
18	80	-0.00779571	0
18	81	0.00776831	1
18	82	0.00742419	1
18	83	0.0231291	1
18	84	-0.010856	0
18	85	0.0167461	1
18	86	-0.00154689	0
18	87	-0.00616626	1
18	88	0.00230896	0
18	89	0.00367585	0
18	90	0.011998	0
18	91	-0.00111405	1
18	92	-0.0130973	1
18	93	-0.0121477	0
18	94	0.0140033	1
18	95	0.0236639	0
18	96	-0.0145665	1
18	97	0.00619261	1
18	98	0.00025941	0
18	99	0.0159847	1
19	0	0.00684411	0
19	1	-0.0295425	1
19	2	-0.00150181	1
19	3	-0.0360013	0
19	4	0.0182893	1
19	5	-0.0102596	0
19	6	-0.0172667	1
19	7	0.040995	1
19	8	0.0136612	0
19	9	-0.0223283	1
19	10	6.60593e-05	1
19	11	-0.0156607	0
19	12	0.00542493	1
19	13	-0.0183067	0
19	14	-0.000298311	1
19	15	0.0114764	1
19	16	0.0133457	0
19	17	-0.018171	1
19	18	0.0163291	0
19	19	-0.00435937	1
19	20	0.012595	0
19	21	0.0131121	1
19	22	0.0154795	0
19	23	-0.0145037	0
19	24	-0.00208304	1
19	25	0.00128073	1
19	26	-0.0151598	0
19	27	0.0129701	1
19	28	-0.0204806	0
19	29	-0.00694448	1
19	30	0.00172197	0
19	31	-0.00724261	1
19	32	0.0219329	1
19	33	0.00869527	1
19	34	0.0168524	1
19	35	0.0169465	1
19	36	-0.000979278	1
19	37	-0.000182917	1
19	38	0.00404542	0
19	39	-0.0052927	1
19	40	-0.0174367	0
19	41	-0.0146318	1
19	42	0.0340182	1
19	43	-0.00279654	0
19	44	0.00692469	0
19	45	-0.0126193	1
19	46	0.0112349	0
19	47	-0.00322487	1
19	48	-0.000933352	0
19	49	-0.0279542	1
19	50	0.0239853	0
19	51	-0.0134274	1
19	52	0.0131965	0
19	53	-0.00663365	0
19	54	-0.00438874	0
19	55	-0.0225425	1
19	56	0.0212769	1
19	57	-0.00270926	1
19	58	-0.00172355	0
19	59	-0.0134859	0
19	60	-0.00691142	0
19	61	0.0128472	1
19	62	-0.0150735	0
19	63	0.034578	1
19	64	0.0214077	0
19	65	0.00476086	0
19	66	0.0146068	1
19	67	0.0104442	1
19	68	-0.00983793	1
19	69	-0.0163749	0
19	70	0.0234314	1
19	71	-0.00432039	0
19	72	-0.0112429	1
19	73	0.013712	0
19	74	-0.00530933	1
19	75	-0.0239595	0
19	76	0.0279744	0
19	77	-0.0326141	1
19	78	0.0149551	0
19	79	-0.0263029	0
19	80	-0.00293293	1
19	81	0.00459759	0
19	82	-0.0161556	0
19	83	-0.00686043	0
19	84	-0.028659	0
19	85	-0.0110117	1
19	86	-0.0152132	1
19	87	-0.0137631	0
19	88	0.00304458	0
19	89	0.0148281	1
19	90	0.00700559	1
19	91	0.0142271	1
19	92	0.0155221	1
19	93	0.0103862	1
19	94	0.0143114	1
19	95	0.00798752	1
19	96	-0.019036	1
19	97	0.011181	1
19	98	0.00467978	1
19	99	0.00746314	1
20	0	0.0274378	1
20	1	0.0122076	1
20	2	0.00820604	0
20	3	-0.0203602	1
20	4	0.0058997	0
20	5	0.00885731	1
20	6	0.00804593	1
20	7	0.00693495	0
20	8	0.0143245	1
20	9	-0.0131355	0
20	10	0.0242197	1
20	11	-0.000246536	1
20	12	0.0100392	1
20	13	0.0139059	0
20	14	-0.000879005	1
20	15	0.00183968	1
20	16	-0.0369247	1
20	17	0.00572031	0
20	18	0.00648669	0
20	19	0.00106917	1
20	20	-0.0143881	1
20	21	0.0343771	1
20	22	-8.32673e-05	0
20	23	-0.00215156	1
20	24	-0.01131	0
20	25	0.0131908	0
20	26	0.00639265	0
20	27	-0.00696743	1
20	28	-0.00150586	1
20	29	-0.000940721	0
20	30	0.0207238	0
20	31	0.0112406	1
20	32	-0.00410267	0
20	33	0.0176856	1
20	34	-0.00947242	1
20	35	-0.00552923	0
20	36	-0.0325663	0
20	37	0.00965121	0
20	38	0.00847588	0
20	39	0.0240343	1
20	40	-0.00070453	0
20	41	0.00993149	0
20	42	-0.0230209	0
20	43	0.00746953	1
20	44	0.0198473	1
20	45	0.0184264	0
20	46	-0.00938017	1
20	47	0.00923276	1
20	48	-0.012565	1
20	49	-0.009171	0
20	50	0.0142405	1
20	51	-1.58095e-05	1
20	52	0.0191764	1
20	53	-0.00228036	0
20	54	0.0175059	0
20	55	-0.00417096	1
20	56	-0.000980289	1
20	57	0.000747364	1
20	58	-0.0416168	1
20	59	-0.0121788	0
20	60	-0.0121776	1
20	61	-0.0160333	1
20	62	0.0178858	1
20	63	-0.0143772	0
20	64	0.0150625	1
20	65	0.00614273	1
20	66	0.000436457	1
20	67	-0.00793047	1
20	68	-0.00259821	1
20	69	-0.00982831	1
20	70	0.00392589	1
20	71	0.00628886	1
20	72	-0.0127015	0
20	73	0.00676878	1
20	74	-0.00336347	1
20	75	-0.00843381	0
20	76	-0.0232217	0
20	77	-0.00248918	0
20	78	-0.000859145	0
20	79	-0.000556869	0
20	80	-0.00225524	1
20	81	-0.0156467	0
20	82	-0.0115945	0
20	83	0.0234414	0
20	84	-0.00568612	1
20	85	0.00317199	1
20	86	0.0120657	0
20	87	-0.0143171	0
20	88	-0.0103503	1
20	89	0.00518067	1
20	90	-0.00876675	0
20	91	-0.0155668	0
20	92	-0.0146487	1
20	93	-0.00692364	0
20	94	0.000242964	0
20	95	-0.00197755	0
20	96	-0.0200317	0
20	97	-0.00751472	0
20	98	0.00493528	0
20	99	0.00340535	1
21	0	0.0142277	0
21	1	0.00318087	0
21	2	-0.00111702	1
21	3	-0.0024572	0
21	4	-0.00107328	1
21	5	-0.0222404	0
21	6	-0.0016951	1
21	7	0.0252787	1
21	8	0.0198908	0
21	9	-0.00313471	1
21	10	0.0114259	0
21	11	0.0138069	1
21	12	0.00176353	0
21	13	-0.0142091	1
21	14	-0.00501613	1
21	15	0.0122975	0
21	16	0.0233538	0
21	17	-0.00806218	0
21	18	-0.00303801	1
21	19	-0.0136214	0
21	20	0.0121514	0
21	21	0.00164092	1
21	22	-0.00177191	0
21	23	-0.0109918	0
21	24	0.0124539	0
21	25	-0.00720604	0
21	26	-0.00658872	1
21	27	-0.00603802	0
21	28	0.0101831	0
21	29	0.00619274	0
21	30	-0.00534649	1
21	31	-0.00453946	0
21	32	-0.0149328	0
21	33	-0.00442259	1
21	34	-0.0188988	1
21	35	0.00781875	1
21	36	-0.0259248	1
21	37	0.0104187	1
21	38	-0.0361608	1
21	39	-0.0164271	1
21	40	-0.00223417	0
21	41	0.0257624	1
21	42	0.0130958	0
21	43	-0.00540628	0
21	44	0.010068	0
21	45	-0.0159475	0
21	46	0.0185552	0
21	47	-0.0145514	1
21	48	0.00693655	0
21	49	0.00689954	0
21	50	0.0073215	1
21	51	0.0300581	1
21	52	0.011908	1
21	53	0.0169222	1
21	54	-0.00630931	0
21	55	0.00418051	0
21	56	-0.0133554	0
21	57	0.00737008	1
21	58	-0.0119083	0
21	59	0.00353556	0
21	60	-0.0205179	1
21	61	-0.00952397	1
21	62	0.0073587	0
21	63	0.00235952	1
21	64	-0.00121354	1
21	65	0.0129371	0
21	66	0.00699047	1
21	67	0.0218006	1
21	68	0.0119857	1
21	69	0.00452685	1
21	70	-0.0143553	1
21	71	0.0112542	1
21	72	0.0173804	1
21	73	0.0035521	0
21	74	0.00355518	0
21	75	0.00126898	1
21	76	0.0162615	1
21	77	-0.0232226	1
21	78	-0.0143084	1
21	79	0.00252202	1
21	80	-0.00391931	0
21	81	-0.0240904	0
21	82	-0.0043424	1
21	83	-0.0279025	1
21	84	-0.030954	1
21	85	-0.000373304	1
21	86	-0.00218993	1
21	87	-0.0178975	0
21	88	0.023367	1
21	89	0.0212102	0
21	90	-0.0168145	0
21	91	0.0132185	0
21	92	-0.0249841	0
21	93	-0.00795278	0
21	94	0.000859106	1
21	95	3.97597e-05	0
21	96	0.0106254	0
21	97	-0.00782749	1
21	98	0.00176305	0
21	99	0.0134813	0
22	0	0.00153375	0
22	1	0.0303761	1
22	2	-0.00454455	0
22	3	-0.0136546	0
22	4	0.00162025	1
22	5	-0.012586	1
22	6	0.00383971	1
22	7	-0.00322044	0
22	8	-0.0190228	0
22	9	-0.00751897	0
22	10	-0.00084443	1
22	11	-0.0277916	1
22	12	-0.0146586	0
22	13	-0.0151993	0
22	14	0.00928619	1
22	15	-0.0113257	1
22	16	0.00328446	0
22	17	-0.0060886	1
22	18	0.010777	0
22	19	0.0247552	1
22	20	0.0194546	1
22	21	-0.00803723	1
22	22	-0.0134507	1
22	23	0.0067796	0
22	24	0.0115139	1
22	25	-0.00116243	0
22	26	0.00253271	1
22	27	0.0112336	0
22	28	0.00217134	1
22	29	0.00350433	0
22	30	0.00032407	1
22	31	0.0136054	1
22	32	-0.0127701	0
22	33	-0.00418887	1
22	34	-0.00855207	0
22	35	-0.00453493	0
22	36	0.00678623	1
22	37	0.0212406	1
22	38	0.00104161	0
22	39	-0.0108541	0
22	40	0.0152469	1
22	41	-0.0127628	1
22	42	0.00367777	0
22	43	0.00342248	1
22	44	-0.00810359	1
22	45	-0.0069697	0
22	46	-0.0231439	1
22	47	0.00944617	0
22	48	-0.00630129	1
22	49	-0.0228817	0
22	50	0.019408	0
22	51	0.00838276	0
22	52	-0.00012086	1
22	53	0.0160493	0
22	54	0.00967822	0
22	55	0.00585538	0
22	56	-0.0163596	1
22	57	0.0191137	1
22	58	0.008133	0
22	59	-0.00436242	1
22	60	-0.0321109	0
22	61	0.00622704	1
22	62	-0.0127125	1
22	63	-0.00281748	1
22	64	0.0121772	1
22	65	-0.00335778	0
22	66	-0.00578113	1
22	67	-0.0137038	1
22	68	-0.00325526	0
22	69	0.0263999	1
22	70	-0.0159447	0
22	71	-0.00476616	0
22	72	-0.00661969	0
22	73	-0.00566476	0
22	74	-0.00135291	1
22	75	0.0128895	0
22	76	0.00496342	1
22	77	0.00354853	0
22	78	0.00165669	0
22	79	0.0117348	0
22	80	-0.0147821	0
22	81	0.00509035	1
22	82	0.0125504	1
22	83	0.00415472	1
22	84	-0.000521164	0
22	85	-0.00939963	0
22	86	0.0277637	0
22	87	0.00315515	1
22	88	-0.0151811	0
22	89	-0.00622637	0
22	90	0.0176287	0
22	91	0.000191834	0
22	92	0.00114886	0
22	93	-0.00317656	1
22	94	0.00353901	1
22	95	0.00575078	0
22	96	-0.0130224	1
22	97	0.00634191	1
22	98	0.0142977	1
22	99	-0.0138763	0
23	0	0.00323582	1
23	1	0.0116883	0
23	2	0.0206496	1
23	3	0.019955	1
23	4	-0.00737107	1
23	5	0.0133817	0
23	6	-0.0107103	1
23	7	-0.0028708	0
23	8	-0.0156065	0
23	9	0.0260765	1
23	10	-0.0178063	0
23	11	0.0234785	1
23	12	-0.00345465	1
23	13	0.0200287	0
23	14	-7.16665e-05	0
23	15	0.00814602	1
23	16	-0.00557571	0
23	17	-0.00536567	1
23	18	0.0373995	1
23	19	0.00872533	0
23	20	-0.00240034	0
23	21	-0.00540548	0
23	22	-0.000470039	0
23	23	0.00599615	0
23	24	-0.0100419	1
23	25	0.00468996	1
23	26	-0.00384233	1
23	27	-0.00824474	0
23	28	-0.0204744	1
23	29	-0.00489209	0
23	30	-0.0187837	1
23	31	-0.0044516	1
23	32	0.0032987	1
23	33	-0.00904965	1
23	34	-0.000967079	0
23	35	0.00263203	0
23	36	0.0123777	0
23	37	-0.0109066	1
23	38	-0.0162341	1
23	39	0.014184	1
23	40	-0.0193189	1
23	41	-0.0106486	1
23	42	-0.00325888	0
23	43	-0.0131378	1
23	44	0.0046978	0
23	45	0.00349302	0
23	46	0.0169224	1
23	47	0.00201099	1
23	48	-0.00225289	1
23	49	0.004022	1
23	50	0.0462897	0
23	51	0.000881432	0
23	52	-0.00626799	1
23	53	-6.72603e-05	1
23	54	0.00701996	1
23	55	0.00474824	1
23	56	-0.00595131	1
23	57	-0.0102912	1
23	58	-0.010318	1
23	59	-0.0300241	1
23	60	0.0209948	1
23	61	-0.007716	1
23	62	-0.000225371	0
23	63	0.0211338	0
23	64	0.0130872	0
23	65	-0.0118232	1
23	66	0.00102055	0
23	67	0.0218889	1
23	68	-0.033228	0
23	69	-0.0349189	1
23	70	0.00195135	1
23	71	-0.0016826	1
23	72	0.0128538	0
23	73	-0.0113593	0
23	74	0.0253311	1
23	75	0.00453995	0
23	76	0.00328236	1
23	77	5.40861e-05	1
23	78	-0.0318648	1
23	79	0.00446791	0
23	80	0.00881512	0
23	81	-0.000673191	0
23	82	0.00268736	0
23	83	0.0207259	1
23	84	-0.00100495	1
23	85	0.00212925	1
23	86	0.00812868	0
23	87	0.00333944	0
23	88	0.00997496	1
23	89	0.00427339	1
23	90	-0.00550045	0
23	91	-0.00152469	1
23	92	-0.00356755	0
23	93	-0.00934547	0
23	94	-0.0230036	1
23	95	-0.0192828	0
23	96	-0.00354434	0
23	97	0.0209885	0
23	98	0.000878302	0
23	99	-0.0417767	1
24	0	0.000598524	0
24	1	-0.000252988	1
24	2	-0.0156691	0
24	3	0.0147449	1
24	4	-0.0213749	1
24	5	-0.0133896	1
24	6	-0.00451949	1
24	7	0.0154814	1
24	8	0.0163249	1
24	9	0.0263303	0
24	10	0.0263489	0
24	11	-0.0164593	0
24	12	0.00600501	1
24	13	-0.00409016	1
24	14	-0.0230933	1
24	15	8.73878e-05	1
24	16	0.00301637	1
24	17	0.00669693	1
24	18	0.0102006	1
24	19	0.00092655	1
24	20	0.00749891	0
24	21	0.015976	0
24	22	0.0166772	1
24	23	-0.0201568	1
24	24	-0.000419919	1
24	25	0.0139449	0
24	26	-0.0103861	0
24	27	0.0188717	0
24	28	-0.0222082	0
24	29	-0.000918366	0
24	30	0.0182522	1
24	31	-0.0116768	1
24	32	0.00235148	0
24	33	0.00745095	1
24	34	0.00795797	1
24	35	0.00515568	1
24	36	-0.00451738	1
24	37	-0.00877943	1
24	38	0.0122563	0
24	39	0.0127886	0
24	40	0.00177599	1
24	41	0.00380571	0
24	42	0.0163046	1
24	43	0.0167377	0
24	44	-0.00484656	1
24	45	0.0142868	1
24	46	-0.00402321	1
24	47	-0.0205594	1
24	48	0.00826631	1
24	49	-0.0103494	0
24	50	0.00117381	0
24	51	-0.00334948	0
24	52	-0.0225864	0
24	53	-0.0157516	0
24	54	0.0204873	1
24	55	0.00513116	0
24	56	0.00261721	1
24	57	-0.0128331	1
24	58	0.0163063	0
24	59	0.0168331	0
24	60	-0.00838963	0
24	61	-0.0137046	1
24	62	-0.0194037	1
24	63	-0.0116263	1
24	64	0.00385968	0
24	65	-0.000921066	0
24	66	0.00516618	1
24	67	-0.0026485	1
24	68	-0.0146793	1
24	69	-0.0134139	0
24	70	0.0113968	0
24	71	-0.0161721	0
24	72	0.0113436	0
24	73	0.000574537	0
24	74	0.0118118	0
24	75	-0.0118141	0
24	76	0.00919943	1
24	77	0.0210027	1
24	78	-0.00213879	1
24	79	-0.0186261	0
24	80	-0.0225361	1
24	81	-0.00449205	1
24	82	0.00325033	1
24	83	0.0216075	1
24	84	-0.00526709	1
24	85	0.0153249	0
24	86	-0.0087333	1
24	87	-0.00879775	1
24	88	-0.000651981	0
24	89	0.00626533	1
24	90	0.000190807	1
24	91	0.00409917	0
24	92	-0.0113871	0
24	93	-0.0160457	0
24	94	-0.00800075	0
24	95	0.00545279	0
24	96	-0.00934466	1
24	97	-0.015853	0
24	98	0.000669746	1
24	99	-0.00402639	0
25	0	-0.0105797	0
25	1	-0.00284413	0
25	2	0.00919287	0
25	3	-0.01618	1
25	4	0.0172089	0
25	5	-0.00322978	1
25	6	0.00582285	0
25	7	0.00497475	1
25	8	0.016099	0
25	9	0.0263783	0
25	10	-0.011417	0
25	11	-0.0108056	0
25	12	-0.00767784	0
25	13	-0.0116144	0
25	14	0.0197147	0
25	15	-0.0150029	1
25	16	0.0119755	0
25	17	-0.00329112	1
25	18	-0.0232929	0
25	19	0.0126712	0
25	20	0.0142093	1
25	21	-0.00267432	0
25	22	-0.000113758	0
25	23	-0.0205311	1
25	24	0.00741664	1
25	25	-0.00268088	0
25	26	-0.000769081	0
25	27	-0.0223707	1
25	28	0.00291654	0
25	29	-0.00556057	0
25	30	-0.00356236	1
25	31	0.00980348	1
25	32	-0.0168278	0
25	33	-0.0134985	0
25	34	0.0180804	1
25	35	0.0102565	0
25	36	0.00596973	1
25	37	-0.00607758	1
25	38	-0.0156151	1
25	39	0.0242748	0
25	40	-0.00763758	0
25	41	0.0252893	1
25	42	-0.00365405	0
25	43	-0.00580853	0
25	44	0.0145616	0
25	45	-0.00292394	1
25	46	-0.00610641	0
25	47	0.00176615	0
25	48	0.00260057	1
25	49	-0.0171162	0
25	50	-0.0219551	1
25	51	0.0103279	1
25	52	0.00988039	1
25	53	-0.0253415	0
25	54	0.00506706	1
25	55	-0.00854591	0
25	56	-0.00606346	0
25	57	-0.0195556	1
25	58	0.0242425	0
25	59	-0.00531249	0
25	60	0.0108613	0
25	61	0.0280557	0
25	62	-0.00201914	0
25	63	-0.0178093	1
25	64	0.00907624	1
25	65	0.00469233	1
25	66	0.00408283	0
25	67	-0.0135572	0
25	68	0.00969104	0
25	69	0.00855095	0
25	70	-0.00104335	0
25	71	0.00558577	0
25	72	-0.00550117	1
25	73	0.0134961	1
25	74	-0.00979196	1
25	75	0.00135424	1
25	76	-0.00141994	1
25	77	-0.0227959	0
25	78	-0.00504085	0
25	79	-0.00344117	0
25	80	0.000295255	0
25	81	-0.0174332	0
25	82	0.0128358	0
25	83	-0.0321714	0
25	84	0.00397032	0
25	85	0.0179883	0
25	86	-0.00281031	1
25	87	-0.00918467	0
25	88	0.0188119	0
25	89	0.0259096	1
25	90	-0.0159521	0
25	91	0.0132002	0
25	92	0.00613527	1
25	93	0.0147113	0
25	94	0.00151381	1
25	95	-0.00881918	0
25	96	-0.00078014	0
25	97	0.00615827	1
25	98	-0.00428888	0
25	99	0.00242032	0
26	0	0.0134318	0
26	1	0.00114681	1
26	2	-0.00446666	0
26	3	-0.0226708	0
26	4	0.0126933	0
26	5	0.0140816	1
26	6	-0.0129193	0
26	7	-0.0297513	1
26	8	0.0115193	0
26	9	-0.0156874	1
26	10	-0.00181201	1
26	11	-0.00508344	0
26	12	-0.0142742	1
26	13	0.000903384	0
26	14	0.00933395	0
26	15	-0.00274872	1
26	16	-0.00285179	1
26	17	-0.00236552	0
26	18	-0.00976837	1
26	19	-0.00139509	0
26	20	0.0105594	0
26	21	0.00515932	0
26	22	-0.00694499	0
26	23	0.000651197	0
26	24	0.00852636	1
26	25	0.00403841	1
26	26	-0.0071624	1
26	27	0.0145365	1
26	28	-0.011377	0
26	29	-0.0157954	1
26	30	-0.0147096	0
26	31	0.00166522	0
26	32	-0.00380089	0
26	33	0.00464772	1
26	34	0.00253569	0
26	35	0.0142746	0
26	36	0.0188876	0
26	37	0.00288273	1
26	38	0.00509653	1
26	39	0.0205284	0
26	40	0.0217481	0
26	41	0.00229267	1
26	42	0.00905459	0
26	43	-0.00383765	1
26	44	-0.0199871	0
26	45	-0.00692836	0
26	46	0.0246035	0
26	47	0.00316652	0
26	48	0.00359331	0
26	49	-0.00611462	0
26	50	0.00883401	1
26	51	0.0021821	1
26	52	-0.00880799	0
26	53	0.00090632	1
26	54	-0.0366074	1
26	55	-0.00161221	0
26	56	-0.00641973	0
26	57	-0.0197655	1
26	58	0.00138993	1
26	59	-0.0148385	0
26	60	-0.0245531	0
26	61	0.0071323	0
26	62	-0.000781848	0
26	63	-0.0129973	0
26	64	0.0217278	1
26	65	0.0155015	1
26	66	0.00991843	0
26	67	0.0189753	0
26	68	0.000970943	1
26	69	0.0334596	0
26	70	0.0207703	1
26	71	0.00562005	1
26	72	0.00277548	1
26	73	0.00566566	1
26	74	-0.000111108	0
26	75	-0.00403938	1
26	76	-0.00343299	1
26	77	0.0197046	1
26	78	-0.0152278	1
26	79	0.00123862	1
26	80	-0.0078533	0
26	81	-0.0296568	0
26	82	0.0125193	0
26	83	-0.000427745	0
26	84	-0.00814024	1
26	85	0.0175669	0
26	86	-0.0028935	0
26	87	0.0170923	0
26	88	-0.00331145	0
26	89	-0.0208359	1
26	90	-0.0169673	0
26	91	-0.00112351	0
26	92	-0.0175362	1
26	93	-0.00837076	1
26	94	-0.0103253	0
26	95	-0.0015144	1
26	96	0.0218787	1
26	97	0.0119056	1
26	98	-0.0186869	1
26	99	0.0199964	1
27	0	0.0153489	0
27	1	0.0189679	1
27	2	-0.00845988	0
27	3	0.00835385	1
27	4	0.02296	1
27	5	0.0104537	0
27	6	-0.0282947	0
27	7	-0.0327138	0
27	8	0.00408689	1
27	9	0.00139401	1
27	10	-0.00293592	1
27	11	-0.0194233	1
27	12	0.00903343	1
27	13	0.000556657	0
27	14	0.0137133	1
27	15	-0.00138932	1
27	16	0.00478451	0
27	17	0.00442278	0
27	18	0.0101358	1
27	19	0.015519	0
27	20	-0.0123338	1
27	21	-0.0179673	1
27	22	-0.00429268	1
27	23	0.00798328	0
27	24	-0.0234468	1
27	25	0.00649262	0
27	26	-0.0020411	0
27	27	-0.00624521	1
27	28	-0.0085187	1
27	29	0.0142524	1
27	30	0.00409802	1
27	31	-0.0143354	0
27	32	0.00684543	0
27	33	-0.0133601	0
27	34	-0.0261988	1
27	35	0.0190196	1
27	36	0.00798302	0
27	37	0.0106326	0
27	38	0.00166425	0
27	39	0.0300723	0
27	40	-0.00645773	1
27	41	0.00617451	1
27	42	0.0015225	1
27	43	-0.00599064	1
27	44	-0.00622631	1
27	45	-0.00365018	0
27	46	-0.00267477	1
27	47	-0.000324583	1
27	48	-0.00822594	0
27	49	0.014082	1
27	50	0.00217324	1
27	51	0.00918455	1
27	52	0.0164759	1
27	53	-0.00362981	0
27	54	-0.0204844	0
27	55	0.00911397	1
27	56	0.0143359	0
27	57	-0.0102659	0
27	58	0.00909129	0
27	59	-0.00653693	0
27	60	-0.0200456	1
27	61	0.0022502	1
27	62	0.0175911	0
27	63	-0.0199568	0
27	64	0.0114838	1
27	65	0.0158688	0
27	66	-0.00834284	1
27	67	0.00249291	0
27	68	-0.0223699	1
27	69	-0.00618479	1
27	70	-0.0084024	0
27	71	0.00592131	0
27	72	0.0097306	1
27	73	-0.0192781	1
27	74	-0.011894	1
27	75	0.00381016	1
27	76	-0.0129583	0
27	77	-0.00565002	0
27	78	0.00717111	1
27	79	0.00191828	1
27	80	-0.00751926	0
27	81	0.0151828	0
27	82	-0.0252678	1
27	83	0.00432073	0
27	84	0.00673593	1
27	85	0.0405015	1
27	86	-0.0165112	0
27	87	-0.0247139	1
27	88	-0.0227684	1
27	89	0.0275157	1
27	90	0.0117936	0
27	91	-0.00673979	1
27	92	0.00581288	1
27	93	0.0139995	0
27	94	-0.0192292	1
27	95	0.00636841	1
27	96	0.0233743	0
27	97	-0.0196536	1
27	98	-0.00512834	0
27	99	0.0142662	1
28	0	-0.0161278	1
28	1	0.0209449	0
28	2	-0.00329036	1
28	3	-0.000913964	0
28	4	0.00800205	0
28	5	0.0253582	0
28	6	0.000109984	1
28	7	0.0014369	1
28	8	-0.000842582	0
28	9	0.00199001	1
28	10	-0.0132186	0
28	11	0.00227252	0
28	12	0.0123858	0
28	13	-0.00260897	0
28	14	-0.00546591	0
28	15	0.0133236	0
28	16	-0.00879982	1
28	17	0.0158983	1
28	18	-0.0182545	0
28	19	0.00142343	0
28	20	0.000810538	1
28	21	0.00645577	0
28	22	-0.0296253	0
28	23	-0.00451345	1
28	24	-0.0254262	1
28	25	0.0137956	0
28	26	0.00113889	1
28	27	-0.00631064	1
28	28	0.00609592	0
28	29	-0.00888042	1
28	30	-0.0111513	1
28	31	-0.00163754	0
28	32	-0.00768814	0
28	33	0.0121392	0
28	34	0.0204533	1
28	35	-0.0129879	0
28	36	-0.0144747	0
28	37	-0.0223552	1
28	38	0.0216555	0
28	39	-0.0166689	0
28	40	-0.00519051	1
28	41	-0.0150877	0
28	42	-0.00167498	0
28	43	-0.00124545	0
28	44	0.0272498	1
28	45	0.00965059	0
28	46	-0.0180514	1
28	47	0.00617122	0
28	48	-0.0260641	1
28	49	0.0125825	1
28	50	-0.0171744	0
28	51	0.0100218	1
28	52	0.0177377	0
28	53	0.0029716	1
28	54	0.0103864	0
28	55	0.0101603	1
28	56	-0.0192737	1
28	57	-0.000392043	0
28	58	-0.00686562	1
28	59	-0.0145463	1
28	60	-0.000521976	0
28	61	0.011252	1
28	62	0.0111083	0
28	63	0.0254643	0
28	64	-0.00688172	1
28	65	-0.0245443	0
28	66	0.00159784	0
28	67	-0.0118387	0
28	68	-0.0158245	0
28	69	0.0116185	0
28	70	0.00218177	1
28	71	0.00717444	0
28	72	-0.0175379	1
28	73	0.0204844	0
28	74	0.00723362	1
28	75	-0.0128116	1
28	76	0.0272395	0
28	77	0.0104663	0
28	78	-0.0118512	1
28	79	-0.000686814	1
28	80	-0.0044854	1
28	81	0.000942383	0
28	82	-0.00170893	0
28	83	0.0194984	1
28	84	-0.0182991	0
28	85	0.000720973	1
28	86	-0.00768265	1
28	87	0.0142389	1
28	88	0.012166	1
28	89	0.0182298	1
28	90	0.0100819	0
28	91	-0.00426597	1
28	92	-0.00461594	1
28	93	0.000209586	0
28	94	-0.0139891	1
28	95	-0.00694237	0
28	96	-0.00484784	1
28	97	0.00748682	0
28	98	-0.000431978	1
28	99	0.0145586	1
29	0	-0.0232424	1
29	1	-0.0204881	0
29	2	-0.0169689	1
29	3	0.00789005	1
29	4	-0.0245452	0
29	5	-0.00748467	1
29	6	0.00673706	0
29	7	0.0193313	1
29	8	0.00636589	0
29	9	0.0027592	0
29	10	-0.00161071	0
29	11	0.00829521	0
29	12	-0.028439	0
29	13	0.0267791	0
29	14	-0.0150945	1
29	15	-0.00718581	1
29	16	0.00750661	0
29	17	-0.00180849	1
29	18	-0.0119676	0
29	19	-0.0159274	0
29	20	0.0255644	1
29	21	-0.00871345	0
29	22	0.0138067	0
29	23	0.0173956	0
29	24	0.0170239	1
29	25	0.0147127	1
29	26	0.00962496	0
29	27	-0.00674582	1
29	28	-0.00777182	0
29	29	-0.00661666	1
29	30	0.00149057	1
29	31	0.00556599	1
29	32	-0.012594	1
29	33	0.0119779	0
29	34	-0.0095554	1
29	35	0.024408	1
29	36	0.00690898	1
29	37	-0.0131508	0
29	38	-0.0122198	1
29	39	0.00844758	0
29	40	0.0190542	0
29	41	0.0134294	0
29	42	0.0087066	1
29	43	0.00615005	0
29	44	-0.00168626	0
29	45	-0.0244046	1
29	46	-0.0195521	1
29	47	-0.00589919	1
29	48	0.0257535	0
29	49	-0.00411942	0
29	50	-0.0148657	1
29	51	0.0122138	1
29	52	0.00621202	1
29	53	-0.00514318	0
29	54	0.0128427	1
29	55	-0.0198826	0
29	56	-0.00636732	0
29	57	0.0151218	1
29	58	0.016441	1
29	59	-0.0139929	0
29	60	0.0050822	0
29	61	-0.0195812	0
29	62	-0.00236491	1
29	63	-0.0050176	0
29	64	-0.0186938	1
29	65	0.0113731	0
29	66	0.00368976	1
29	67	0.00636481	1
29	68	-0.0180714	1
29	69	0.0289244	0
29	70	-0.00311465	1
29	71	-0.00366812	1
29	72	-0.0208713	0
29	73	-0.0162116	0
29	74	-0.0123497	0
29	75	-0.00283776	0
29	76	0.0441067	1
29	77	0.0053492	1
29	78	0.00394327	0
29	79	-0.0113654	1
29	80	0.0296983	0
29	81	0.0110846	1
29	82	-0.004486	0
29	83	-0.00626286	0
29	84	0.0143899	0
29	85	-0.00291803	0
29	86	-0.0145961	1
29	87	0.000700342	0
29	88	-0.00513843	1
29	89	-0.0161524	0
29	90	-0.00743448	1
29	91	0.0114481	1
29	92	-0.0169481	0
29	93	-0.0122067	0
29	94	0.0109928	0
29	95	-0.0105756	0
29	96	-0.00187351	1
29	97	0.0140767	0
29	98	0.0114029	0
29	99	0.0096395	1
30	0	-0.00348763	0
30	1	0.0133313	1
30	2	-0.0130014	0
30	3	0.000739425	0
30	4	-0.0160405	0
30	5	-0.00648188	1
30	6	-0.00745765	1
30	7	0.0210804	0
30	8	0.0153703	1
30	9	6.73221e-05	1
30	10	0.00711853	1
30	11	0.0251647	0
30	12	-0.00504349	0
30	13	0.00593757	0
30	14	0.00151904	1
30	15	0.0214439	0
30	16	-0.00749151	1
30	17	-0.00193777	0
30	18	-0.0147265	1
30	19	-0.0121364	0
30	20	-0.000827319	0
30	21	-0.0298544	0
30	22	-0.00148511	1
30	23	-0.00759526	1
30	24	0.0261442	1
30	25	0.004554	0
30	26	0.00762949	1
30	27	0.0154942	1
30	28	0.010341	1
30	29	-0.00827113	0
30	30	-0.00904909	0
30	31	0.0109772	1
30	32	0.00251588	0
30	33	-0.0163049	1
30	34	-0.00123076	0
30	35	-0.00321327	0
30	36	-0.0460786	1
30	37	0.0216458	0
30	38	-0.00833412	1
30	39	-0.00492111	0
30	40	-0.00138722	1
30	41	0.00391758	1
30	42	-0.0193143	0
30	43	0.00182653	0
30	44	0.0078061	1
30	45	-0.0165223	0
30	46	0.0131876	0
30	47	0.0227536	1
30	48	-0.0110181	1
30	49	-0.00314721	1
30	50	0.0328147	0
30	51	-0.0109052	1
30	52	-0.0170105	1
30	53	0.0196766	0
30	54	-0.0203965	1
30	55	-0.0114124	0
30	56	-0.00136727	1
30	57	0.0311609	1
30	58	0.0207295	1
30	59	0.0128644	1
30	60	-0.000267448	1
30	61	-0.0171481	0
30	62	-0.0168731	0
30	63	-0.0192394	1
30	64	-0.00509056	1
30	65	0.0183043	0
30	66	0.0132261	0
30	67	0.024128	0
30	68	0.0138143	1
30	69	0.0353738	1
30	70	-0.0035619	0
30	71	0.00756923	0
30	72	0.00675758	1
30	73	-0.00563861	0
30	74	-0.0269273	0
30	75	-0.00283683	1
30	76	-0.00400893	1
30	77	0.0146035	1
30	78	-0.000707301	0
30	79	-0.0116975	0
30	80	0.00085005	0
30	81	-0.0216201	0
30	82	0.00532617	0
30	83	0.0246104	0
30	84	-0.00989325	0
30	85	-0.0347067	0
30	86	-0.0113028	0
30	87	-0.00551939	0
30	88	-0.0074322	1
30	89	-0.00887518	1
30	90	-0.0266989	1
30	91	0.00866995	0
30	92	0.00178035	1
30	93	0.010686	1
30	94	-0.000340897	0
30	95	0.019585	1
30	96	0.00500525	0
30	97	-0.0231216	0
30	98	-0.00524685	0
30	99	0.0181042	0
31	0	-9.86435e-07	1
31	1	-0.000547658	1
31	2	0.00810648	1
31	3	-0.0325531	0
31	4	-0.00966024	0
31	5	-0.0184848	1
31	6	0.00419288	1
31	7	0.0270822	0
31	8	0.00648456	1
31	9	-0.0100692	0
31	10	0.0123724	1
31	11	0.00500845	0
31	12	0.00822783	1
31	13	-0.00538483	0
31	14	0.00973916	0
31	15	0.0227923	0
31	16	0.0126924	0
31	17	0.00627532	0
31	18	-0.0111283	1
31	19	0.0262952	0
31	20	-0.0164334	0
31	21	-0.0230324	1
31	22	-0.00142229	0
31	23	-0.0105013	1
31	24	0.00769729	1
31	25	0.0136567	0
31	26	-0.00400728	1
31	27	0.0201021	0
31	28	-0.0180692	0
31	29	9.34482e-05	1
31	30	-0.00593357	1
31	31	0.0177187	0
31	32	0.0192383	1
31	33	-0.0173827	0
31	34	0.0119539	0
31	35	0.0257344	1
31	36	-0.0058137	0
31	37	-0.00358687	0
31	38	-0.0225861	1
31	39	-0.0151825	1
31	40	-0.0296015	1
31	41	-0.00332772	0
31	42	-0.0092573	1
31	43	-0.0214721	1
31	44	-0.0252274	1
31	45	-0.0133594	0
31	46	-0.00516786	0
31	47	0.0161234	1
31	48	0.0199674	0
31	49	0.00918614	1
31	50	0.00942016	1
31	51	0.00289022	0
31	52	-0.00290749	0
31	53	-0.00264339	1
31	54	-0.00962473	0
31	55	0.0088519	0
31	56	-0.0165378	1
31	57	0.00989409	0
31	58	0.0064763	0
31	59	-0.0188564	0
31	60	0.0198311	0
31	61	-0.0186768	0
31	62	-0.00104635	1
31	63	-1.34964e-05	1
31	64	0.0235736	0
31	65	-0.0094474	1
31	66	0.0219835	0
31	67	-0.00441695	0
31	68	0.0151833	0
31	69	-0.0224059	0
31	70	0.00809858	0
31	71	0.00807788	0
31	72	-0.0175989	0
31	73	0.00812405	1
31	74	0.0208442	1
31	75	-0.0100067	0
31	76	0.00162036	0
31	77	-0.00574543	0
31	78	-0.017021	1
31	79	0.00732701	1
31	80	-0.00617517	0
31	81	0.012685	1
31	82	0.0140653	0
31	83	0.0136123	0
31	84	-0.00683088	0
31	85	0.013774	1
31	86	-0.0103997	1
31	87	0.017841	0
31	88	-0.00276804	0
31	89	0.00655635	0
31	90	0.00260105	1
31	91	0.00801349	1
31	92	-0.0251704	0
31	93	0.0158453	1
31	94	-0.00507531	0
31	95	-0.00518026	0
31	96	-0.0181034	0
31	97	-0.0108675	0
31	98	-0.00258661	0
31	99	0.0013683	0
32	0	-0.017054	1
32	1	0.0137663	0
32	2	-7.32106e-05	0
32	3	0.0395923	1
32	4	-0.0181433	0
32	5	-0.0122868	1
32	6	0.0122989	1
32	7	-0.0128524	0
32	8	-0.00126899	1
32	9	0.00329813	0
32	10	-0.0112037	0
32	11	-0.0143104	1
32	12	-0.00899294	1
32	13	-0.0112388	1
32	14	-0.00465715	1
32	15	0.00381823	0
32	16	-0.0259636	0
32	17	-0.0194849	0
32	18	0.00819489	0
32	19	0.00808993	0
32	20	0.0248759	0
32	21	0.00878166	1
32	22	-0.00373296	1
32	23	-0.00534721	0
32	24	-0.0256594	1
32	25	0.00418159	1
32	26	0.0101237	1
32	27	-0.00585467	0
32	28	-0.00974877	0
32	29	0.0209468	0
32	30	0.0011575	0
32	31	0.0202682	1
32	32	0.015544	1
32	33	-0.0127717	0
32	34	0.0169883	1
32	35	-0.0166397	0
32	36	0.0079991	1
32	37	-0.0159553	1
32	38	-0.0159858	0
32	39	0.0228075	0
32	40	-0.024675	1
32	41	-0.00588291	1
32	42	0.0051495	1
32	43	0.00539191	1
32	44	0.0313094	1
32	45	-0.00765657	1
32	46	-0.00504361	1
32	47	-0.0178451	0
32	48	-0.00417304	0
32	49	-0.0144672	0
32	50	0.00993668	1
32	51	-0.00645789	0
32	52	0.00566642	0
32	53	-0.000107362	1
32	54	-0.00692116	0
32	55	-0.011589	0
32	56	-0.0264715	1
32	57	-0.00624086	1
32	58	0.0054957	1
32	59	0.0295214	1
32	60	0.0255016	0
32	61	0.0163131	0
32	62	-0.0177936	0
32	63	-0.00898409	1
32	64	-0.0186639	1
32	65	-0.00545635	1
32	66	-0.00178992	1
32	67	0.0125555	0
32	68	-0.00183597	1
32	69	-0.00832741	1
32	70	0.0126893	1
32	71	-0.00196225	0
32	72	0.00412177	0
32	73	0.00524501	1
32	74	0.00912758	0
32	75	0.0192962	0
32	76	0.00676817	1
32	77	0.0153563	0
32	78	-0.0252256	1
32	79	0.017092	1
32	80	-0.0130214	1
32	81	0.0230226	0
32	82	0.000640185	0
32	83	-0.00784073	1
32	84	0.0101056	1
32	85	0.00527404	0
32	86	-0.00851906	0
32	87	-0.00303183	0
32	88	0.00686083	0
32	89	0.00146921	1
32	90	0.00501783	0
32	91	0.0146471	1
32	92	-0.00375987	1
32	93	-0.0145853	1
32	94	0.00959478	0
32	95	-0.0026758	0
32	96	-0.00456926	1
32	97	-0.00511689	0
32	98	0.0161312	1
32	99	-0.0121176	1
33	0	0.00226247	1
33	1	-0.0107051	0
33	2	-0.0114183	0
33	3	-0.0206945	1
33	4	0.00170264	1
33	5	0.0124661	1
33	6	0.0182805	0
33	7	-0.00794398	0
33	8	0.0178381	0
33	9	0.0025782	1
33	10	-0.0037039	0
33	11	-0.018596	1
33	12	0.0105288	1
33	13	-0.00381551	0
33	14	0.00170867	0
33	15	-0.0141278	0
33	16	0.0200754	1
33	17	-0.0102234	0
33	18	0.0132564	0
33	19	0.00541828	1
33	20	0.0156803	1
33	21	0.0155778	0
33	22	0.0118632	1
33	23	0.0236216	0
33	24	0.00267445	0
33	25	-0.00878472	0
33	26	-0.00534668	0
33	27	0.00410959	1
33	28	-0.0269065	0
33	29	0.0026126	0
33	30	0.00238406	1
33	31	0.0156522	1
33	32	0.00159844	0
33	33	7.29731e-05	1
33	34	0.00710958	1
33	35	-0.0149795	0
33	36	-0.00773072	1
33	37	0.0171794	1
33	38	-0.0160953	0
33	39	0.0162802	0
33	40	-0.0404379	0
33	41	-0.0128531	1
33	42	0.00078421	0
33	43	-0.0131582	0
33	44	-0.0388819	0
33	45	0.0128633	0
33	46	-0.0152527	0
33	47	0.0100159	1
33	48	-0.0128968	0
33	49	0.00490452	0
33	50	-0.0101979	0
33	51	0.00277799	1
33	52	0.0215109	0
33	53	0.0131832	0
33	54	-0.00696486	0
33	55	0.00209749	0
33	56	-0.00841573	1
33	57	0.00864729	0
33	58	0.0145523	0
33	59	0.00688834	1
33	60	0.0101199	0
33	61	-0.00160334	1
33	62	0.00556308	1
33	63	-0.00208832	0
33	64	-0.0287275	0
33	65	-0.00260341	1
33	66	-0.0193729	1
33	67	0.000427606	1
33	68	0.0187178	0
33	69	0.0105429	1
33	70	-0.00248943	0
33	71	0.00616655	0
33	72	0.000985125	0
33	73	0.0056315	0
33	74	-0.0156545	0
33	75	0.00277619	1
33	76	0.0339662	1
33	77	0.00439946	0
33	78	0.0422435	0
33	79	0.00572101	1
33	80	-0.00259445	0
33	81	-0.00066232	0
33	82	-0.0217822	1
33	83	-0.00620675	0
33	84	-0.00883765	1
33	85	0.00713336	0
33	86	-0.00126483	0
33	87	0.0237645	0
33	88	0.00568296	0
33	89	-0.011805	1
33	90	-0.0248894	1
33	91	-0.0365467	0
33	92	-0.00592322	1
33	93	-0.0151761	1
33	94	-0.0129199	0
33	95	-0.000764193	1
33	96	0.012426	0
33	97	-0.00364144	0
33	98	0.0207959	0
33	99	0.00786354	0
34	0	-0.0109798	1
34	1	0.0198901	0
34	2	-0.0260333	0
34	3	-0.0118389	1
34	4	0.00961346	0
34	5	0.00241021	1
34	6	0.0100068	0
34	7	-0.0226885	0
34	8	0.000907661	1
34	9	-0.0132199	0
34	10	-0.0201368	1
34	11	0.013941	1
34	12	0.0114223	1
34	13	-0.00639901	0
34	14	0.00993996	0
34	15	-0.00984038	1
34	16	0.00380938	0
34	17	0.000717186	0
34	18	-0.00271898	1
34	19	-0.010202	1
34	20	-0.00989009	1
34	21	0.00707113	0
34	22	0.0130708	0
34	23	-0.0238363	0
34	24	-0.0104031	0
34	25	0.0359845	1
34	26	-0.0203564	0
34	27	0.0234726	1
34	28	-0.0279075	1
34	29	0.00596845	0
34	30	0.0151926	1
34	31	0.00977485	0
34	32	0.00945409	1
34	33	-0.00482538	1
34	34	-0.0105272	0
34	35	-0.027471	0
34	36	0.0115638	1
34	37	-0.00740727	1
34	38	-0.022503	0
34	39	-6.23398e-06	0
34	40	0.021936	0
34	41	-0.00573594	0
34	42	0.00118091	0
34	43	-0.00114654	0
34	44	0.0156952	0
34	45	0.00348171	1
34	46	0.00577482	0
34	47	0.0225883	0
34	48	-0.00678964	1
34	49	0.000690562	0
34	50	-0.00240504	0
34	51	0.00935374	1
34	52	-0.00352088	1
34	53	0.0166716	1
34	54	-0.000145382	0
34	55	-0.00397449	1
34	56	0.00283075	0
34	57	0.0221186	1
34	58	0.000336756	1
34	59	0.0154096	1
34	60	-0.00541412	1
34	61	0.00601141	0
34	62	-0.0160871	1
34	63	-0.0126221	1
34	64	-0.00186283	0
34	65	0.00168917	0
34	66	-0.0140487	1
34	67	0.00318561	1
34	68	-0.00732306	1
34	69	-0.0105105	1
34	70	-0.00101583	1
34	71	-0.00957732	0
34	72	-0.0103677	0
34	73	-0.00195498	1
34	74	0.00555376	0
34	75	0.00339471	0
34	76	-0.00915127	0
34	77	0.00353494	0
34	78	0.00435176	0
34	79	0.000150446	1
34	80	-0.00363633	1
34	81	0.0160209	0
34	82	0.00189149	0
34	83	0.0217277	0
34	84	0.00637641	1
34	85	0.00746346	1
34	86	-0.00665428	0
34	87	-0.0284268	1
34	88	-0.0256567	1
34	89	0.0101069	0
34	90	-0.00102547	0
34	91	0.0208671	1
34	92	0.0115121	1
34	93	0.00636068	1
34	94	-0.00901669	0
34	95	0.00112057	0
34	96	-0.0026375	1
34	97	0.00891023	1
34	98	-0.0035164	0
34	99	0.0109057	1
35	0	-0.0182134	0
35	1	0.0272581	0
35	2	-0.00840305	1
35	3	0.0147934	1
35	4	-0.00317948	1
35	5	-0.00247406	1
35	6	-0.000457923	0
35	7	0.00373048	0
35	8	0.0278217	1
35	9	-0.00565054	1
35	10	0.0159683	0
35	11	0.00464976	1
35	12	0.0207305	0
35	13	0.0147817	1
35	14	0.0226788	1
35	15	0.00389481	0
35	16	-0.0175894	1
35	17	-0.014749	0
35	18	0.00325288	0
35	19	-0.0102414	1
35	20	-0.00141639	0
35	21	0.00809329	1
35	22	0.0111413	1
35	23	-0.0105967	0
35	24	0.00117808	0
35	25	0.0103399	0
35	26	0.0248868	1
35	27	0.000988194	1
35	28	-0.0282891	0
35	29	-0.00931095	1
35	30	-0.0127691	1
35	31	0.00313057	1
35	32	0.0255693	1
35	33	0.00342778	0
35	34	0.00260899	0
35	35	-0.0114928	1
35	36	-0.00533468	1
35	37	0.00745463	1
35	38	-0.0179958	1
35	39	0.00318284	0
35	40	-0.0230362	0
35	41	0.0259762	0
35	42	0.0175306	1
35	43	-0.0263607	1
35	44	0.000623058	0
35	45	0.00213658	0
35	46	0.0372269	0
35	47	-0.0324014	1
35	48	-0.00392423	0
35	49	-0.0142613	0
35	50	-0.00607978	0
35	51	-0.0276038	1
35	52	-0.0373206	1
35	53	-0.00538663	1
35	54	-0.00352236	0
35	55	-0.0168514	0
35	56	0.00684572	0
35	57	0.02328	1
35	58	-0.0173963	0
35	59	0.0216301	1
35	60	0.00790806	1
35	61	-0.0090158	1
35	62	-0.0110743	1
35	63	0.00960804	0
35	64	-0.00344033	0
35	65	0.000813346	0
35	66	0.000514149	1
35	67	0.0184911	1
35	68	0.00237902	1
35	69	-0.0258365	1
35	70	0.0205682	0
35	71	-0.00187652	0
35	72	0.0121546	1
35	73	-0.00760287	0
35	74	0.0100956	1
35	75	-0.00961939	1
35	76	-0.0137095	1
35	77	0.0147873	1
35	78	-0.0198589	1
35	79	-0.0064647	0
35	80	0.014597	0
35	81	0.000889115	1
35	82	-0.0235994	0
35	83	0.00167397	0
35	84	0.00691522	0
35	85	-0.0183102	0
35	86	-0.00322413	1
35	87	0.0128329	0
35	88	-0.014161	1
35	89	0.00506401	1
35	90	0.0159658	1
35	91	0.000568535	0
35	92	0.0256148	0
35	93	-0.00682818	1
35	94	-0.00216264	1
35	95	-0.0332144	0
35	96	-0.0345692	0
35	97	0.0292803	1
35	98	0.0138476	1
35	99	0.0154968	0
36	0	-0.00287443	0
36	1	-0.00616165	1
36	2	0.018683	1
36	3	-0.0122429	1
36	4	-0.0183167	0
36	5	-0.000908188	1
36	6	0.0161857	1
36	7	-0.0171844	1
36	8	-0.0108189	1
36	9	0.00759987	1
36	10	0.0237055	1
36	11	0.00727887	1
36	12	-0.00497251	1
36	13	0.0206393	0
36	14	0.0133454	1
36	15	-0.00890658	1
36	16	0.00293831	0
36	17	-0.00119824	0
36	18	-0.00479354	0
36	19	-0.0130148	0
36	20	-0.025546	0
36	21	0.0288904	0
36	22	0.0136389	1
36	23	0.00494394	0
36	24	0.0349562	0
36	25	0.00931247	0
36	26	-0.00853539	0
36	27	-0.00842876	1
36	28	0.0140171	0
36	29	0.000393341	0
36	30	-0.00902854	1
36	31	-0.000574606	0
36	32	-0.0284794	0
36	33	-0.0066949	1
36	34	-0.0200852	1
36	35	0.0123501	0
36	36	-0.00501652	1
36	37	0.0114594	1
36	38	-0.0140075	0
36	39	0.00246227	0
36	40	0.0199054	1
36	41	0.00123049	1
36	42	-0.0105553	0
36	43	-0.0102504	1
36	44	0.0295434	0
36	45	0.00426802	1
36	46	-0.0193582	1
36	47	0.0160446	1
36	48	-0.018128	1
36	49	0.00257127	1
36	50	0.0112448	1
36	51	0.00139773	1
36	52	0.0100968	0
36	53	0.0167975	0
36	54	0.0142576	1
36	55	0.0018153	0
36	56	-0.0149097	1
36	57	-0.00904452	1
36	58	-0.00650013	0
36	59	-0.0050095	0
36	60	0.00294328	1
36	61	-0.0139282	1
36	62	0.0102025	0
36	63	0.00527121	0
36	64	-0.000364173	0
36	65	-0.0108065	0
36	66	0.00744596	1
36	67	0.00817738	1
36	68	0.00851337	0
36	69	-0.00780087	1
36	70	-0.00674763	1
36	71	-0.0111034	1
36	72	0.00362905	0
36	73	-0.00523177	1
36	74	0.00943497	1
36	75	-0.000817813	0
36	76	0.00801385	1
36	77	-0.00926146	0
36	78	-0.00652594	1
36	79	0.0232067	0
36	80	-0.00393629	1
36	81	-0.0176993	0
36	82	0.00539745	1
36	83	0.00687938	0
36	84	0.0039144	0
36	85	-0.0276995	1
36	86	0.011935	1
36	87	-0.0203359	0
36	88	-0.0218929	0
36	89	-0.00353746	0
36	90	0.0172396	1
36	91	0.0363829	1
36	92	-0.00830082	1
36	93	-0.00754	1
36	94	-0.0118986	1
36	95	-0.00440227	1
36	96	-0.00291264	0
36	97	-0.0125281	1
36	98	-0.00677883	0
36	99	0.00303575	0
37	0	-0.00943455	1
37	1	-0.00934963	1
37	2	-0.000514656	0
37	3	0.00462153	0
37	4	0.0166193	1
37	5	-0.00450212	1
37	6	-0.011653	1
37	7	-0.0144379	0
37	8	0.0234653	0
37	9	0.00431311	0
37	10	-0.00820496	0
37	11	0.00405491	0
37	12	-0.00754547	1
37	13	-0.00288152	0
37	14	-0.00645394	1
37	15	0.00894472	0
37	16	-0.00797719	0
37	17	-0.00889816	1
37	18	0.0177128	0
37	19	-0.00248112	0
37	20	0.0180293	1
37	21	0.0190211	0
37	22	-0.0273777	0
37	23	-0.013148	1
37	24	-0.00284045	1
37	25	0.0117307	1
37	26	0.022823	1
37	27	-0.0145428	1
37	28	0.0278386	0
37	29	0.00413629	0
37	30	-0.00440864	0
37	31	-0.0190106	1
37	32	-0.0038184	1
37	33	0.0081466	1
37	34	0.00387881	1
37	35	-0.00706642	0
37	36	-0.00478142	0
37	37	-0.00736794	1
37	38	0.00633494	1
37	39	-0.0128477	1
37	40	0.0265184	0
37	41	0.00714913	1
37	42	0.0157528	1
37	43	-0.00975077	0
37	44	0.00573467	0
37	45	-0.00607489	0
37	46	-0.00725414	1
37	47	0.00447079	0
37	48	0.00713557	0
37	49	0.00075424	0
37	50	0.0188088	0
37	51	0.000403274	1
37	52	0.00804152	0
37	53	-0.0159726	0
37	54	-0.00166261	0
37	55	-0.0181906	1
37	56	0.0165751	1
37	57	-0.0104199	1
37	58	-0.0222335	1
37	59	0.00189003	1
37	60	-0.00501491	0
37	61	-0.0107065	1
37	62	-0.000653986	1
37	63	-6.70123e-05	1
37	64	0.00222938	1
37	65	-0.0196933	1
37	66	0.00333117	1
37	67	-0.00598543	0
37	68	0.00427323	0
37	69	-0.00393141	1
37	70	-0.00571841	0
37	71	0.0304557	1
37	72	0.0292172	1
37	73	0.0046548	1
37	74	0.014976	1
37	75	0.00118517	1
37	76	0.00811085	0
37	77	-0.0208157	0
37	78	0.0148654	0
37	79	0.0108095	1
37	80	0.0495923	0
37	81	0.0169039	1
37	82	-0.0124384	0
37	83	0.00715925	1
37	84	0.00937396	0
37	85	-0.00758257	0
37	86	0.00471405	1
37	87	0.00106733	1
37	88	-0.0144175	0
37	89	-0.00946797	1
37	90	-0.0289272	0
37	91	-0.0195001	0
37	92	-0.00397355	1
37	93	-0.00864823	0
37	94	0.00607112	1
37	95	-0.0173913	1
37	96	-0.00766082	0
37	97	-0.000334389	0
37	98	-0.038141	1
37	99	0.0102774	1
38	0	-0.0113899	0
38	1	0.00293172	0
38	2	0.000340997	1
38	3	-0.0147356	0
38	4	-0.0286365	0
38	5	0.00970625	0
38	6	-0.00706788	0
38	7	-0.030408	0
38	8	0.014442	1
38	9	-0.00478281	0
38	10	-0.0129492	1
38	11	-5.29146e-05	0
38	12	0.00414658	0
38	13	0.0114018	1
38	14	-0.0113812	1
38	15	0.01488	0
38	16	-0.014204	0
38	17	0.00205327	1
38	18	0.0118144	0
38	19	0.0189635	0
38	20	-0.00234805	0
38	21	0.00716169	0
38	22	-0.0288902	1
38	23	0.0174187	1
38	24	0.0307076	1
38	25	0.0124504	1
38	26	-0.00261447	1
38	27	-0.00844769	1
38	28	0.0180044	0
38	29	-0.0184905	0
38	30	0.0228105	0
38	31	-1.15838e-05	1
38	32	0.0126691	1
38	33	-0.0129667	0
38	34	-0.00533614	1
38	35	-0.00332677	0
38	36	-0.0112073	0
38	37	-0.00546916	1
38	38	0.00435288	1
38	39	-0.00976884	0
38	40	0.00640991	0
38	41	-0.00466388	1
38	42	0.0568915	1
38	43	0.0219886	0
38	44	0.000887982	1
38	45	-0.0216495	1
38	46	-0.00832856	0
38	47	-0.0194441	0
38	48	-0.00664314	0
38	49	-0.00729122	1
38	50	0.00881292	1
38	51	-0.014901	1
38	52	-0.0185042	1
38	53	0.0059566	1
38	54	-0.00932168	1
38	55	0.0176925	0
38	56	0.00423239	0
38	57	0.00675366	1
38	58	0.00738149	1
38	59	-0.0467613	1
38	60	0.0059355	0
38	61	0.0265765	0
38	62	-0.010338	0
38	63	0.0032927	0
38	64	0.00538321	1
38	65	-0.0169961	1
38	66	0.00731764	0
38	67	0.00828823	1
38	68	-0.00784131	0
38	69	0.000894624	1
38	70	-0.00863072	0
38	71	-0.015126	0
38	72	-0.000278645	1
38	73	0.00402183	0
38	74	0.0220888	1
38	75	-0.00828571	0
38	76	-0.0155396	0
38	77	0.00508221	1
38	78	0.0106925	1
38	79	0.00703025	0
38	80	0.011574	1
38	81	-0.00311649	1
38	82	-0.00665158	0
38	83	-0.00611762	0
38	84	-0.0184533	1
38	85	-0.00892344	1
38	86	0.0241399	0
38	87	0.00671696	1
38	88	-0.00642222	0
38	89	0.0292915	1
38	90	0.00129603	1
38	91	-0.00027255	1
38	92	0.00120697	1
38	93	0.0144389	1
38	94	-0.00158636	1
38	95	0.00798508	1
38	96	-0.0023858	1
38	97	-0.00627722	0
38	98	-0.00781078	0
38	99	-0.00346924	1
39	0	-0.0261033	1
39	1	0.00244742	1
39	2	-0.00336856	1
39	3	0.00801611	0
39	4	-0.00491271	0
39	5	0.032527	1
39	6	-0.00463173	1
39	7	0.00552935	1
39	8	-0.00375824	1
39	9	0.00685235	0
39	10	0.00614313	1
39	11	-0.0256734	0
39	12	0.0138314	1
39	13	-0.0198002	1
39	14	0.0123083	1
39	15	0.0264182	0
39	16	0.00139623	0
39	17	0.00728147	0
39	18	0.00689236	1
39	19	0.0046807	1
39	20	0.0240031	1
39	21	-0.0026254	1
39	22	0.00571626	0
39	23	0.0287177	1
39	24	0.00121568	1
39	25	-0.0078425	1
39	26	0.00294741	1
39	27	0.000186645	1
39	28	0.00136142	1
39	29	-0.00430398	1
39	30	0.00723088	0
39	31	0.00471661	1
39	32	0.00497542	1
39	33	-0.00251677	1
39	34	-0.00462412	1
39	35	-0.0036296	0
39	36	0.00460436	1
39	37	-0.00122538	0
39	38	-0.00723803	1
39	39	0.0262766	0
39	40	-0.00688466	1
39	41	-0.00787515	1
39	42	-0.0144992	1
39	43	0.00154276	1
39	44	0.00692098	1
39	45	-0.0225057	1
39	46	-0.00755895	0
39	47	-0.00594452	1
39	48	-0.0194846	0
39	49	-0.012509	1
39	50	-0.011414	0
39	51	-0.0200236	1
39	52	-0.00273111	0
39	53	-0.000291032	0
39	54	0.00483522	1
39	55	-0.00538031	1
39	56	0.0284017	0
39	57	0.00743446	0
39	58	-0.00312597	1
39	59	-0.0204881	1
39	60	0.00375503	0
39	61	0.00148437	1
39	62	-0.00805465	1
39	63	0.0210391	0
39	64	0.0143009	1
39	65	-0.00704123	0
39	66	0.00700249	0
39	67	0.00737687	0
39	68	-0.027693	0
39	69	0.0195907	0
39	70	-0.0016984	1
39	71	-0.0020839	1
39	72	0.0119215	0
39	73	-0.00389353	1
39	74	0.00217501	0
39	75	0.0148327	1
39	76	0.0219579	0
39	77	-0.00579463	1
39	78	-0.00669704	0
39	79	-0.0056506	1
39	80	0.00232498	1
39	81	-0.0148001	1
39	82	0.00307126	1
39	83	-0.00559382	0
39	84	-0.000989521	1
39	85	0.0355234	0
39	86	-0.00697263	0
39	87	-0.011162	0
39	88	-0.00246295	0
39	89	-0.0057979	1
39	90	-0.00629234	0
39	91	-0.00962896	1
39	92	0.0185331	1
39	93	-0.026677	0
39	94	-0.0142497	1
39	95	-0.0156117	0
39	96	-0.016741	0
39	97	-0.00588435	0
39	98	-0.0062269	1
39	99	0.020367	1
40	0	0.0227474	1
40	1	0.0112633	1
40	2	-0.0054336	0
40	3	-0.00194096	0
40	4	-0.0131083	0
40	5	0.00773604	0
40	6	0.0162814	1
40	7	0.00518038	0
40	8	0.00537571	0
40	9	-0.00232897	0
40	10	-0.00345064	1
40	11	0.00781589	0
40	12	-0.00433051	1
40	13	-0.00370308	0
40	14	-0.0344114	0
40	15	0.00364653	1
40	16	0.0191725	1
40	17	-0.00176155	1
40	18	0.00262569	0
40	19	0.029854	0
40	20	0.0229342	0
40	21	0.000830725	1
40	22	0.00685674	1
40	23	-0.0141664	0
40	24	-0.0106641	0
40	25	-0.0330456	0
40	26	-0.00123964	1
40	27	0.00308185	0
40	28	-0.0100386	0
40	29	-0.00624081	1
40	30	-0.00244588	1
40	31	0.00694652	1
40	32	-0.00258174	1
40	33	-0.00376128	1
40	34	0.0306363	0
40	35	-0.0121891	0
40	36	0.00321501	0
40	37	-0.0171586	1
40	38	0.00610151	1
40	39	0.0006542	0
40	40	-0.00377924	1
40	41	-0.00119509	1
40	42	-0.00076235	0
40	43	0.00726637	0
40	44	0.0145338	0
40	45	-0.0243871	1
40	46	-0.00512304	1
40	47	0.0189072	0
40	48	0.0240447	0
40	49	0.0144321	1
40	50	-0.003784	1
40	51	0.000838811	0
40	52	0.00332103	1
40	53	0.0049843	1
40	54	0.00320116	1
40	55	0.00463711	1
40	56	-0.00957308	1
40	57	0.00410369	0
40	58	-0.0201199	0
40	59	-0.0280609	0
40	60	-0.0133416	1
40	61	0.0139652	0
40	62	-0.00477444	0
40	63	-0.0242263	1
40	64	-0.013322	1
40	65	0.0164488	0
40	66	0.0121398	1
40	67	-0.0179641	1
40	68	0.0039295	0
40	69	0.0161826	1
40	70	-0.0284254	0
40	71	0.0230459	0
40	72	0.00748439	1
40	73	-0.00797475	0
40	74	0.0102216	1
40	75	0.00722088	0
40	76	0.00946223	0
40	77	0.0145277	1
40	78	-0.00812201	0
40	79	-0.0296261	1
40	80	0.014658	1
40	81	0.00271689	1
40	82	-0.00483596	0
40	83	-0.010592	0
40	84	-0.00821237	1
40	85	-0.0174265	1
40	86	-0.0052966	0
40	87	-0.0074234	1
40	88	0.000109678	0
40	89	-0.00309782	1
40	90	0.00121871	0
40	91	0.0101557	0
40	92	0.00608452	0
40	93	-0.00180977	0
40	94	0.012387	0
40	95	0.0132066	1
40	96	0.00644412	1
40	97	-0.019884	0
40	98	-0.00187344	1
40	99	-0.00582219	0
41	0	-0.00676011	0
41	1	0.00809749	1
41	2	-0.0157468	1
41	3	-0.00419485	1
41	4	-0.0157987	1
41	5	0.0195796	1
41	6	0.0202774	1
41	7	0.00354974	1
41	8	0.0091167	1
41	9	0.0170437	1
41	10	-0.0177328	0
41	11	-0.00957469	1
41	12	0.0167197	0
41	13	0.0263834	0
41	14	-0.010268	0
41	15	-0.00572107	1
41	16	0.0172123	1
41	17	-0.010517	1
41	18	-0.0159223	0
41	19	0.00734296	0
41	20	0.00693549	0
41	21	0.00266573	0
41	22	0.0269774	1
41	23	-0.0125923	1
41	24	-0.0142483	1
41	25	-0.0136042	0
41	26	-0.0132715	1
41	27	-0.014794	1
41	28	0.0020845	0
41	29	-0.00640691	0
41	30	0.00618012	0
41	31	0.0175009	0
41	32	-0.00521477	1
41	33	-0.0144498	0
41	34	-0.00504605	1
41	35	0.00694072	1
41	36	0.00131815	1
41	37	0.00616844	1
41	38	0.000482462	0
41	39	0.00352321	1
41	40	0.00403957	0
41	41	-0.00815884	1
41	42	0.000177238	0
41	43	0.0189638	0
41	44	-0.00183651	0
41	45	-0.015577	1
41	46	-0.00782226	1
41	47	0.0235513	1
41	48	-0.00678633	1
41	49	-0.00716392	0
41	50	0.00741949	1
41	51	0.0143703	1
41	52	-0.0195499	1
41	53	-0.0312906	1
41	54	-0.00331634	1
41	55	-0.0026966	1
41	56	-0.0147429	1
41	57	-0.000849856	0
41	58	0.00967813	0
41	59	-0.0227408	1
41	60	0.00310064	0
41	61	-0.00457656	0
41	62	-0.00722207	1
41	63	-0.0196677	0
41	64	-0.00086025	0
41	65	-0.00653833	1
41	66	0.00197752	1
41	67	0.0148131	1
41	68	0.0157426	1
41	69	-0.0125048	1
41	70	-0.014692	0
41	71	-0.00277551	1
41	72	0.0074747	0
41	73	-0.00589217	0
41	74	0.0220019	0
41	75	-0.0138905	0
41	76	0.012176	1
41	77	0.00505964	1
41	78	0.0202195	1
41	79	0.0127187	1
41	80	0.0187912	0
41	81	0.0272395	1
41	82	-0.0150576	1
41	83	-0.00328755	1
41	84	-0.0178187	0
41	85	-0.00478165	1
41	86	0.0199742	1
41	87	-0.0170338	1
41	88	0.011771	0
41	89	-0.00335374	0
41	90	-0.0326662	1
41	91	-0.00450093	1
41	92	0.00151017	0
41	93	0.000276969	0
41	94	0.0160771	0
41	95	0.0285462	0
41	96	-0.0217247	1
41	97	0.00398967	1
41	98	0.00402676	0
41	99	0.0114538	1
42	0	0.00739745	1
42	1	-0.0241767	1
42	2	0.00497396	1
42	3	-0.00741297	0
42	4	-0.00215073	0
42	5	-0.00394947	0
42	6	0.00862196	1
42	7	0.00833357	0
42	8	-0.0249214	1
42	9	-0.00842691	1
42	10	0.00167758	0
42	11	0.0107687	0
42	12	-0.0138656	0
42	13	-0.00249761	0
42	14	-0.00823122	0
42	15	0.0155753	0
42	16	0.0257407	0
42	17	0.0321032	1
42	18	-0.00858483	0
42	19	-0.00131508	1
42	20	-0.0210211	1
42	21	-0.00925382	0
42	22	-0.0125652	0
42	23	0.0255285	1
42	24	0.0171881	0
42	25	0.00819478	1
42	26	-0.020353	0
42	27	-0.022825	1
42	28	0.00605202	1
42	29	0.012991	0
42	30	-0.0256911	1
42	31	-0.00397298	0
42	32	6.02544e-05	1
42	33	0.0194458	1
42	34	0.00476029	0
42	35	0.0320202	0
42	36	-0.00514254	0
42	37	-0.00332233	0
42	38	0.00718225	0
42	39	-9.91903e-05	0
42	40	0.0169976	1
42	41	0.000481607	1
42	42	0.0115309	1
42	43	-0.0155761	0
42	44	0.0129696	1
42	45	0.0225471	1
42	46	-0.00727378	0
42	47	-0.000504932	0
42	48	0.000329034	0
42	49	-0.0157575	1
42	50	0.0051922	0
42	51	0.0138556	0
42	52	0.0124262	0
42	53	-0.0114369	1
42	54	-0.020583	1
42	55	0.000564297	0
42	56	-0.0188835	1
42	57	0.0153952	1
42	58	-0.000271325	0
42	59	-0.00324947	1
42	60	0.00576732	1
42	61	0.00524827	1
42	62	0.0048975	1
42	63	-0.00473067	0
42	64	-0.022744	0
42	65	0.00736228	1
42	66	-0.00727983	0
42	67	-0.0289181	1
42	68	0.00527603	1
42	69	-0.0219385	0
42	70	0.00475582	0
42	71	0.00536008	0
42	72	-0.0110747	1
42	73	0.00830668	0
42	74	-0.0165212	1
42	75	-0.0215112	0
42	76	0.00972067	1
42	77	0.0024251	1
42	78	0.00294409	1
42	79	-0.014831	0
42	80	0.00800777	1
42	81	-0.00581181	0
42	82	0.000716003	0
42	83	0.00287381	1
42	84	-0.0136122	1
42	85	-0.0171217	1
42	86	0.0134277	1
42	87	0.00829749	0
42	88	0.00889318	1
42	89	0.00386366	1
42	90	-0.0161095	0
42	91	0.0083568	1
42	92	0.00678293	0
42	93	0.0062411	1
42	94	0.0155371	0
42	95	0.0178767	1
42	96	-0.0105485	1
42	97	0.00902665	0
42	98	0.00799394	1
42	99	-0.00479548	1
43	0	0.00824715	1
43	1	0.0092949	0
43	2	-0.00276185	1
43	3	-0.0133666	1
43	4	0.0251362	1
43	5	0.0114155	1
43	6	0.0112682	0
43	7	-0.0033252	1
43	8	-0.00714993	1
43	9	-0.0143193	1
43	10	0.00136186	0
43	11	0.0102971	0
43	12	0.00221272	1
43	13	-0.00591101	1
43	14	-0.004068	1
43	15	0.00485384	1
43	16	-0.00529547	1
43	17	-0.0172115	0
43	18	-0.00593608	1
43	19	-0.0129225	1
43	20	-0.00561127	1
43	21	0.0311519	0
43	22	-0.0292576	1
43	23	-0.00961307	0
43	24	0.0200039	0
43	25	-0.014968	0
43	26	0.00258334	1
43	27	-0.00928558	0
43	28	0.00715518	0
43	29	0.00870314	0
43	30	-0.0141815	0
43	31	-0.0291655	0
43	32	0.00588013	1
43	33	0.0108851	0
43	34	0.0244387	1
43	35	-0.000451953	0
43	36	0.000426002	0
43	37	0.0352646	1
43	38	0.000390334	1
43	39	0.0292228	0
43	40	0.0048625	0
43	41	0.00239254	1
43	42	0.00619186	1
43	43	0.0166182	1
43	44	-0.00791284	0
43	45	-0.000186804	0
43	46	0.000603971	1
43	47	-0.00910876	1
43	48	0.0149329	1
43	49	0.00526406	1
43	50	-0.00578372	1
43	51	-0.0132633	0
43	52	0.00381959	1
43	53	-0.0247684	1
43	54	-0.00455717	1
43	55	0.00983865	1
43	56	-0.0118248	1
43	57	0.0281778	1
43	58	0.00279868	0
43	59	-0.0136423	1
43	60	-0.0145006	1
43	61	-0.0316687	0
43	62	-0.0160995	1
43	63	0.00502896	1
43	64	-0.00244892	0
43	65	-0.00835363	1
43	66	-0.000414883	1
43	67	0.0040235	0
43	68	-0.0193822	0
43	69	-0.0144625	1
43	70	-0.00716771	1
43	71	-0.0220437	0
43	72	0.00299073	1
43	73	-0.00359829	1
43	74	0.00433568	0
43	75	0.00196537	1
43	76	-0.0161311	1
43	77	0.0221926	0
43	78	-0.00117705	1
43	79	-0.0137511	0
43	80	-0.0152798	0
43	81	-0.00694865	0
43	82	-0.0150067	0
43	83	-0.00241153	1
43	84	0.0112684	1
43	85	0.0170369	1
43	86	0.0234421	0
43	87	0.00361985	1
43	88	0.00275351	0
43	89	0.0149189	0
43	90	0.0236333	1
43	91	-0.00454424	0
43	92	0.000650149	1
43	93	0.00312744	0
43	94	0.0252008	0
43	95	0.0221072	0
43	96	-0.011585	1
43	97	-0.018614	0
43	98	-0.0138443	0
43	99	0.0112955	1
44	0	0.0143417	1
44	1	-0.0115644	0
44	2	0.0052274	0
44	3	-0.000976392	0
44	4	-0.00830083	0
44	5	0.0294915	0
44	6	-0.010109	1
44	7	-0.0166152	0
44	8	-0.00508388	1
44	9	0.00517749	0
44	10	-0.0195548	0
44	11	0.00552022	0
44	12	0.00418497	1
44	13	-0.00779317	0
44	14	0.0153301	0
44	15	-0.0199621	1
44	16	0.0143531	0
44	17	0.0155432	1
44	18	0.012445	1
44	19	0.00886973	0
44	20	0.0154928	1
44	21	0.00408145	0
44	22	0.0242243	0
44	23	-0.00290803	0
44	24	-0.00552096	1
44	25	-0.00264901	1
44	26	8.77996e-05	1
44	27	-0.00240413	1
44	28	-0.0134052	0
44	29	0.00976659	0
44	30	-0.0258075	1
44	31	-0.0142372	1
44	32	0.0213684	1
44	33	0.0219318	0
44	34	0.00616561	0
44	35	0.0071543	1
44	36	0.00258209	0
44	37	0.0123221	1
44	38	0.02106	0
44	39	0.012764	0
44	40	0.00719936	1
44	41	-0.0135284	0
44	42	-0.00432483	1
44	43	0.0189959	0
44	44	0.00928138	1
44	45	-0.0221454	0
44	46	0.0250554	0
44	47	0.00453183	0
44	48	-0.0100036	1
44	49	-0.0162212	0
44	50	0.0118186	0
44	51	0.00470397	0
44	52	0.0132191	0
44	53	0.0023208	1
44	54	0.0292475	1
44	55	0.00594697	0
44	56	-0.00666054	1
44	57	-0.00617044	1
44	58	-0.0040737	0
44	59	0.00272164	0
44	60	-0.00449173	0
44	61	-0.0133768	1
44	62	-0.0240085	0
44	63	-0.0319442	1
44	64	0.00309258	1
44	65	0.00667354	0
44	66	0.00557164	1
44	67	0.0312519	1
44	68	0.00154838	1
44	69	-0.0170798	1
44	70	-0.025403	0
44	71	0.0192786	0
44	72	0.00788027	0
44	73	-0.0110295	1
44	74	0.0116987	0
44	75	0.00479404	1
44	76	-0.0156091	0
44	77	-0.0167388	1
44	78	-0.0277304	1
44	79	-0.0310139	1
44	80	-0.0151375	0
44	81	0.0287893	0
44	82	-0.0220808	1
44	83	0.0165919	0
44	84	0.00410113	0
44	85	-0.00925984	0
44	86	0.00389455	1
44	87	-0.0159577	0
44	88	-0.0175795	0
44	89	-0.00580186	1
44	90	-0.00257206	0
44	91	-0.0161181	0
44	92	0.0170604	1
44	93	-0.00300153	0
44	94	-0.0114236	1
44	95	0.00190081	0
44	96	0.00736265	0
44	97	0.0172542	1
44	98	-0.0185816	0
44	99	-0.00731293	0
45	0	0.00149252	0
45	1	0.0146907	1
45	2	0.00920829	0
45	3	-0.00219836	1
45	4	-0.0112582	0
45	5	0.000698356	1
45	6	-0.00987738	1
45	7	-0.00699228	0
45	8	0.0167814	0
45	9	0.00224617	1
45	10	0.0108241	0
45	11	-0.0118605	1
45	12	-0.00640301	1
45	13	0.00560798	0
45	14	-0.00645909	0
45	15	-0.010418	0
45	16	0.0091011	1
45	17	0.0191182	1
45	18	-0.0073115	1
45	19	-0.0150447	0
45	20	0.00666656	0
45	21	0.00604376	0
45	22	0.0198487	1
45	23	0.0326336	1
45	24	-0.0314124	1
45	25	0.0253602	0
45	26	-0.0211554	1
45	27	0.00527309	1
45	28	-0.0125012	0
45	29	-0.00356349	1
45	30	0.0031596	1
45	31	0.00418207	1
45	32	-0.00473136	1
45	33	0.00678763	0
45	34	-0.000765019	1
45	35	-0.0031731	1
45	36	-0.0108853	1
45	37	-0.0193092	1
45	38	0.0201802	0
45	39	0.00410433	0
45	40	-0.00598719	1
45	41	-0.0138206	1
45	42	-0.00814216	1
45	43	0.00863011	0
45	44	-0.0216081	0
45	45	-0.0063894	0
45	46	-0.0208107	1
45	47	-0.0117095	0
45	48	0.000828913	0
45	49	0.00171411	1
45	50	0.0133629	0
45	51	0.00763284	0
45	52	0.0129891	0
45	53	-0.0110331	1
45	54	0.00767883	1
45	55	-0.00717076	0
45	56	-0.00287161	1
45	57	-0.0086112	0
45	58	0.0237791	1
45	59	-0.00371417	0
45	60	-0.00775933	0
45	61	-0.0121261	0
45	62	0.000503231	0
45	63	0.0161363	0
45	64	-0.0195597	1
45	65	0.00729676	0
45	66	0.01535	0
45	67	0.00678513	1
45	68	-0.00403122	1
45	69	-0.0123774	1
45	70	-0.0106615	0
45	71	-0.021604	1
45	72	0.00578205	1
45	73	0.0106207	0
45	74	-0.00903786	1
45	75	0.0184019	1
45	76	-0.00136176	1
45	77	0.00614643	0
45	78	-0.00302714	1
45	79	-0.00943742	0
45	80	0.0110417	0
45	81	0.00811633	0
45	82	-0.00392808	1
45	83	-0.0239309	0
45	84	0.0103158	0
45	85	0.00492818	1
45	86	-0.0221135	0
45	87	-0.00580618	1
45	88	-0.01171	0
45	89	0.00669662	1
45	90	0.0141845	0
45	91	0.0183478	0
45	92	0.0106852	0
45	93	0.00833057	0
45	94	-0.000930834	0
45	95	0.00377976	1
45	96	-0.0213423	1
45	97	0.0167733	0
45	98	0.017164	1
45	99	-7.75673e-05	0
46	0	0.0112233	0
46	1	0.00669689	0
46	2	0.0143195	0
46	3	0.00462374	0
46	4	-0.0151871	1
46	5	0.00921167	0
46	6	-0.0126129	1
46	7	0.0154771	1
46	8	-0.00644765	0
46	9	0.00869815	0
46	10	-0.0158858	0
46	11	-0.00787022	1
46	12	0.00381257	1
46	13	0.00846795	1
46	14	-0.00891213	0
46	15	0.0194287	1
46	16	-0.0137802	1
46	17	-0.0081752	1
46	18	0.00127135	1
46	19	-0.0102582	1
46	20	-0.0171113	0
46	21	-0.0108429	1
46	22	-0.00188931	0
46	23	0.0175863	1
46	24	-0.0103584	1
46	25	-0.019675	1
46	26	-0.0128823	1
46	27	0.0104856	0
46	28	0.0240359	0
46	29	-0.0321757	0
46	30	0.0050935	0
46	31	-0.0140053	1
46	32	-0.0120779	1
46	33	-0.00518506	0
46	34	0.0172285	1
46	35	0.0197749	0
46	36	-0.00889967	0
46	37	-0.00389946	1
46	38	0.00145119	1
46	39	0.00369926	0
46	40	-0.00553808	0
46	41	0.0161801	1
46	42	-0.00375186	0
46	43	-0.0110273	0
46	44	0.0206869	0
46	45	0.00118227	1
46	46	0.0105304	1
46	47	0.00140367	0
46	48	-0.0124079	1
46	49	-0.0326692	1
46	50	-0.0277753	0
46	51	0.013324	1
46	52	-0.00710669	0
46	53	0.0207143	1
46	54	0.0123805	0
46	55	-0.00256274	1
46	56	-0.0273177	1
46	57	-0.00873198	1
46	58	-0.0144056	0
46	59	0.0215608	0
46	60	0.00540171	0
46	61	0.0366218	1
46	62	-0.0209505	0
46	63	0.00477169	1
46	64	-0.0144188	0
46	65	-0.0144322	0
46	66	-0.00225091	0
46	67	0.0183959	1
46	68	0.00476159	0
46	69	-0.00286325	1
46	70	-0.0116699	0
46	71	-0.0102194	0
46	72	0.00453858	1
46	73	0.019392	1
46	74	0.00580043	0
46	75	0.00575801	0
46	76	-0.00920455	0
46	77	-0.0195767	0
46	78	0.00878903	0
46	79	0.0244513	1
46	80	-0.0172522	0
46	81	0.0137008	1
46	82	0.0256084	0
46	83	-0.00332363	1
46	84	0.0202417	1
46	85	0.00327995	1
46	86	-0.00797556	0
46	87	0.00950307	0
46	88	0.00776158	1
46	89	0.00625793	1
46	90	0.0101407	1
46	91	-0.0193281	1
46	92	0.00682343	1
46	93	-0.00764577	0
46	94	-0.002331	0
46	95	-0.00248317	0
46	96	-0.00193378	1
46	97	0.000856573	1
46	98	-0.0212901	1
46	99	0.0271703	0
47	0	-0.0233476	0
47	1	-0.0115299	1
47	2	-0.00430975	0
47	3	-0.0141918	1
47	4	-0.0290346	1
47	5	-0.0210073	1
47	6	-0.00931655	1
47	7	-0.00917553	0
47	8	0.0101914	0
47	9	-0.0215983	0
47	10	0.0405914	0
47	11	-0.0124945	1
47	12	-0.0181158	0
47	13	-0.00105533	1
47	14	0.0166793	1
47	15	-0.0203962	1
47	16	0.00409404	0
47	17	0.0285737	1
47	18	-0.0299064	0
47	19	-0.0425854	0
47	20	0.00219208	0
47	21	0.0204041	0
47	22	0.00502278	1
47	23	-0.00876842	0
47	24	-0.00656985	0
47	25	0.000360302	0
47	26	-0.027324	0
47	27	0.0163494	1
47	28	0.0127154	1
47	29	0.0105606	0
47	30	-0.00341202	0
47	31	0.00613497	1
47	32	0.00877915	0
47	33	0.0341933	1
47	34	0.00744379	0
47	35	0.0200557	1
47	36	0.000794279	0
47	37	-0.0121217	0
47	38	0.020073	1
47	39	-0.0167865	1
47	40	0.0107417	1
47	41	0.000739377	1
47	42	-0.00743336	1
47	43	0.00123771	1
47	44	-0.00304054	0
47	45	0.00531841	1
47	46	-0.00653793	0
47	47	-0.00948719	1
47	48	0.0105365	1
47	49	-0.00229398	1
47	50	-0.00539207	0
47	51	0.0171298	0
47	52	0.027225	0
47	53	-0.0219251	1
47	54	-0.0110325	0
47	55	-0.0102681	1
47	56	0.00656775	0
47	57	-0.0181521	0
47	58	-0.0117457	1
47	59	0.0125762	0
47	60	-0.0100516	1
47	61	0.00858695	1
47	62	-0.00968076	0
47	63	0.02179	0
47	64	-0.0115674	0
47	65	0.0147057	1
47	66	0.0027843	0
47	67	-0.014257	1
47	68	0.0169961	1
47	69	-0.016635	0
47	70	0.00726884	0
47	71	0.0034699	1
47	72	-0.0157679	0
47	73	-0.00335846	1
47	74	0.00539091	0
47	75	-0.0177699	0
47	76	-0.000956468	1
47	77	-0.00947419	1
47	78	-0.000393405	1
47	79	0.00561289	0
47	80	-0.00978869	0
47	81	0.030385	1
47	82	0.0193156	1
47	83	-0.00187323	0
47	84	0.0280362	1
47	85	0.0224642	1
47	86	-0.0114118	1
47	87	-0.00402541	1
47	88	-0.00544148	0
47	89	-0.00562569	0
47	90	0.0169736	0
47	91	0.0157118	1
47	92	-0.0169554	0
47	93	0.00515742	0
47	94	-0.00255481	0
47	95	0.00687321	0
47	96	0.0163922	1
47	97	0.00303029	1
47	98	0.014586	1
47	99	-0.00486768	0
48	0	0.00585011	0
48	1	-0.00105911	1
48	2	0.0018543	0
48	3	-0.0270921	0
48	4	-0.0173099	1
48	5	-0.0100016	1
48	6	-0.00364941	1
48	7	0.00556139	1
48	8	0.00676194	0
48	9	-0.00476058	1
48	10	0.0158539	0
48	11	0.0145184	0
48	12	0.00763394	1
48	13	-0.00699266	1
48	14	-0.0121265	1
48	15	0.0047987	0
48	16	-0.00451537	0
48	17	0.0129051	0
48	18	-0.0144513	0
48	19	0.00138718	0
48	20	-0.00210542	0
48	21	0.0170307	1
48	22	-0.00248292	0
48	23	-0.00580102	0
48	24	0.0105981	0
48	25	-0.000629181	0
48	26	0.00779405	1
48	27	-0.0320763	0
48	28	0.00777176	1
48	29	-0.00767214	1
48	30	0.00379835	1
48	31	-0.0132828	0
48	32	-0.00303505	0
48	33	-0.0241135	0
48	34	-0.0238738	1
48	35	-0.000714686	1
48	36	0.0104424	0
48	37	-0.00624431	1
48	38	0.0151169	1
48	39	-0.00303645	1
48	40	-0.00573663	1
48	41	0.00693034	1
48	42	0.00431325	1
48	43	-0.0153303	0
48	44	0.0137879	0
48	45	0.00320972	0
48	46	0.0240017	0
48	47	0.0238489	0
48	48	0.00230988	1
48	49	0.0299145	0
48	50	-0.000176708	1
48	51	0.00730088	1
48	52	-0.00722392	0
48	53	-0.0136708	1
48	54	0.0103843	0
48	55	0.022789	0
48	56	0.0233274	1
48	57	0.00525254	1
48	58	-0.0126114	0
48	59	-0.00191709	1
48	60	0.0020072	0
48	61	-0.0125702	1
48	62	0.0110216	1
48	63	0.0170189	0
48	64	0.000893768	0
48	65	-0.0296422	1
48	66	0.00407571	1
48	67	0.00442319	1
48	68	0.00923355	1
48	69	-0.0107247	0
48	70	0.0225441	0
48	71	0.00327355	0
48	72	0.00137701	0
48	73	-0.00970909	0
48	74	-0.00923748	1
48	75	-0.00525435	1
48	76	0.016205	0
48	77	-0.000266212	0
48	78	-0.0417076	0
48	79	0.025464	0
48	80	0.0196269	0
48	81	0.0116337	1
48	82	-0.0288582	0
48	83	-0.0177724	1
48	84	0.00508964	0
48	85	0.00137432	0
48	86	0.012546	1
48	87	0.00520476	1
48	88	-0.0160244	1
48	89	-0.0140094	1
48	90	0.0107082	0
48	91	-0.00966851	0
48	92	0.0139208	0
48	93	0.0257406	0
48	94	0.0015725	0
48	95	-0.00882168	1
48	96	-0.0100171	1
48	97	-0.0239558	1
48	98	-0.0142961	1
48	99	-0.00577393	0
49	0	-0.00985049	0
49	1	0.00160422	1
49	2	-0.0140982	1
49	3	-0.011191	0
49	4	-0.0113388	1
49	5	-0.0189646	0
49	6	-0.0111831	1
49	7	0.00486436	1
49	8	-0.0104273	1
49	9	-0.00224028	1
49	10	-0.0130388	1
49	11	-0.00175424	0
49	12	0.0114933	0
49	13	-0.00155871	0
49	14	0.0151635	0
49	15	0.017895	1
49	16	0.0197402	0
49	17	-0.00459576	0
49	18	-0.014891	1
49	19	-0.00671434	0
49	20	0.0212335	0
49	21	0.0168962	0
49	22	0.000436911	0
49	23	-0.00936097	0
49	24	-0.00378431	0
49	25	-0.00798208	0
49	26	-0.0105839	0
49	27	0.00847778	1
49	28	-0.00855434	0
49	29	0.0033122	0
49	30	0.01817	1
49	31	0.0102452	0
49	32	0.0022599	1
49	33	0.0030497	1
49	34	0.0275638	1
49	35	-0.00899565	1
49	36	-0.00421028	1
49	37	-0.0182625	1
49	38	0.0377587	1
49	39	-0.024008	0
49	40	-0.0299476	0
49	41	0.00355658	1
49	42	0.0116394	0
49	43	-0.0020629	0
49	44	0.00844605	0
49	45	0.00613531	1
49	46	0.0271786	1
49	47	0.0036389	0
49	48	-0.0038104	0
49	49	-0.0167121	0
49	50	0.0136506	0
49	51	-0.00845208	1
49	52	0.0219657	0
49	53	0.0133613	1
49	54	0.00867866	0
49	55	0.0010611	1
49	56	-0.0310646	1
49	57	0.00991586	0
49	58	0.006442	0
49	59	0.00780568	1
49	60	-0.0260151	1
49	61	-0.0131111	0
49	62	-0.00365194	0
49	63	-0.00631367	1
49	64	0.0074749	0
49	65	-0.00245412	1
49	66	0.0168709	0
49	67	-0.016639	0
49	68	-0.0172081	0
49	69	0.0272281	1
49	70	0.000344835	1
49	71	-0.0144855	1
49	72	-0.0189837	0
49	73	0.00642044	0
49	74	0.00312721	1
49	75	-0.00124279	0
49	76	0.0183101	0
49	77	-0.0118317	0
49	78	-0.00924027	0
49	79	-0.00403974	0
49	80	0.0247184	1
49	81	-0.0190829	0
49	82	0.00123212	1
49	83	0.0290997	0
49	84	-0.014545	1
49	85	0.00177488	0
49	86	0.0139717	0
49	87	-0.0256803	1
49	88	0.0277035	1
49	89	-0.00102996	1
49	90	-0.0187244	1
49	91	-0.00531195	0
49	92	0.0117932	0
49	93	0.00239371	1
49	94	0.00113617	1
49	95	-0.00254051	1
49	96	-0.00588947	0
49	97	0.00841919	1
49	98	-0.017117	0
49	99	0.00911746	1
