0	0	0.02	1
0	1	2	0
0	2	0	1
0	3	1	1
0	4	0.02	1
0	5	5	1
0	6	0	1
0	7	1	1
0	8	0.02	0
0	9	8	1
0	10	0	1
0	11	1	1
0	12	0.02	1
0	13	11	1
0	14	0	1
0	15	0	0
0	16	0.02	0
0	17	14	0
0	18	0	0
0	19	0	1
0	20	0.02	0
0	21	17	1
0	22	0	1
0	23	0	0
0	24	0.02	0
0	25	20	0
0	26	0	1
0	27	0	0
0	28	0.02	0
0	29	23	0
0	30	0	1
0	31	1	1
0	32	0.02	0
0	33	26	1
0	34	0	0
0	35	0	1
0	36	0.02	0
0	37	29	1
0	38	0	1
0	39	0	0
0	40	0.02	0
0	41	32	0
0	42	0	0
0	43	1	1
0	44	0.02	0
0	45	35	1
0	46	0	0
0	47	1	0
0	48	0.02	0
0	49	38	1
1	0	0	0
1	1	1	1
1	2	0.02	1
1	3	41	0
1	4	0	1
1	5	0	0
1	6	0.02	0
1	7	44	1
1	8	0	1
1	9	0	0
1	10	0.02	1
1	11	47	1
1	12	0	0
1	13	1	1
1	14	0.02	0
1	15	0	1
1	16	1	0
1	17	0	1
1	18	0.02	1
1	19	3	1
1	20	1	0
1	21	1	1
1	22	0.02	1
1	23	6	0
1	24	1	0
1	25	0	1
1	26	0.02	0
1	27	9	1
1	28	1	0
1	29	1	0
1	30	0.02	1
1	31	12	0
1	32	1	0
1	33	0	1
1	34	0.02	1
1	35	15	0
1	36	1	1
1	37	1	0
1	38	0.02	0
1	39	18	0
1	40	1	0
1	41	0	0
1	42	0.02	1
1	43	21	0
1	44	1	1
1	45	0	1
1	46	0.02	1
1	47	24	1
1	48	1	1
1	49	0	1
2	0	0.02	0
2	1	27	1
2	2	1	1
2	3	0	0
2	4	0.02	1
2	5	30	1
2	6	1	1
2	7	1	1
2	8	0.02	0
2	9	33	0
2	10	1	1
2	11	0	0
2	12	0.02	1
2	13	36	0
2	14	1	0
2	15	0	1
2	16	0.02	1
2	17	39	0
2	18	1	1
2	19	1	0
2	20	0.02	1
2	21	42	0
2	22	1	1
2	23	1	0
2	24	0.02	0
2	25	45	0
2	26	1	1
2	27	0	0
2	28	0.02	1
2	29	48	0
2	30	1	0
2	31	0	0
2	32	0.02	0
2	33	1	1
2	34	2	1
2	35	0	0
2	36	0.02	1
2	37	4	0
2	38	2	0
2	39	0	1
2	40	0.02	0
2	41	7	1
2	42	2	1
2	43	1	0
2	44	0.02	1
2	45	10	1
2	46	2	0
2	47	0	0
2	48	0.02	0
2	49	13	1
3	0	2	0
3	1	1	0
3	2	0.02	0
3	3	16	0
3	4	2	0
3	5	0	0
3	6	0.02	1
3	7	19	1
3	8	2	1
3	9	1	0
3	10	0.02	0
3	11	22	0
3	12	2	1
3	13	1	1
3	14	0.02	0
3	15	25	1
3	16	2	0
3	17	1	0
3	18	0.02	0
3	19	28	1
3	20	2	0
3	21	1	0
3	22	0.02	1
3	23	31	1
3	24	2	0
3	25	1	0
3	26	0.02	0
3	27	34	0
3	28	2	1
3	29	1	1
3	30	0.02	0
3	31	37	0
3	32	2	1
3	33	1	0
3	34	0.02	1
3	35	40	1
3	36	2	0
3	37	0	1
3	38	0.02	1
3	39	43	1
3	40	2	1
3	41	1	1
3	42	0.02	1
3	43	46	0
3	44	2	1
3	45	1	1
3	46	0.02	0
3	47	49	0
3	48	2	1
3	49	1	1
4	0	0.02	1
4	1	2	1
4	2	3	1
4	3	1	1
4	4	0.02	0
4	5	5	1
4	6	3	0
4	7	0	1
4	8	0.02	1
4	9	8	0
4	10	3	0
4	11	1	0
4	12	0.02	1
4	13	11	0
4	14	3	0
4	15	1	1
4	16	0.02	0
4	17	14	0
4	18	3	1
4	19	1	1
4	20	0.02	0
4	21	17	0
4	22	3	1
4	23	1	0
4	24	0.02	0
4	25	20	0
4	26	3	1
4	27	0	0
4	28	0.02	0
4	29	23	0
4	30	3	1
4	31	1	0
4	32	0.02	1
4	33	26	0
4	34	3	0
4	35	0	0
4	36	0.02	1
4	37	29	0
4	38	3	1
4	39	0	0
4	40	0.02	0
4	41	32	0
4	42	3	1
4	43	1	1
4	44	0.02	0
4	45	35	0
4	46	3	0
4	47	0	1
4	48	0.02	1
4	49	38	1
5	0	3	1
5	1	0	1
5	2	0.02	1
5	3	41	0
5	4	3	0
5	5	0	1
5	6	0.02	0
5	7	44	1
5	8	3	0
5	9	0	0
5	10	0.02	1
5	11	47	0
5	12	3	0
5	13	0	1
5	14	0.02	1
5	15	0	1
5	16	4	1
5	17	0	0
5	18	0.02	1
5	19	3	1
5	20	4	1
5	21	0	1
5	22	0.02	1
5	23	6	0
5	24	4	0
5	25	1	0
5	26	0.02	1
5	27	9	1
5	28	4	1
5	29	0	0
5	30	0.02	0
5	31	12	1
5	32	4	0
5	33	1	1
5	34	0.02	1
5	35	15	1
5	36	4	1
5	37	0	1
5	38	0.02	0
5	39	18	0
5	40	4	1
5	41	1	1
5	42	0.02	1
5	43	21	1
5	44	4	1
5	45	1	0
5	46	0.02	1
5	47	24	1
5	48	4	0
5	49	1	1
6	0	0.02	1
6	1	27	1
6	2	4	1
6	3	1	1
6	4	0.02	0
6	5	30	0
6	6	4	0
6	7	0	1
6	8	0.02	0
6	9	33	1
6	10	4	1
6	11	0	1
6	12	0.02	1
6	13	36	0
6	14	4	1
6	15	0	1
6	16	0.02	0
6	17	39	0
6	18	4	1
6	19	0	0
6	20	0.02	1
6	21	42	0
6	22	4	1
6	23	1	1
6	24	0.02	1
6	25	45	0
6	26	4	0
6	27	1	0
6	28	0.02	0
6	29	48	0
6	30	4	1
6	31	0	1
6	32	0.02	0
6	33	1	0
6	34	5	1
6	35	1	1
6	36	0.02	0
6	37	4	0
6	38	5	0
6	39	1	0
6	40	0.02	1
6	41	7	1
6	42	5	0
6	43	1	1
6	44	0.02	0
6	45	10	1
6	46	5	0
6	47	1	0
6	48	0.02	0
6	49	13	0
7	0	5	1
7	1	1	0
7	2	0.02	1
7	3	16	0
7	4	5	1
7	5	0	0
7	6	0.02	1
7	7	19	0
7	8	5	0
7	9	0	0
7	10	0.02	0
7	11	22	0
7	12	5	1
7	13	0	1
7	14	0.02	1
7	15	25	0
7	16	5	1
7	17	1	1
7	18	0.02	0
7	19	28	1
7	20	5	0
7	21	0	1
7	22	0.02	0
7	23	31	1
7	24	5	1
7	25	1	0
7	26	0.02	0
7	27	34	1
7	28	5	0
7	29	0	0
7	30	0.02	0
7	31	37	0
7	32	5	1
7	33	0	1
7	34	0.02	0
7	35	40	1
7	36	5	0
7	37	1	1
7	38	0.02	1
7	39	43	0
7	40	5	1
7	41	1	1
7	42	0.02	0
7	43	46	0
7	44	5	1
7	45	0	1
7	46	0.02	1
7	47	49	1
7	48	5	0
7	49	0	0
8	0	0.02	0
8	1	2	1
8	2	6	0
8	3	0	0
8	4	0.02	0
8	5	5	1
8	6	6	0
8	7	1	1
8	8	0.02	0
8	9	8	0
8	10	6	0
8	11	1	0
8	12	0.02	1
8	13	11	0
8	14	6	1
8	15	0	0
8	16	0.02	0
8	17	14	1
8	18	6	0
8	19	1	0
8	20	0.02	1
8	21	17	0
8	22	6	1
8	23	1	1
8	24	0.02	0
8	25	20	1
8	26	6	0
8	27	1	1
8	28	0.02	1
8	29	23	1
8	30	6	0
8	31	0	1
8	32	0.02	0
8	33	26	0
8	34	6	1
8	35	1	1
8	36	0.02	1
8	37	29	0
8	38	6	1
8	39	0	1
8	40	0.02	0
8	41	32	1
8	42	6	1
8	43	0	1
8	44	0.02	1
8	45	35	1
8	46	6	0
8	47	1	0
8	48	0.02	0
8	49	38	0
9	0	6	1
9	1	1	1
9	2	0.02	1
9	3	41	0
9	4	6	1
9	5	0	0
9	6	0.02	1
9	7	44	0
9	8	6	1
9	9	0	1
9	10	0.02	0
9	11	47	0
9	12	6	0
9	13	0	1
9	14	0.02	0
9	15	0	1
9	16	7	1
9	17	1	1
9	18	0.02	1
9	19	3	1
9	20	7	0
9	21	1	1
9	22	0.02	0
9	23	6	0
9	24	7	0
9	25	1	0
9	26	0.02	0
9	27	9	1
9	28	7	1
9	29	1	0
9	30	0.02	1
9	31	12	0
9	32	7	0
9	33	1	1
9	34	0.02	0
9	35	15	0
9	36	7	0
9	37	0	1
9	38	0.02	1
9	39	18	0
9	40	7	0
9	41	0	0
9	42	0.02	1
9	43	21	1
9	44	7	0
9	45	1	1
9	46	0.02	1
9	47	24	0
9	48	7	0
9	49	0	1
10	0	0.02	0
10	1	27	1
10	2	7	0
10	3	0	1
10	4	0.02	1
10	5	30	1
10	6	7	1
10	7	0	0
10	8	0.02	0
10	9	33	0
10	10	7	0
10	11	1	1
10	12	0.02	0
10	13	36	0
10	14	7	1
10	15	1	1
10	16	0.02	1
10	17	39	1
10	18	7	0
10	19	1	1
10	20	0.02	1
10	21	42	1
10	22	7	0
10	23	1	0
10	24	0.02	0
10	25	45	0
10	26	7	1
10	27	0	1
10	28	0.02	0
10	29	48	0
10	30	7	1
10	31	0	0
10	32	0.02	0
10	33	1	1
10	34	8	1
10	35	1	0
10	36	0.02	0
10	37	4	1
10	38	8	1
10	39	1	0
10	40	0.02	1
10	41	7	0
10	42	8	0
10	43	0	0
10	44	0.02	0
10	45	10	1
10	46	8	0
10	47	0	0
10	48	0.02	0
10	49	13	0
11	0	8	1
11	1	0	0
11	2	0.02	0
11	3	16	0
11	4	8	0
11	5	0	0
11	6	0.02	0
11	7	19	1
11	8	8	0
11	9	1	1
11	10	0.02	0
11	11	22	1
11	12	8	0
11	13	0	0
11	14	0.02	1
11	15	25	1
11	16	8	0
11	17	0	0
11	18	0.02	0
11	19	28	0
11	20	8	1
11	21	0	1
11	22	0.02	0
11	23	31	1
11	24	8	0
11	25	0	1
11	26	0.02	1
11	27	34	0
11	28	8	0
11	29	0	1
11	30	0.02	1
11	31	37	0
11	32	8	1
11	33	0	1
11	34	0.02	1
11	35	40	1
11	36	8	0
11	37	1	1
11	38	0.02	1
11	39	43	1
11	40	8	1
11	41	0	1
11	42	0.02	0
11	43	46	1
11	44	8	1
11	45	0	0
11	46	0.02	0
11	47	49	1
11	48	8	0
11	49	0	0
12	0	0.02	1
12	1	2	1
12	2	9	1
12	3	0	1
12	4	0.02	1
12	5	5	1
12	6	9	0
12	7	0	0
12	8	0.02	0
12	9	8	1
12	10	9	1
12	11	0	1
12	12	0.02	0
12	13	11	0
12	14	9	1
12	15	0	0
12	16	0.02	0
12	17	14	1
12	18	9	1
12	19	0	1
12	20	0.02	0
12	21	17	0
12	22	9	1
12	23	1	1
12	24	0.02	1
12	25	20	1
12	26	9	0
12	27	1	0
12	28	0.02	1
12	29	23	0
12	30	9	0
12	31	0	0
12	32	0.02	1
12	33	26	0
12	34	9	0
12	35	0	1
12	36	0.02	1
12	37	29	0
12	38	9	1
12	39	0	1
12	40	0.02	0
12	41	32	0
12	42	9	1
12	43	0	0
12	44	0.02	0
12	45	35	0
12	46	9	0
12	47	1	0
12	48	0.02	0
12	49	38	1
13	0	9	1
13	1	0	0
13	2	0.02	0
13	3	41	1
13	4	9	0
13	5	1	1
13	6	0.02	1
13	7	44	1
13	8	9	0
13	9	0	1
13	10	0.02	0
13	11	47	1
13	12	9	1
13	13	0	0
13	14	0.02	1
13	15	0	1
13	16	10	1
13	17	0	1
13	18	0.02	1
13	19	3	0
13	20	10	1
13	21	1	0
13	22	0.02	1
13	23	6	1
13	24	10	1
13	25	0	1
13	26	0.02	0
13	27	9	0
13	28	10	1
13	29	0	0
13	30	0.02	0
13	31	12	1
13	32	10	1
13	33	0	0
13	34	0.02	1
13	35	15	1
13	36	10	0
13	37	0	0
13	38	0.02	0
13	39	18	1
13	40	10	1
13	41	0	0
13	42	0.02	0
13	43	21	0
13	44	10	1
13	45	0	1
13	46	0.02	0
13	47	24	1
13	48	10	0
13	49	0	0
14	0	0.02	0
14	1	27	0
14	2	10	1
14	3	1	0
14	4	0.02	0
14	5	30	1
14	6	10	0
14	7	1	1
14	8	0.02	0
14	9	33	1
14	10	10	1
14	11	1	0
14	12	0.02	1
14	13	36	1
14	14	10	0
14	15	1	1
14	16	0.02	1
14	17	39	1
14	18	10	0
14	19	1	0
14	20	0.02	1
14	21	42	1
14	22	10	0
14	23	1	1
14	24	0.02	1
14	25	45	1
14	26	10	1
14	27	0	0
14	28	0.02	1
14	29	48	1
14	30	10	1
14	31	1	0
14	32	0.02	0
14	33	1	0
14	34	11	1
14	35	0	0
14	36	0.02	0
14	37	4	1
14	38	11	0
14	39	0	0
14	40	0.02	1
14	41	7	0
14	42	11	0
14	43	1	1
14	44	0.02	1
14	45	10	1
14	46	11	1
14	47	0	1
14	48	0.02	1
14	49	13	0
15	0	11	0
15	1	1	1
15	2	0.02	0
15	3	16	1
15	4	11	1
15	5	1	0
15	6	0.02	1
15	7	19	0
15	8	11	1
15	9	0	0
15	10	0.02	1
15	11	22	0
15	12	11	0
15	13	1	1
15	14	0.02	1
15	15	25	1
15	16	11	1
15	17	0	0
15	18	0.02	0
15	19	28	1
15	20	11	1
15	21	0	1
15	22	0.02	1
15	23	31	1
15	24	11	0
15	25	0	1
15	26	0.02	1
15	27	34	0
15	28	11	1
15	29	0	1
15	30	0.02	0
15	31	37	1
15	32	11	0
15	33	0	0
15	34	0.02	0
15	35	40	1
15	36	11	1
15	37	1	0
15	38	0.02	0
15	39	43	1
15	40	11	0
15	41	1	1
15	42	0.02	0
15	43	46	0
15	44	11	0
15	45	1	0
15	46	0.02	1
15	47	49	1
15	48	11	1
15	49	0	0
16	0	0.02	0
16	1	2	1
16	2	12	0
16	3	1	0
16	4	0.02	1
16	5	5	0
16	6	12	0
16	7	1	1
16	8	0.02	0
16	9	8	0
16	10	12	1
16	11	0	1
16	12	0.02	0
16	13	11	0
16	14	12	0
16	15	0	1
16	16	0.02	0
16	17	14	0
16	18	12	0
16	19	1	1
16	20	0.02	0
16	21	17	0
16	22	12	0
16	23	0	1
16	24	0.02	0
16	25	20	1
16	26	12	1
16	27	0	1
16	28	0.02	1
16	29	23	1
16	30	12	0
16	31	1	0
16	32	0.02	0
16	33	26	1
16	34	12	1
16	35	0	1
16	36	0.02	1
16	37	29	1
16	38	12	1
16	39	1	0
16	40	0.02	1
16	41	32	0
16	42	12	1
16	43	1	1
16	44	0.02	1
16	45	35	1
16	46	12	0
16	47	0	1
16	48	0.02	1
16	49	38	0
17	0	12	1
17	1	0	0
17	2	0.02	1
17	3	41	1
17	4	12	0
17	5	0	1
17	6	0.02	1
17	7	44	1
17	8	12	0
17	9	1	1
17	10	0.02	1
17	11	47	0
17	12	12	0
17	13	1	1
17	14	0.02	0
17	15	0	0
17	16	13	0
17	17	1	0
17	18	0.02	1
17	19	3	1
17	20	13	0
17	21	0	0
17	22	0.02	1
17	23	6	0
17	24	13	0
17	25	0	0
17	26	0.02	0
17	27	9	0
17	28	13	1
17	29	0	0
17	30	0.02	0
17	31	12	0
17	32	13	0
17	33	1	0
17	34	0.02	0
17	35	15	0
17	36	13	1
17	37	1	0
17	38	0.02	0
17	39	18	1
17	40	13	1
17	41	1	0
17	42	0.02	1
17	43	21	1
17	44	13	0
17	45	1	0
17	46	0.02	1
17	47	24	0
17	48	13	0
17	49	0	1
18	0	0.02	1
18	1	27	0
18	2	13	0
18	3	0	1
18	4	0.02	1
18	5	30	1
18	6	13	0
18	7	0	1
18	8	0.02	1
18	9	33	0
18	10	13	0
18	11	0	0
18	12	0.02	0
18	13	36	0
18	14	13	0
18	15	0	1
18	16	0.02	1
18	17	39	0
18	18	13	0
18	19	0	0
18	20	0.02	0
18	21	42	1
18	22	13	1
18	23	0	0
18	24	0.02	0
18	25	45	1
18	26	13	1
18	27	0	1
18	28	0.02	1
18	29	48	0
18	30	13	0
18	31	1	0
18	32	0.02	1
18	33	1	0
18	34	14	0
18	35	0	1
18	36	0.02	0
18	37	4	1
18	38	14	1
18	39	0	0
18	40	0.02	0
18	41	7	0
18	42	14	0
18	43	1	1
18	44	0.02	1
18	45	10	0
18	46	14	0
18	47	1	1
18	48	0.02	0
18	49	13	1
19	0	14	1
19	1	1	1
19	2	0.02	0
19	3	16	0
19	4	14	0
19	5	1	0
19	6	0.02	1
19	7	19	1
19	8	14	1
19	9	1	1
19	10	0.02	0
19	11	22	1
19	12	14	1
19	13	1	1
19	14	0.02	1
19	15	25	1
19	16	14	1
19	17	1	1
19	18	0.02	0
19	19	28	0
19	20	14	0
19	21	1	0
19	22	0.02	0
19	23	31	1
19	24	14	0
19	25	1	0
19	26	0.02	1
19	27	34	1
19	28	14	0
19	29	1	0
19	30	0.02	1
19	31	37	1
19	32	14	0
19	33	0	1
19	34	0.02	1
19	35	40	0
19	36	14	1
19	37	1	0
19	38	0.02	1
19	39	43	0
19	40	14	0
19	41	0	0
19	42	0.02	1
19	43	46	1
19	44	14	1
19	45	0	0
19	46	0.02	0
19	47	49	0
19	48	14	0
19	49	0	1
20	0	0.02	0
20	1	2	0
20	2	15	1
20	3	1	1
20	4	0.02	1
20	5	5	1
20	6	15	0
20	7	0	0
20	8	0.02	0
20	9	8	1
20	10	15	1
20	11	0	0
20	12	0.02	0
20	13	11	0
20	14	15	0
20	15	0	1
20	16	0.02	0
20	17	14	0
20	18	15	0
20	19	0	0
20	20	0.02	1
20	21	17	1
20	22	15	1
20	23	0	0
20	24	0.02	0
20	25	20	0
20	26	15	0
20	27	1	1
20	28	0.02	1
20	29	23	0
20	30	15	1
20	31	0	0
20	32	0.02	0
20	33	26	0
20	34	15	0
20	35	1	1
20	36	0.02	1
20	37	29	1
20	38	15	0
20	39	1	1
20	40	0.02	0
20	41	32	0
20	42	15	0
20	43	1	1
20	44	0.02	1
20	45	35	0
20	46	15	1
20	47	1	1
20	48	0.02	0
20	49	38	1
21	0	15	0
21	1	1	0
21	2	0.02	0
21	3	41	0
21	4	15	1
21	5	1	1
21	6	0.02	1
21	7	44	1
21	8	15	1
21	9	1	1
21	10	0.02	0
21	11	47	0
21	12	15	1
21	13	0	1
21	14	0.02	1
21	15	0	0
21	16	16	1
21	17	1	0
21	18	0.02	1
21	19	3	1
21	20	16	0
21	21	0	1
21	22	0.02	1
21	23	6	0
21	24	16	1
21	25	1	0
21	26	0.02	0
21	27	9	1
21	28	16	0
21	29	0	0
21	30	0.02	1
21	31	12	1
21	32	16	0
21	33	0	0
21	34	0.02	0
21	35	15	1
21	36	16	0
21	37	1	0
21	38	0.02	1
21	39	18	0
21	40	16	0
21	41	0	1
21	42	0.02	1
21	43	21	1
21	44	16	1
21	45	0	0
21	46	0.02	1
21	47	24	1
21	48	16	1
21	49	0	1
22	0	0.02	0
22	1	27	1
22	2	16	0
22	3	0	1
22	4	0.02	1
22	5	30	0
22	6	16	1
22	7	0	0
22	8	0.02	1
22	9	33	0
22	10	16	1
22	11	0	1
22	12	0.02	1
22	13	36	0
22	14	16	1
22	15	1	0
22	16	0.02	1
22	17	39	0
22	18	16	1
22	19	1	1
22	20	0.02	1
22	21	42	1
22	22	16	0
22	23	1	0
22	24	0.02	0
22	25	45	0
22	26	16	0
22	27	0	1
22	28	0.02	1
22	29	48	1
22	30	16	0
22	31	0	0
22	32	0.02	1
22	33	1	0
22	34	17	1
22	35	0	1
22	36	0.02	0
22	37	4	1
22	38	17	1
22	39	0	0
22	40	0.02	0
22	41	7	1
22	42	17	0
22	43	0	0
22	44	0.02	1
22	45	10	1
22	46	17	1
22	47	1	0
22	48	0.02	1
22	49	13	1
23	0	17	0
23	1	0	1
23	2	0.02	0
23	3	16	1
23	4	17	0
23	5	1	1
23	6	0.02	1
23	7	19	0
23	8	17	1
23	9	0	0
23	10	0.02	0
23	11	22	0
23	12	17	1
23	13	0	1
23	14	0.02	0
23	15	25	1
23	16	17	1
23	17	0	1
23	18	0.02	0
23	19	28	1
23	20	17	1
23	21	0	0
23	22	0.02	0
23	23	31	0
23	24	17	1
23	25	1	1
23	26	0.02	1
23	27	34	1
23	28	17	1
23	29	0	0
23	30	0.02	1
23	31	37	0
23	32	17	1
23	33	0	1
23	34	0.02	0
23	35	40	0
23	36	17	1
23	37	0	0
23	38	0.02	1
23	39	43	0
23	40	17	1
23	41	0	1
23	42	0.02	0
23	43	46	1
23	44	17	1
23	45	0	0
23	46	0.02	0
23	47	49	1
23	48	17	1
23	49	0	0
24	0	0.02	1
24	1	2	0
24	2	18	1
24	3	0	0
24	4	0.02	1
24	5	5	0
24	6	18	1
24	7	0	0
24	8	0.02	1
24	9	8	0
24	10	18	1
24	11	0	1
24	12	0.02	0
24	13	11	1
24	14	18	0
24	15	0	1
24	16	0.02	0
24	17	14	1
24	18	18	1
24	19	1	0
24	20	0.02	1
24	21	17	1
24	22	18	1
24	23	1	0
24	24	0.02	0
24	25	20	1
24	26	18	0
24	27	0	1
24	28	0.02	1
24	29	23	1
24	30	18	1
24	31	1	1
24	32	0.02	0
24	33	26	0
24	34	18	1
24	35	1	0
24	36	0.02	1
24	37	29	0
24	38	18	1
24	39	1	0
24	40	0.02	1
24	41	32	1
24	42	18	1
24	43	0	0
24	44	0.02	0
24	45	35	1
24	46	18	1
24	47	1	0
24	48	0.02	1
24	49	38	1
25	0	18	0
25	1	1	0
25	2	0.02	0
25	3	41	0
25	4	18	1
25	5	0	1
25	6	0.02	0
25	7	44	0
25	8	18	1
25	9	0	0
25	10	0.02	0
25	11	47	1
25	12	18	0
25	13	0	0
25	14	0.02	0
25	15	0	1
25	16	19	1
25	17	1	1
25	18	0.02	0
25	19	3	1
25	20	19	0
25	21	0	0
25	22	0.02	1
25	23	6	1
25	24	19	1
25	25	0	1
25	26	0.02	0
25	27	9	1
25	28	19	1
25	29	0	0
25	30	0.02	1
25	31	12	1
25	32	19	0
25	33	1	0
25	34	0.02	0
25	35	15	0
25	36	19	0
25	37	0	0
25	38	0.02	1
25	39	18	0
25	40	19	0
25	41	0	0
25	42	0.02	1
25	43	21	1
25	44	19	1
25	45	1	0
25	46	0.02	0
25	47	24	1
25	48	19	0
25	49	1	1
26	0	0.02	1
26	1	27	1
26	2	19	0
26	3	0	0
26	4	0.02	1
26	5	30	1
26	6	19	1
26	7	0	1
26	8	0.02	0
26	9	33	0
26	10	19	1
26	11	0	1
26	12	0.02	1
26	13	36	0
26	14	19	0
26	15	0	0
26	16	0.02	1
26	17	39	1
26	18	19	0
26	19	1	1
26	20	0.02	0
26	21	42	1
26	22	19	0
26	23	1	0
26	24	0.02	0
26	25	45	0
26	26	19	0
26	27	0	1
26	28	0.02	0
26	29	48	0
26	30	19	0
26	31	1	1
26	32	0.02	1
26	33	1	1
26	34	20	0
26	35	0	0
26	36	0.02	1
26	37	4	0
26	38	20	0
26	39	0	0
26	40	0.02	0
26	41	7	1
26	42	20	1
26	43	0	0
26	44	0.02	1
26	45	10	0
26	46	20	1
26	47	0	1
26	48	0.02	0
26	49	13	1
27	0	20	1
27	1	0	1
27	2	0.02	1
27	3	16	0
27	4	20	1
27	5	1	1
27	6	0.02	0
27	7	19	1
27	8	20	0
27	9	0	0
27	10	0.02	1
27	11	22	0
27	12	20	1
27	13	0	1
27	14	0.02	0
27	15	25	0
27	16	20	1
27	17	1	0
27	18	0.02	0
27	19	28	0
27	20	20	0
27	21	0	1
27	22	0.02	0
27	23	31	1
27	24	20	0
27	25	0	1
27	26	0.02	0
27	27	34	0
27	28	20	1
27	29	1	1
27	30	0.02	0
27	31	37	0
27	32	20	0
27	33	0	1
27	34	0.02	1
27	35	40	1
27	36	20	1
27	37	0	0
27	38	0.02	0
27	39	43	1
27	40	20	1
27	41	0	1
27	42	0.02	0
27	43	46	0
27	44	20	1
27	45	1	1
27	46	0.02	1
27	47	49	1
27	48	20	1
27	49	0	0
28	0	0.02	0
28	1	2	0
28	2	21	0
28	3	0	0
28	4	0.02	1
28	5	5	1
28	6	21	0
28	7	0	1
28	8	0.02	0
28	9	8	1
28	10	21	1
28	11	0	0
28	12	0.02	1
28	13	11	0
28	14	21	0
28	15	1	1
28	16	0.02	1
28	17	14	1
28	18	21	0
28	19	0	0
28	20	0.02	1
28	21	17	0
28	22	21	1
28	23	1	1
28	24	0.02	1
28	25	20	0
28	26	21	0
28	27	0	1
28	28	0.02	1
28	29	23	0
28	30	21	0
28	31	0	1
28	32	0.02	0
28	33	26	0
28	34	21	0
28	35	0	1
28	36	0.02	0
28	37	29	0
28	38	21	0
28	39	0	0
28	40	0.02	1
28	41	32	0
28	42	21	0
28	43	0	1
28	44	0.02	0
28	45	35	1
28	46	21	1
28	47	1	0
28	48	0.02	0
28	49	38	0
29	0	21	1
29	1	1	1
29	2	0.02	1
29	3	41	0
29	4	21	0
29	5	0	1
29	6	0.02	0
29	7	44	0
29	8	21	1
29	9	0	0
29	10	0.02	1
29	11	47	1
29	12	21	1
29	13	1	1
29	14	0.02	1
29	15	0	1
29	16	22	0
29	17	0	0
29	18	0.02	1
29	19	3	1
29	20	22	1
29	21	1	1
29	22	0.02	1
29	23	6	0
29	24	22	1
29	25	1	1
29	26	0.02	1
29	27	9	1
29	28	22	0
29	29	0	0
29	30	0.02	1
29	31	12	0
29	32	22	1
29	33	1	1
29	34	0.02	0
29	35	15	0
29	36	22	0
29	37	1	1
29	38	0.02	0
29	39	18	0
29	40	22	0
29	41	1	1
29	42	0.02	0
29	43	21	1
29	44	22	1
29	45	1	0
29	46	0.02	0
29	47	24	1
29	48	22	0
29	49	0	0
30	0	0.02	0
30	1	27	1
30	2	22	0
30	3	0	0
30	4	0.02	0
30	5	30	0
30	6	22	0
30	7	0	1
30	8	0.02	0
30	9	33	0
30	10	22	1
30	11	0	1
30	12	0.02	0
30	13	36	0
30	14	22	1
30	15	0	0
30	16	0.02	0
30	17	39	0
30	18	22	0
30	19	0	0
30	20	0.02	0
30	21	42	1
30	22	22	1
30	23	1	1
30	24	0.02	0
30	25	45	1
30	26	22	0
30	27	0	0
30	28	0.02	0
30	29	48	1
30	30	22	1
30	31	0	0
30	32	0.02	1
30	33	1	1
30	34	23	1
30	35	0	1
30	36	0.02	1
30	37	4	1
30	38	23	0
30	39	0	1
30	40	0.02	0
30	41	7	0
30	42	23	0
30	43	1	0
30	44	0.02	0
30	45	10	1
30	46	23	1
30	47	0	0
30	48	0.02	0
30	49	13	1
31	0	23	0
31	1	0	0
31	2	0.02	0
31	3	16	0
31	4	23	1
31	5	0	1
31	6	0.02	1
31	7	19	0
31	8	23	0
31	9	0	1
31	10	0.02	0
31	11	22	1
31	12	23	0
31	13	0	1
31	14	0.02	0
31	15	25	1
31	16	23	0
31	17	0	0
31	18	0.02	0
31	19	28	1
31	20	23	0
31	21	1	1
31	22	0.02	0
31	23	31	0
31	24	23	0
31	25	1	1
31	26	0.02	1
31	27	34	1
31	28	23	1
31	29	1	1
31	30	0.02	0
31	31	37	1
31	32	23	0
31	33	1	1
31	34	0.02	0
31	35	40	0
31	36	23	0
31	37	1	0
31	38	0.02	0
31	39	43	0
31	40	23	1
31	41	0	1
31	42	0.02	1
31	43	46	0
31	44	23	0
31	45	0	0
31	46	0.02	0
31	47	49	0
31	48	23	1
31	49	0	0
32	0	0.02	0
32	1	2	0
32	2	24	0
32	3	0	1
32	4	0.02	0
32	5	5	0
32	6	24	0
32	7	1	0
32	8	0.02	0
32	9	8	0
32	10	24	1
32	11	1	0
32	12	0.02	1
32	13	11	0
32	14	24	1
32	15	0	0
32	16	0.02	1
32	17	14	1
32	18	24	1
32	19	1	0
32	20	0.02	1
32	21	17	1
32	22	24	1
32	23	1	1
32	24	0.02	1
32	25	20	0
32	26	24	0
32	27	0	1
32	28	0.02	1
32	29	23	0
32	30	24	0
32	31	0	0
32	32	0.02	0
32	33	26	0
32	34	24	1
32	35	1	1
32	36	0.02	0
32	37	29	0
32	38	24	0
32	39	1	1
32	40	0.02	1
32	41	32	0
32	42	24	1
32	43	0	0
32	44	0.02	0
32	45	35	0
32	46	24	0
32	47	1	0
32	48	0.02	0
32	49	38	1
33	0	24	1
33	1	0	0
33	2	0.02	0
33	3	41	0
33	4	24	0
33	5	0	0
33	6	0.02	1
33	7	44	0
33	8	24	0
33	9	0	0
33	10	0.02	1
33	11	47	1
33	12	24	1
33	13	0	1
33	14	0.02	1
33	15	0	0
33	16	25	0
33	17	0	1
33	18	0.02	1
33	19	3	1
33	20	25	1
33	21	1	0
33	22	0.02	1
33	23	6	1
33	24	25	0
33	25	1	1
33	26	0.02	0
33	27	9	0
33	28	25	0
33	29	0	1
33	30	0.02	1
33	31	12	1
33	32	25	1
33	33	0	1
33	34	0.02	0
33	35	15	1
33	36	25	0
33	37	1	1
33	38	0.02	1
33	39	18	1
33	40	25	0
33	41	1	1
33	42	0.02	0
33	43	21	0
33	44	25	0
33	45	1	1
33	46	0.02	1
33	47	24	0
33	48	25	1
33	49	0	1
34	0	0.02	1
34	1	27	0
34	2	25	0
34	3	1	1
34	4	0.02	0
34	5	30	1
34	6	25	1
34	7	1	1
34	8	0.02	0
34	9	33	1
34	10	25	0
34	11	1	0
34	12	0.02	0
34	13	36	1
34	14	25	0
34	15	0	0
34	16	0.02	0
34	17	39	1
34	18	25	1
34	19	0	0
34	20	0.02	1
34	21	42	0
34	22	25	1
34	23	1	0
34	24	0.02	0
34	25	45	1
34	26	25	0
34	27	0	1
34	28	0.02	1
34	29	48	1
34	30	25	0
34	31	0	1
34	32	0.02	0
34	33	1	0
34	34	26	1
34	35	0	1
34	36	0.02	1
34	37	4	0
34	38	26	1
34	39	0	1
34	40	0.02	1
34	41	7	1
34	42	26	0
34	43	0	0
34	44	0.02	1
34	45	10	0
34	46	26	1
34	47	0	0
34	48	0.02	0
34	49	13	1
35	0	26	0
35	1	0	1
35	2	0.02	1
35	3	16	1
35	4	26	1
35	5	0	1
35	6	0.02	0
35	7	19	0
35	8	26	1
35	9	1	1
35	10	0.02	0
35	11	22	0
35	12	26	1
35	13	0	0
35	14	0.02	1
35	15	25	0
35	16	26	1
35	17	1	0
35	18	0.02	0
35	19	28	0
35	20	26	0
35	21	1	0
35	22	0.02	0
35	23	31	0
35	24	26	0
35	25	0	0
35	26	0.02	1
35	27	34	0
35	28	26	0
35	29	0	0
35	30	0.02	1
35	31	37	1
35	32	26	1
35	33	0	0
35	34	0.02	0
35	35	40	1
35	36	26	1
35	37	1	0
35	38	0.02	1
35	39	43	1
35	40	26	1
35	41	1	0
35	42	0.02	1
35	43	46	1
35	44	26	0
35	45	0	1
35	46	0.02	0
35	47	49	1
35	48	26	1
35	49	0	0
36	0	0.02	0
36	1	2	1
36	2	27	0
36	3	0	0
36	4	0.02	1
36	5	5	0
36	6	27	1
36	7	1	1
36	8	0.02	0
36	9	8	0
36	10	27	0
36	11	1	0
36	12	0.02	0
36	13	11	0
36	14	27	0
36	15	1	1
36	16	0.02	0
36	17	14	0
36	18	27	0
36	19	0	0
36	20	0.02	0
36	21	17	0
36	22	27	1
36	23	0	0
36	24	0.02	0
36	25	20	1
36	26	27	0
36	27	1	0
36	28	0.02	1
36	29	23	1
36	30	27	0
36	31	0	0
36	32	0.02	1
36	33	26	0
36	34	27	0
36	35	1	1
36	36	0.02	1
36	37	29	0
36	38	27	1
36	39	1	1
36	40	0.02	1
36	41	32	1
36	42	27	1
36	43	1	1
36	44	0.02	0
36	45	35	0
36	46	27	0
36	47	1	0
36	48	0.02	1
36	49	38	1
37	0	27	1
37	1	0	1
37	2	0.02	1
37	3	41	0
37	4	27	0
37	5	1	1
37	6	0.02	1
37	7	44	1
37	8	27	1
37	9	0	1
37	10	0.02	1
37	11	47	1
37	12	27	0
37	13	0	1
37	14	0.02	1
37	15	0	0
37	16	28	0
37	17	0	1
37	18	0.02	0
37	19	3	1
37	20	28	0
37	21	1	1
37	22	0.02	0
37	23	6	0
37	24	28	0
37	25	1	0
37	26	0.02	0
37	27	9	1
37	28	28	0
37	29	0	1
37	30	0.02	1
37	31	12	1
37	32	28	1
37	33	0	1
37	34	0.02	1
37	35	15	0
37	36	28	1
37	37	0	1
37	38	0.02	0
37	39	18	1
37	40	28	1
37	41	1	1
37	42	0.02	0
37	43	21	1
37	44	28	0
37	45	1	1
37	46	0.02	1
37	47	24	1
37	48	28	0
37	49	0	0
38	0	0.02	1
38	1	27	0
38	2	28	1
38	3	1	0
38	4	0.02	1
38	5	30	0
38	6	28	0
38	7	0	0
38	8	0.02	0
38	9	33	0
38	10	28	0
38	11	0	0
38	12	0.02	0
38	13	36	0
38	14	28	1
38	15	1	1
38	16	0.02	0
38	17	39	0
38	18	28	0
38	19	0	1
38	20	0.02	1
38	21	42	1
38	22	28	1
38	23	1	1
38	24	0.02	1
38	25	45	0
38	26	28	0
38	27	1	1
38	28	0.02	1
38	29	48	0
38	30	28	1
38	31	0	1
38	32	0.02	1
38	33	1	1
38	34	29	1
38	35	1	0
38	36	0.02	0
38	37	4	1
38	38	29	1
38	39	0	0
38	40	0.02	1
38	41	7	1
38	42	29	1
38	43	0	0
38	44	0.02	1
38	45	10	1
38	46	29	0
38	47	1	1
38	48	0.02	1
38	49	13	1
39	0	29	1
39	1	0	1
39	2	0.02	0
39	3	16	1
39	4	29	1
39	5	1	1
39	6	0.02	0
39	7	19	0
39	8	29	1
39	9	1	1
39	10	0.02	0
39	11	22	0
39	12	29	1
39	13	1	1
39	14	0.02	0
39	15	25	0
39	16	29	0
39	17	0	1
39	18	0.02	1
39	19	28	1
39	20	29	1
39	21	0	1
39	22	0.02	1
39	23	31	0
39	24	29	1
39	25	1	1
39	26	0.02	0
39	27	34	1
39	28	29	1
39	29	0	0
39	30	0.02	0
39	31	37	0
39	32	29	0
39	33	1	1
39	34	0.02	1
39	35	40	0
39	36	29	1
39	37	1	1
39	38	0.02	0
39	39	43	0
39	40	29	0
39	41	0	1
39	42	0.02	1
39	43	46	1
39	44	29	0
39	45	1	1
39	46	0.02	0
39	47	49	1
39	48	29	0
39	49	1	1
40	0	0.02	0
40	1	2	0
40	2	30	1
40	3	0	0
40	4	0.02	1
40	5	5	0
40	6	30	0
40	7	1	1
40	8	0.02	1
40	9	8	1
40	10	30	1
40	11	1	1
40	12	0.02	0
40	13	11	0
40	14	30	1
40	15	1	1
40	16	0.02	1
40	17	14	1
40	18	30	1
40	19	1	0
40	20	0.02	1
40	21	17	1
40	22	30	1
40	23	1	0
40	24	0.02	1
40	25	20	1
40	26	30	1
40	27	1	1
40	28	0.02	0
40	29	23	1
40	30	30	0
40	31	1	1
40	32	0.02	0
40	33	26	0
40	34	30	0
40	35	0	0
40	36	0.02	0
40	37	29	0
40	38	30	0
40	39	1	0
40	40	0.02	0
40	41	32	1
40	42	30	1
40	43	1	0
40	44	0.02	0
40	45	35	1
40	46	30	0
40	47	1	0
40	48	0.02	1
40	49	38	1
41	0	30	0
41	1	0	0
41	2	0.02	1
41	3	41	0
41	4	30	1
41	5	1	0
41	6	0.02	0
41	7	44	1
41	8	30	1
41	9	0	1
41	10	0.02	0
41	11	47	0
41	12	30	1
41	13	1	1
41	14	0.02	0
41	15	0	1
41	16	31	0
41	17	1	0
41	18	0.02	1
41	19	3	0
41	20	31	1
41	21	0	1
41	22	0.02	1
41	23	6	1
41	24	31	1
41	25	0	0
41	26	0.02	0
41	27	9	1
41	28	31	0
41	29	0	0
41	30	0.02	1
41	31	12	1
41	32	31	1
41	33	0	0
41	34	0.02	1
41	35	15	0
41	36	31	1
41	37	0	0
41	38	0.02	0
41	39	18	1
41	40	31	0
41	41	0	1
41	42	0.02	0
41	43	21	0
41	44	31	0
41	45	0	0
41	46	0.02	1
41	47	24	0
41	48	31	0
41	49	0	1
42	0	0.02	1
42	1	27	1
42	2	31	0
42	3	1	0
42	4	0.02	1
42	5	30	1
42	6	31	1
42	7	0	1
42	8	0.02	0
42	9	33	0
42	10	31	0
42	11	0	0
42	12	0.02	0
42	13	36	0
42	14	31	1
42	15	0	0
42	16	0.02	0
42	17	39	0
42	18	31	0
42	19	0	1
42	20	0.02	1
42	21	42	1
42	22	31	1
42	23	1	1
42	24	0.02	0
42	25	45	0
42	26	31	0
42	27	0	1
42	28	0.02	1
42	29	48	0
42	30	31	1
42	31	0	0
42	32	0.02	0
42	33	1	1
42	34	32	0
42	35	0	0
42	36	0.02	1
42	37	4	0
42	38	32	0
42	39	0	0
42	40	0.02	0
42	41	7	1
42	42	32	1
42	43	0	0
42	44	0.02	1
42	45	10	0
42	46	32	1
42	47	1	1
42	48	0.02	0
42	49	13	1
43	0	32	0
43	1	1	0
43	2	0.02	0
43	3	16	1
43	4	32	1
43	5	0	0
43	6	0.02	1
43	7	19	1
43	8	32	1
43	9	1	0
43	10	0.02	1
43	11	22	0
43	12	32	1
43	13	1	1
43	14	0.02	0
43	15	25	0
43	16	32	0
43	17	0	0
43	18	0.02	1
43	19	28	0
43	20	32	1
43	21	0	0
43	22	0.02	0
43	23	31	0
43	24	32	1
43	25	1	0
43	26	0.02	1
43	27	34	0
43	28	32	1
43	29	1	1
43	30	0.02	0
43	31	37	0
43	32	32	1
43	33	1	1
43	34	0.02	0
43	35	40	1
43	36	32	0
43	37	1	1
43	38	0.02	0
43	39	43	1
43	40	32	0
43	41	0	1
43	42	0.02	1
43	43	46	0
43	44	32	0
43	45	1	1
43	46	0.02	1
43	47	49	1
43	48	32	0
43	49	1	1
44	0	0.02	0
44	1	2	0
44	2	33	1
44	3	1	1
44	4	0.02	0
44	5	5	0
44	6	33	1
44	7	0	0
44	8	0.02	1
44	9	8	1
44	10	33	1
44	11	1	1
44	12	0.02	1
44	13	11	0
44	14	33	1
44	15	1	1
44	16	0.02	1
44	17	14	1
44	18	33	0
44	19	1	1
44	20	0.02	1
44	21	17	0
44	22	33	0
44	23	0	0
44	24	0.02	1
44	25	20	0
44	26	33	0
44	27	1	1
44	28	0.02	1
44	29	23	1
44	30	33	0
44	31	1	1
44	32	0.02	1
44	33	26	0
44	34	33	0
44	35	1	0
44	36	0.02	1
44	37	29	1
44	38	33	1
44	39	0	1
44	40	0.02	1
44	41	32	1
44	42	33	1
44	43	1	1
44	44	0.02	1
44	45	35	0
44	46	33	0
44	47	0	1
44	48	0.02	1
44	49	38	1
45	0	33	1
45	1	0	1
45	2	0.02	1
45	3	41	0
45	4	33	0
45	5	0	0
45	6	0.02	1
45	7	44	0
45	8	33	0
45	9	1	0
45	10	0.02	1
45	11	47	1
45	12	33	0
45	13	1	0
45	14	0.02	0
45	15	0	1
45	16	34	1
45	17	1	0
45	18	0.02	0
45	19	3	0
45	20	34	0
45	21	1	0
45	22	0.02	0
45	23	6	1
45	24	34	1
45	25	1	0
45	26	0.02	1
45	27	9	1
45	28	34	1
45	29	1	0
45	30	0.02	0
45	31	12	0
45	32	34	1
45	33	0	0
45	34	0.02	1
45	35	15	0
45	36	34	0
45	37	1	0
45	38	0.02	1
45	39	18	1
45	40	34	1
45	41	1	0
45	42	0.02	0
45	43	21	1
45	44	34	0
45	45	0	1
45	46	0.02	0
45	47	24	1
45	48	34	1
45	49	0	0
46	0	0.02	1
46	1	27	1
46	2	34	1
46	3	1	0
46	4	0.02	1
46	5	30	1
46	6	34	0
46	7	0	1
46	8	0.02	1
46	9	33	1
46	10	34	0
46	11	0	0
46	12	0.02	1
46	13	36	0
46	14	34	0
46	15	1	0
46	16	0.02	1
46	17	39	1
46	18	34	1
46	19	0	0
46	20	0.02	1
46	21	42	1
46	22	34	1
46	23	0	0
46	24	0.02	0
46	25	45	1
46	26	34	1
46	27	0	0
46	28	0.02	1
46	29	48	1
46	30	34	0
46	31	1	1
46	32	0.02	1
46	33	1	0
46	34	35	0
46	35	0	0
46	36	0.02	0
46	37	4	0
46	38	35	1
46	39	1	1
46	40	0.02	0
46	41	7	1
46	42	35	1
46	43	0	0
46	44	0.02	0
46	45	10	1
46	46	35	0
46	47	0	1
46	48	0.02	0
46	49	13	1
47	0	35	0
47	1	0	1
47	2	0.02	1
47	3	16	0
47	4	35	0
47	5	0	1
47	6	0.02	1
47	7	19	0
47	8	35	1
47	9	0	0
47	10	0.02	0
47	11	22	0
47	12	35	1
47	13	1	1
47	14	0.02	0
47	15	25	0
47	16	35	0
47	17	0	1
47	18	0.02	0
47	19	28	0
47	20	35	1
47	21	1	1
47	22	0.02	0
47	23	31	1
47	24	35	0
47	25	1	0
47	26	0.02	1
47	27	34	1
47	28	35	1
47	29	1	1
47	30	0.02	0
47	31	37	1
47	32	35	1
47	33	0	0
47	34	0.02	0
47	35	40	0
47	36	35	0
47	37	1	1
47	38	0.02	0
47	39	43	0
47	40	35	1
47	41	0	1
47	42	0.02	0
47	43	46	1
47	44	35	1
47	45	0	1
47	46	0.02	0
47	47	49	0
47	48	35	1
47	49	0	0
48	0	0.02	0
48	1	2	1
48	2	36	0
48	3	1	1
48	4	0.02	1
48	5	5	1
48	6	36	0
48	7	0	0
48	8	0.02	0
48	9	8	0
48	10	36	0
48	11	1	0
48	12	0.02	1
48	13	11	1
48	14	36	1
48	15	1	0
48	16	0.02	0
48	17	14	1
48	18	36	1
48	19	1	0
48	20	0.02	1
48	21	17	0
48	22	36	0
48	23	0	0
48	24	0.02	1
48	25	20	0
48	26	36	1
48	27	1	0
48	28	0.02	0
48	29	23	0
48	30	36	1
48	31	0	0
48	32	0.02	0
48	33	26	0
48	34	36	1
48	35	0	1
48	36	0.02	0
48	37	29	1
48	38	36	1
48	39	0	1
48	40	0.02	0
48	41	32	0
48	42	36	0
48	43	1	1
48	44	0.02	1
48	45	35	0
48	46	36	0
48	47	0	1
48	48	0.02	0
48	49	38	0
49	0	36	0
49	1	0	0
49	2	0.02	1
49	3	41	1
49	4	36	1
49	5	0	0
49	6	0.02	0
49	7	44	1
49	8	36	1
49	9	0	0
49	10	0.02	0
49	11	47	1
49	12	36	0
49	13	0	1
49	14	0.02	0
49	15	0	0
49	16	37	1
49	17	0	0
49	18	0.02	0
49	19	3	0
49	20	37	0
49	21	0	1
49	22	0.02	0
49	23	6	0
49	24	37	0
49	25	0	1
49	26	0.02	0
49	27	9	0
49	28	37	1
49	29	0	0
49	30	0.02	1
49	31	12	0
49	32	37	1
49	33	1	0
49	34	0.02	1
49	35	15	0
49	36	37	0
49	37	0	0
49	38	0.02	1
49	39	18	1
49	40	37	0
49	41	1	0
49	42	0.02	0
49	43	21	0
49	44	37	0
49	45	1	1
49	46	0.02	1
49	47	24	1
49	48	37	1
49	49	0	0
