0	0	-0.0625112	0.5
0	1	0.0214702	0.5
0	2	0.0526133	0.5
0	3	0.0232147	0.5
0	4	-0.00922748	0.5
0	5	0.0140838	0.5
0	6	0.0107312	0.5
0	7	-0.0503746	0.5
8	0	0.0565286	0.5
8	1	-0.044598	0.5
8	2	-0.0416354	0.5
8	3	0.0366681	0.5
8	4	0.0232977	0.5
8	5	-0.0552691	0.5
8	6	-0.0180345	0.5
8	7	0.0430426	0.5
16	0	-0.0201904	0.5
16	1	-0.00400143	0.5
16	2	0.00352187	0.5
16	3	-0.00279852	0.5
16	4	0.0146888	0.5
16	5	-0.0452194	0.5
16	6	0.0358625	0.5
16	7	0.0181366	0.5
24	0	0.0237063	0.5
24	1	-0.0046002	0.5
24	2	-0.0694762	0.5
24	3	0.0216023	0.5
24	4	0.00952876	0.5
24	5	-0.0132621	0.5
24	6	0.014823	0.5
24	7	0.0176781	0.5
32	0	-0.0235191	0.5
32	1	-0.0183236	0.5
32	2	0.0293651	0.5
32	3	-0.00653119	0.5
32	4	0.005518	0.5
32	5	-0.0458018	0.5
32	6	0.038153	0.5
32	7	0.0211396	0.5
40	0	0.0194106	0.5
40	1	-0.110405	0.5
40	2	-0.0185521	0.5
40	3	0.0492209	0.5
40	4	-0.0883281	0.5
40	5	0.0500333	0.5
40	6	0.0540104	0.5
40	7	0.0446097	0.5
48	0	-0.0348098	0.5
48	1	0.0143979	0.5
48	2	-0.0393271	0.5
48	3	-0.0516869	0.5
48	4	0.0289006	0.5
48	5	0.0190392	0.5
48	6	0.0641031	0.5
48	7	-0.000616988	0.5
56	0	0.0586439	0.5
56	1	-0.00348303	0.5
56	2	-0.0207426	0.5
56	3	-0.0325065	0.5
56	4	0.0304659	0.5
56	5	-0.0288833	0.5
56	6	-0.00798914	0.5
56	7	0.00449475	0.5
64	0	-0.0605404	0.5
64	1	-0.0189329	0.5
64	2	0.0247975	0.5
64	3	-0.0626016	0.5
64	4	0.00607916	0.5
64	5	0.072138	0.5
64	6	-0.00497653	0.5
64	7	0.0440368	0.5
72	0	0.0147312	0.5
72	1	-0.0462356	0.5
72	2	-0.0515685	0.5
72	3	-0.0342471	0.5
72	4	0.0714335	0.5
72	5	0.0398767	0.5
72	6	-0.0160768	0.5
72	7	0.0220866	0.5
80	0	0.0619819	0.5
80	1	-0.0117756	0.5
80	2	0.0192002	0.5
80	3	-0.0177818	0.5
80	4	0.0146643	0.5
80	5	-0.0399812	0.5
80	6	-0.0338083	0.5
80	7	0.00750041	0.5
88	0	-0.0392162	0.5
88	1	-0.0251702	0.5
88	2	0.0501646	0.5
88	3	-0.0875612	0.5
88	4	0.103551	0.5
88	5	-0.0630182	0.5
88	6	0.0688689	0.5
88	7	-0.00761916	0.5
96	0	0.0267748	0.5
96	1	-0.0417925	0.5
96	2	0.031552	0.5
96	3	-0.0394833	0.5
96	4	0.0231309	0.5
96	5	0.0495073	0.5
96	6	0.00804444	0.5
96	7	-0.0577336	0.5
104	0	0.00269637	0.5
104	1	0.0502712	0.5
104	2	-0.0946916	0.5
104	3	0.0140757	0.5
104	4	-0.0445414	0.5
104	5	0.00219589	0.5
104	6	0.0786544	0.5
104	7	-0.00866054	0.5
112	0	0.0241643	0.5
112	1	0.0450828	0.5
112	2	-0.0533312	0.5
112	3	0.0745711	0.5
112	4	-0.0107361	0.5
112	5	0.0201578	0.5
112	6	-0.0813946	0.5
112	7	-0.018514	0.5
120	0	0.0763651	0.5
120	1	0.0104123	0.5
120	2	-0.0501399	0.5
120	3	0.111007	0.5
120	4	-0.0244433	0.5
120	5	-0.0374994	0.5
120	6	-0.0363644	0.5
120	7	-0.049337	0.5
128	0	-0.0442932	0.5
128	1	-0.0259096	0.5
128	2	0.00700093	0.5
128	3	0.0585996	0.5
128	4	0.0758118	0.5
128	5	0.00845776	0.5
128	6	-0.0799988	0.5
128	7	0.000331581	0.5
136	0	0.0138824	0.5
136	1	0.00834129	0.5
136	2	0.0266824	0.5
136	3	0.0153336	0.5
136	4	0.0366457	0.5
136	5	-0.0501718	0.5
136	6	-0.0543758	0.5
136	7	0.0036622	0.5
144	0	-0.0274879	0.5
144	1	0.0265885	0.5
144	2	0.0574981	0.5
144	3	0.0305022	0.5
144	4	0.0422675	0.5
144	5	-0.0174815	0.5
144	6	-0.0951805	0.5
144	7	-0.0167065	0.5
152	0	8.70735e-05	0.5
152	1	-0.0186738	0.5
152	2	0.0213794	0.5
152	3	-0.0336029	0.5
152	4	-0.0727224	0.5
152	5	0.0823588	0.5
152	6	-0.0211346	0.5
152	7	0.0423084	0.5
160	0	0.0129639	0.5
160	1	-0.0486479	0.5
160	2	0.0616861	0.5
160	3	-0.078216	0.5
160	4	0.00086769	0.5
160	5	0.024056	0.5
160	6	0.0262434	0.5
160	7	0.00104684	0.5
168	0	-0.00232214	0.5
168	1	-0.00570872	0.5
168	2	0.00205666	0.5
168	3	0.000136966	0.5
168	4	0.0219049	0.5
168	5	-0.0863097	0.5
168	6	0.0652788	0.5
168	7	0.00496321	0.5
176	0	0.108316	0.5
176	1	0.00645378	0.5
176	2	-0.0237803	0.5
176	3	-0.0313366	0.5
176	4	-0.0486888	0.5
176	5	-0.0495626	0.5
176	6	-0.0272477	0.5
176	7	0.0658462	0.5
184	0	-0.0398886	0.5
184	1	-0.0680847	0.5
184	2	-0.0405801	0.5
184	3	0.0558327	0.5
184	4	0.0802474	0.5
184	5	0.0478284	0.5
184	6	-0.0107763	0.5
184	7	-0.0245788	0.5
192	0	-0.0678479	0.5
192	1	0.00728797	0.5
192	2	-0.0324907	0.5
192	3	0.100871	0.5
192	4	-0.0166728	0.5
192	5	-0.0332283	0.5
192	6	0.00336588	0.5
192	7	0.038715	0.5
200	0	-0.0422991	0.5
200	1	0.0107635	0.5
200	2	0.0340461	0.5
200	3	0.0534233	0.5
200	4	-0.0923769	0.5
200	5	0.075494	0.5
200	6	-0.00538051	0.5
200	7	-0.0336704	0.5
208	0	-0.0873282	0.5
208	1	-0.0124236	0.5
208	2	0.0268981	0.5
208	3	0.0793361	0.5
208	4	-0.0110811	0.5
208	5	0.0286804	0.5
208	6	-0.0378997	0.5
208	7	0.013818	0.5
216	0	-0.0132655	0.5
216	1	-0.00851127	0.5
216	2	-0.0356364	0.5
216	3	0.0218616	0.5
216	4	-0.0456781	0.5
216	5	0.105251	0.5
216	6	0.00201744	0.5
216	7	-0.0260386	0.5
224	0	-0.111798	0.5
224	1	-0.0511306	0.5
224	2	-0.020387	0.5
224	3	0.0708432	0.5
224	4	0.00644552	0.5
224	5	0.0257858	0.5
224	6	0.00497604	0.5
224	7	0.075265	0.5
232	0	0.0607942	0.5
232	1	-0.0493896	0.5
232	2	-0.0407091	0.5
232	3	-0.04036	0.5
232	4	0.0677513	0.5
232	5	0.0305014	0.5
232	6	0.0185509	0.5
232	7	-0.0471392	0.5
240	0	-0.0305086	0.5
240	1	-0.0880526	0.5
240	2	0.0342185	0.5
240	3	-0.123328	0.5
240	4	0.0560099	0.5
240	5	0.0682824	0.5
240	6	0.036127	0.5
240	7	0.0472514	0.5
248	0	-0.0379146	0.5
248	1	0.0510031	0.5
248	2	0.0454191	0.5
248	3	0.0174339	0.5
248	4	-0.0282517	0.5
248	5	0.0232059	0.5
248	6	-0.0705917	0.5
248	7	-0.000304046	0.5
256	0	0.0266779	0.5
256	1	0.0135626	0.5
256	2	-0.0418421	0.5
256	3	0.0423028	0.5
256	4	-0.0318863	0.5
256	5	0.119092	0.5
256	6	-0.0131643	0.5
256	7	-0.114742	0.5
264	0	-0.0279289	0.5
264	1	0.0291365	0.5
264	2	-0.0539635	0.5
264	3	0.0126182	0.5
264	4	0.0512551	0.5
264	5	0.104459	0.5
264	6	-0.0428006	0.5
264	7	-0.0727753	0.5
272	0	0.0673793	0.5
272	1	-0.0922843	0.5
272	2	-0.0202226	0.5
272	3	-0.0584173	0.5
272	4	0.0124682	0.5
272	5	-0.000946742	0.5
272	6	0.093026	0.5
272	7	-0.00100251	0.5
280	0	-0.000304207	0.5
280	1	-0.0525073	0.5
280	2	-0.0381969	0.5
280	3	-0.00550283	0.5
280	4	0.02062	0.5
280	5	0.00503538	0.5
280	6	0.0467606	0.5
280	7	0.0240953	0.5
288	0	0.00384592	0.5
288	1	0.0266784	0.5
288	2	0.0151593	0.5
288	3	-0.025824	0.5
288	4	-0.0519493	0.5
288	5	0.0781459	0.5
288	6	0.0244298	0.5
288	7	-0.070486	0.5
296	0	-0.0364848	0.5
296	1	0.00482927	0.5
296	2	0.0256545	0.5
296	3	-0.0119308	0.5
296	4	-0.0313327	0.5
296	5	-0.00541707	0.5
296	6	-0.00336605	0.5
296	7	0.0580477	0.5
304	0	-0.114076	0.5
304	1	0.0268417	0.5
304	2	0.05297	0.5
304	3	-0.0177859	0.5
304	4	0.0038007	0.5
304	5	0.0136205	0.5
304	6	0.0205015	0.5
304	7	0.0141271	0.5
312	0	0.0642432	0.5
312	1	-0.0765705	0.5
312	2	0.0191581	0.5
312	3	0.00246541	0.5
312	4	0.0243392	0.5
312	5	-0.059449	0.5
312	6	0.0628552	0.5
312	7	-0.0370416	0.5
320	0	0.02442	0.5
320	1	-0.0125857	0.5
320	2	0.0200966	0.5
320	3	0.00038843	0.5
320	4	0.0422071	0.5
320	5	-0.121406	0.5
320	6	0.0360154	0.5
320	7	0.0108646	0.5
328	0	0.0605825	0.5
328	1	0.0146728	0.5
328	2	-0.0257182	0.5
328	3	0.102914	0.5
328	4	-0.0603205	0.5
328	5	-0.0363988	0.5
328	6	-0.0357007	0.5
328	7	-0.0200306	0.5
336	0	0.139888	0.5
336	1	-0.0372549	0.5
336	2	-0.0214441	0.5
336	3	-0.0499002	0.5
336	4	0.0158142	0.5
336	5	-0.0027742	0.5
336	6	-0.035244	0.5
336	7	-0.00908445	0.5
344	0	0.00661728	0.5
344	1	0.0385679	0.5
344	2	-0.0545843	0.5
344	3	-0.0184117	0.5
344	4	-0.0242083	0.5
344	5	-0.00571637	0.5
344	6	0.0726643	0.5
344	7	-0.0149289	0.5
352	0	-0.0139385	0.5
352	1	-0.0775066	0.5
352	2	-0.040089	0.5
352	3	0.0347522	0.5
352	4	-0.000699577	0.5
352	5	0.0195282	0.5
352	6	0.00769785	0.5
352	7	0.0702554	0.5
360	0	0.0467149	0.5
360	1	0.0566785	0.5
360	2	-0.0392468	0.5
360	3	-0.0391065	0.5
360	4	-0.01386	0.5
360	5	-0.00226127	0.5
360	6	0.0268523	0.5
360	7	-0.0357711	0.5
368	0	-0.0318094	0.5
368	1	0.053186	0.5
368	2	-0.0524668	0.5
368	3	-0.0287015	0.5
368	4	-0.00850339	0.5
368	5	0.00637493	0.5
368	6	0.0158736	0.5
368	7	0.0460466	0.5
376	0	-0.0656777	0.5
376	1	0.0477498	0.5
376	2	0.0015328	0.5
376	3	-0.049752	0.5
376	4	0.068397	0.5
376	5	0.00892342	0.5
376	6	-0.0398021	0.5
376	7	0.0286287	0.5
384	0	-0.0532377	0.5
384	1	0.0372652	0.5
384	2	-0.0859962	0.5
384	3	-0.0034502	0.5
384	4	-0.0170197	0.5
384	5	0.010226	0.5
384	6	0.0401517	0.5
384	7	0.072061	0.5
392	0	-0.0262625	0.5
392	1	0.0383605	0.5
392	2	0.0366763	0.5
392	3	-0.00122059	0.5
392	4	-0.0699772	0.5
392	5	0.037258	0.5
392	6	-0.00609811	0.5
392	7	-0.00873638	0.5
