0	0	-0.015966	0
0	1	0.0182279	1
0	2	0.064988	1
0	3	-0.0205338	1
0	4	-0.00845797	0
0	5	-0.0302827	1
0	6	0.0253425	1
0	7	-0.0333179	0
8	0	0.0440739	0
8	1	0.00338056	1
8	2	0.0265202	0
8	3	0.0268614	0
8	4	-0.0543523	1
8	5	0.00167906	1
8	6	-0.0289545	0
8	7	-0.0192083	0
16	0	-0.00311941	0
16	1	-0.0581015	0
16	2	0.0878587	0
16	3	0.0136888	1
16	4	-0.0486448	0
16	5	0.0343964	0
16	6	0.00709544	1
16	7	-0.0331736	1
24	0	0.00868403	1
24	1	-0.0554112	0
24	2	-0.0195704	0
24	3	0.0349051	1
24	4	0.0739062	1
24	5	-0.0143669	0
24	6	-0.0332149	0
24	7	0.00506805	0
32	0	-0.0268459	0
32	1	0.0493669	1
32	2	0.0875373	1
32	3	-0.0524289	0
32	4	-0.0519513	1
32	5	-0.0197718	0
32	6	0.0259012	1
32	7	-0.0118075	0
40	0	0.0922963	0
40	1	-0.0249901	1
40	2	-0.0536776	0
40	3	-0.0177651	0
40	4	0.00860597	0
40	5	0.032869	1
40	6	-0.072298	0
40	7	0.0349596	1
48	0	-0.0365013	1
48	1	-0.00590365	1
48	2	-0.0118643	0
48	3	-0.027034	0
48	4	0.0115915	0
48	5	-0.000549668	0
48	6	0.00530762	1
48	7	0.0649539	1
56	0	-0.02976	0
56	1	0.0128944	0
56	2	-0.0655968	0
56	3	0.0544472	0
56	4	-0.0207634	1
56	5	0.0720832	1
56	6	-0.000319746	1
56	7	-0.022985	0
64	0	0.053743	1
64	1	-0.00645807	1
64	2	0.0183111	1
64	3	-0.057566	1
64	4	-0.0350396	0
64	5	-0.0145785	0
64	6	-0.0299534	1
64	7	0.0715415	0
72	0	-0.0444296	0
72	1	-0.0557458	0
72	2	0.0691939	1
72	3	0.0373867	1
72	4	0.0375351	1
72	5	-0.0102967	0
72	6	-0.0132993	1
72	7	-0.0203444	1
80	0	-0.0221667	1
80	1	0.0135301	1
80	2	0.00535278	1
80	3	-0.0258824	0
80	4	0.00868319	0
80	5	0.02234	1
80	6	0.00454292	0
80	7	-0.00639979	1
88	0	-0.056974	0
88	1	-0.0158484	0
88	2	0.103524	1
88	3	-0.026808	0
88	4	0.000358985	0
88	5	0.0259194	0
88	6	-0.0102086	1
88	7	-0.0199637	1
96	0	-0.00153287	1
96	1	-0.0422447	0
96	2	0.0254862	0
96	3	0.0526355	1
96	4	-0.0196913	1
96	5	0.0179129	1
96	6	-0.0060786	0
96	7	-0.0264872	0
104	0	0.0565707	0
104	1	0.0219476	1
104	2	-0.0796913	1
104	3	-0.0347791	0
104	4	0.0470571	1
104	5	0.0602202	1
104	6	-0.00935972	1
104	7	-0.0619654	1
112	0	-0.0258234	1
112	1	0.104897	1
112	2	-0.00918146	0
112	3	-0.0521505	0
112	4	0.0140764	0
112	5	-0.0220871	0
112	6	0.00614856	1
112	7	-0.0158794	0
120	0	-0.0451695	1
120	1	-0.00168471	1
120	2	-0.0305348	0
120	3	0.000370655	0
120	4	-0.00168879	1
120	5	-0.0197743	1
120	6	0.0686774	1
120	7	0.0298041	0
128	0	0.064004	0
128	1	-0.0645671	0
128	2	-0.0188102	1
128	3	0.0339973	0
128	4	0.0215362	1
128	5	-0.0656979	1
128	6	-0.0106475	0
128	7	0.0401852	0
136	0	0.104962	0
136	1	-0.0578443	0
136	2	-0.0112654	1
136	3	-0.0387883	0
136	4	0.00399752	0
136	5	-0.0524963	0
136	6	0.0420668	1
136	7	0.00936778	0
144	0	-0.0108315	1
144	1	0.00902837	0
144	2	-0.0321951	0
144	3	-0.0183492	1
144	4	0.0770807	0
144	5	0.0171836	1
144	6	-0.0123822	0
144	7	-0.0295346	0
152	0	0.0391572	0
152	1	-0.00201863	1
152	2	-0.0800194	1
152	3	-0.00315334	1
152	4	0.0477664	0
152	5	0.0017727	0
152	6	0.0240467	0
152	7	-0.0275516	1
160	0	-0.0297643	0
160	1	-0.0489219	1
160	2	-0.010229	0
160	3	0.139228	0
160	4	-0.0289207	0
160	5	-0.0626963	1
160	6	0.0159223	1
160	7	0.0253823	0
168	0	0.0196479	1
168	1	-0.00494155	0
168	2	0.0273438	1
168	3	-0.00410345	1
168	4	-0.0210789	1
168	5	-0.00372446	1
168	6	0.0267757	1
168	7	-0.039919	0
176	0	0.0288417	1
176	1	-0.0753242	1
176	2	-0.035836	1
176	3	-0.0400076	1
176	4	-0.0147497	0
176	5	0.012832	0
176	6	0.0183575	0
176	7	0.105886	0
184	0	0.0142458	1
184	1	-0.000907547	1
184	2	0.0157353	0
184	3	0.00639894	1
184	4	-0.0465359	1
184	5	-0.00506953	0
184	6	0.00588318	0
184	7	0.0102497	1
192	0	-0.049494	1
192	1	0.0141499	0
192	2	0.0487311	1
192	3	-0.0669195	0
192	4	0.0250242	0
192	5	-0.101938	1
192	6	0.0336484	0
192	7	0.0967982	1
200	0	0.038925	0
200	1	-0.00128918	1
200	2	0.00511529	1
200	3	-0.0132047	1
200	4	0.0565987	0
200	5	-0.0227421	0
200	6	-0.0676367	0
200	7	0.00423382	1
208	0	-0.0488385	0
208	1	-0.0475214	0
208	2	-0.032504	1
208	3	0.0136	1
208	4	0.072169	1
208	5	0.00583035	1
208	6	-0.0279002	0
208	7	0.0651647	1
216	0	-0.0363237	1
216	1	0.0993275	0
216	2	0.0772471	1
216	3	0.0449596	1
216	4	-0.00807285	0
216	5	-0.0687134	1
216	6	-0.0302636	1
216	7	-0.0781607	0
224	0	0.0526908	0
224	1	0.0947544	1
224	2	-0.0438651	1
224	3	-0.0626114	1
224	4	0.0160632	0
224	5	-0.084313	1
224	6	0.0102382	1
224	7	0.017043	0
232	0	-0.00754631	1
232	1	0.0127323	1
232	2	-0.0242798	1
232	3	0.0199516	0
232	4	0.00279278	1
232	5	-0.060595	1
232	6	-0.0185871	0
232	7	0.0755316	0
240	0	0.0295508	1
240	1	-0.0606902	1
240	2	-0.0249062	1
240	3	0.0759335	0
240	4	0.0304556	0
240	5	-0.000296624	0
240	6	-0.0229471	1
240	7	-0.0270998	0
248	0	-0.00578113	0
248	1	-0.0838596	1
248	2	-0.0538499	1
248	3	0.0499893	0
248	4	0.0146087	0
248	5	0.0347252	0
248	6	0.0116605	1
248	7	0.032507	0
256	0	-0.031737	1
256	1	0.0151943	1
256	2	0.0922861	1
256	3	-0.0328315	1
256	4	-0.0325313	0
256	5	0.0612489	0
256	6	0.00134714	1
256	7	-0.0729764	0
264	0	0.064858	0
264	1	0.00418187	0
264	2	-0.00751029	1
264	3	-0.0343979	1
264	4	0.0404587	1
264	5	-0.00886019	0
264	6	-0.00337353	1
264	7	-0.0553567	0
272	0	0.05304	0
272	1	-0.0515242	1
272	2	0.0362635	0
272	3	-0.0461517	0
272	4	0.0231192	1
272	5	-0.00755472	0
272	6	-0.0622816	1
272	7	0.0550895	1
280	0	0.00227983	1
280	1	0.0663965	0
280	2	0.0249658	0
280	3	-0.0302844	1
280	4	0.00973903	0
280	5	-0.0308329	0
280	6	-0.0495619	0
280	7	0.00729809	1
288	0	0.0337564	1
288	1	0.0616668	0
288	2	-0.0117931	0
288	3	-0.0041858	0
288	4	0.0207632	1
288	5	0.00146098	1
288	6	-0.0808481	0
288	7	-0.0208205	1
296	0	0.00846352	0
296	1	0.0356526	0
296	2	-0.0529009	0
296	3	-0.00206469	1
296	4	-0.015217	0
296	5	0.049833	1
296	6	-0.0276313	0
296	7	0.00386472	1
304	0	0.036519	0
304	1	-0.0294537	1
304	2	0.0176088	0
304	3	-0.0519482	1
304	4	0.00773792	0
304	5	-0.0381225	1
304	6	0.0257022	0
304	7	0.0319564	1
312	0	-0.000850996	0
312	1	-0.0609143	0
312	2	0.100627	1
312	3	0.0228844	1
312	4	-0.0715731	0
312	5	0.0172727	1
312	6	0.00766269	1
312	7	-0.015108	0
320	0	4.74401e-06	0
320	1	-0.0459425	0
320	2	-0.00193121	1
320	3	0.0139678	0
320	4	0.0113093	1
320	5	-0.0684115	0
320	6	0.0299821	0
320	7	0.0610213	1
328	0	0.00691563	0
328	1	0.0176743	0
328	2	0.0597803	0
328	3	-0.150521	1
328	4	0.0141641	0
328	5	0.000686775	1
328	6	0.0387526	0
328	7	0.0125474	1
336	0	0.0879488	0
336	1	-0.0439399	1
336	2	0.00642903	1
336	3	-0.00108497	0
336	4	0.0477368	1
336	5	-0.0483446	0
336	6	-0.0189337	1
336	7	-0.0298114	0
344	0	-0.0281639	0
344	1	0.00980489	1
344	2	0.0417085	0
344	3	0.0758872	1
344	4	-0.0121488	0
344	5	-0.0132333	0
344	6	-0.0611593	0
344	7	-0.0126952	1
352	0	-0.0740245	0
352	1	0.0726462	1
352	2	0.0252838	1
352	3	0.0110831	0
352	4	-0.00925965	0
352	5	-0.0483596	0
352	6	0.0014859	0
352	7	0.0211448	1
360	0	-0.0246945	0
360	1	0.00758638	0
360	2	-0.032531	1
360	3	-0.00151703	0
360	4	-0.00560955	0
360	5	-0.00282464	0
360	6	0.00873754	1
360	7	0.0508528	0
368	0	0.0215931	1
368	1	0.060504	1
368	2	-0.0304938	1
368	3	-0.0575232	0
368	4	0.0412503	1
368	5	-0.0105667	1
368	6	-0.0254353	1
368	7	0.000671696	1
376	0	-0.0166845	0
376	1	-0.0234699	1
376	2	0.0319464	1
376	3	-0.0862976	1
376	4	0.00632045	0
376	5	-0.0312859	1
376	6	0.010011	0
376	7	0.10946	1
384	0	-0.00142246	0
384	1	-0.0955936	0
384	2	-0.016426	0
384	3	0.0796896	0
384	4	0.0596334	0
384	5	-0.0824659	1
384	6	0.00862049	1
384	7	0.0479644	0
392	0	0.0615728	0
392	1	-0.00626627	0
392	2	0.0771911	1
392	3	0.0536853	1
392	4	-0.000504806	1
392	5	-0.124698	0
392	6	-0.0498555	1
392	7	-0.0111245	1
