0	0	0.0304821	1
0	1	-0.0377757	1
0	2	0.00436636	0
0	3	0.0315424	1
0	4	0.0413192	0
0	5	0.00325452	0
0	6	0.0161446	1
0	7	-0.0893335	0
8	0	0.0822189	0
8	1	0.0554643	0
8	2	-0.0571549	1
8	3	-0.0536067	1
8	4	-0.00142005	1
8	5	0.00114182	0
8	6	-0.0242794	0
8	7	-0.00236397	0
16	0	0.0658778	1
16	1	-0.0221874	0
16	2	-0.0859964	1
16	3	0.0522928	1
16	4	0.0475759	0
16	5	-0.0436648	0
16	6	-0.0525388	1
16	7	0.0386408	0
24	0	-0.0236797	1
24	1	0.0201457	1
24	2	0.0462124	1
24	3	0.000207076	1
24	4	-0.0268404	1
24	5	0.0260178	1
24	6	0.0686014	0
24	7	-0.110664	1
32	0	-0.018017	1
32	1	0.0640008	1
32	2	0.0326533	0
32	3	-0.0127736	0
32	4	-0.0235669	0
32	5	-0.044907	1
32	6	0.0268194	0
32	7	-0.024209	0
40	0	-0.0618025	1
40	1	-0.0126115	0
40	2	0.00403178	0
40	3	0.043708	0
40	4	0.00573156	1
40	5	0.0276721	1
40	6	0.0316724	1
40	7	-0.0384019	1
48	0	-0.0489434	0
48	1	-0.0233798	1
48	2	-0.0261961	0
48	3	0.0172724	1
48	4	0.0239375	0
48	5	-0.00106744	0
48	6	0.0216802	0
48	7	0.0366966	0
56	0	-0.0132532	0
56	1	-0.0274057	0
56	2	-0.0782252	0
56	3	0.0513603	1
56	4	-0.00209158	1
56	5	-0.0255353	0
56	6	0.0200012	0
56	7	0.0751494	1
64	0	-0.101583	1
64	1	0.0326769	0
64	2	0.0125787	1
64	3	0.074794	0
64	4	0.00786554	0
64	5	0.0311624	0
64	6	-0.0130842	1
64	7	-0.0444103	1
72	0	-0.00165245	0
72	1	-0.026711	0
72	2	-0.0141146	1
72	3	-0.0070898	0
72	4	0.0146059	1
72	5	0.0206975	1
72	6	0.0435455	0
72	7	-0.029281	0
80	0	0.033656	0
80	1	-0.0126483	0
80	2	0.00676861	0
80	3	0.0230619	0
80	4	-0.0540724	0
80	5	-0.01809	1
80	6	-0.084281	1
80	7	0.105605	1
88	0	-0.0121693	0
88	1	0.0589209	1
88	2	-0.0343772	1
88	3	-0.0297816	0
88	4	0.0185828	1
88	5	-0.0228151	1
88	6	0.000676218	1
88	7	0.0209633	0
96	0	-0.00619329	1
96	1	-0.061444	1
96	2	0.0256864	0
96	3	0.0347132	0
96	4	-0.0560097	0
96	5	0.00228579	1
96	6	0.0367825	0
96	7	0.0241791	0
104	0	-0.0155995	0
104	1	-0.0257275	1
104	2	0.0974547	1
104	3	-0.0348767	0
104	4	-0.05333	0
104	5	0.101341	1
104	6	-0.045708	1
104	7	-0.0235539	1
112	0	-0.00036846	1
112	1	-0.0547827	1
112	2	-0.00350599	1
112	3	-0.0197352	0
112	4	0.0785282	1
112	5	0.0110051	1
112	6	-0.0448781	1
112	7	0.0337371	0
120	0	-0.0173734	1
120	1	0.0274831	0
120	2	-0.0115065	1
120	3	0.0373132	0
120	4	-0.0555407	1
120	5	-0.0452469	1
120	6	0.020028	0
120	7	0.0448433	0
128	0	0.0347557	0
128	1	-0.0511109	0
128	2	-0.0430934	0
128	3	-0.0138763	0
128	4	0.0545537	0
128	5	-0.059511	0
128	6	0.0561469	0
128	7	0.0221353	0
136	0	-0.0238436	0
136	1	0.00197662	1
136	2	0.0105142	0
136	3	0.0396538	1
136	4	0.0954114	1
136	5	0.0206621	0
136	6	-0.053845	1
136	7	-0.0905295	0
144	0	-0.0861517	1
144	1	0.0409465	1
144	2	0.0841224	1
144	3	0.0349471	0
144	4	0.00180974	0
144	5	-0.0052996	0
144	6	0.00150638	0
144	7	-0.0718807	0
152	0	-0.0332672	0
152	1	0.0540832	0
152	2	-0.0216332	0
152	3	-0.011515	0
152	4	-0.0332194	0
152	5	0.0405383	0
152	6	0.0592768	1
152	7	-0.0542635	0
160	0	0.0195359	0
160	1	-0.0219149	1
160	2	-0.0583329	1
160	3	0.049819	0
160	4	0.0440004	0
160	5	-0.0242005	0
160	6	0.0419059	0
160	7	-0.0508129	0
168	0	0.0180098	1
168	1	-0.0436479	0
168	2	-0.0661043	1
168	3	0.00139186	0
168	4	0.0292839	0
168	5	-0.0436319	0
168	6	0.0580124	1
168	7	0.0466863	0
176	0	0.0024822	0
176	1	-0.0516904	0
176	2	-0.0144129	0
176	3	0.0652662	0
176	4	0.0033657	1
176	5	-0.0678495	1
176	6	-0.0231478	0
176	7	0.0859865	1
184	0	-0.0831037	1
184	1	0.026036	0
184	2	0.0519114	0
184	3	0.00808401	0
184	4	-0.0546538	0
184	5	-0.0570014	0
184	6	0.0793805	1
184	7	0.0293469	0
192	0	-0.0113065	1
192	1	-0.074226	0
192	2	-0.00137854	0
192	3	0.0213917	1
192	4	0.019118	0
192	5	-0.0255024	1
192	6	-0.00999728	0
192	7	0.081901	0
200	0	0.00955605	0
200	1	0.0281861	0
200	2	0.0287339	0
200	3	0.0237095	1
200	4	-0.0060749	1
200	5	0.00559525	0
200	6	-0.0495238	0
200	7	-0.0401821	0
208	0	0.0139467	1
208	1	0.0127221	0
208	2	-0.0194093	0
208	3	-0.0179747	1
208	4	0.0166241	0
208	5	-0.0218933	0
208	6	-0.0176781	1
208	7	0.0336624	0
216	0	-0.0916929	0
216	1	-0.0340691	1
216	2	0.0623758	0
216	3	0.0314857	0
216	4	0.0277271	0
216	5	0.0142706	1
216	6	-0.0235421	1
216	7	0.0134449	1
224	0	0.0303672	0
224	1	0.095258	0
224	2	0.0189839	0
224	3	-0.0832931	0
224	4	-0.00074518	0
224	5	0.00477924	1
224	6	-0.0155977	1
224	7	-0.0497524	0
232	0	0.0265513	1
232	1	-0.0313075	1
232	2	0.0404059	0
232	3	-0.0518488	1
232	4	0.0178544	1
232	5	0.0177403	0
232	6	-0.0152913	0
232	7	-0.00410435	1
240	0	0.00179158	0
240	1	0.0642658	0
240	2	-0.0396116	0
240	3	0.0203106	1
240	4	0.0730363	1
240	5	0.0255644	0
240	6	-0.0697743	0
240	7	-0.0755828	0
248	0	0.0807509	1
248	1	-0.0315885	0
248	2	-0.0190965	1
248	3	-0.0695202	0
248	4	-0.0687185	1
248	5	0.0847836	0
248	6	0.0307971	1
248	7	-0.00740792	0
256	0	-0.0317859	0
256	1	-0.00883105	0
256	2	0.0137021	0
256	3	-0.00980022	0
256	4	-0.0611768	0
256	5	0.0246131	1
256	6	0.0435063	0
256	7	0.0297724	1
264	0	-0.016985	0
264	1	-0.0586377	1
264	2	0.0331926	0
264	3	0.0179795	0
264	4	0.0340527	0
264	5	0.0454374	1
264	6	-0.0444861	1
264	7	-0.0105534	0
272	0	0.0876861	1
272	1	-0.0756201	0
272	2	0.00228707	1
272	3	0.0299626	0
272	4	0.0106415	1
272	5	0.0491256	1
272	6	-0.0429585	1
272	7	-0.0611244	1
280	0	0.0648593	1
280	1	-0.00645858	0
280	2	0.00737587	0
280	3	-0.0732898	1
280	4	-0.00567829	1
280	5	-0.0161526	0
280	6	0.0847881	1
280	7	-0.0554439	1
288	0	-0.0806451	1
288	1	0.0282173	0
288	2	-0.0365623	1
288	3	0.0686022	1
288	4	0.0397347	1
288	5	0.0356391	0
288	6	-0.0669255	1
288	7	0.0119395	1
296	0	0.0267119	0
296	1	0.0454759	0
296	2	-0.0127791	0
296	3	0.0230704	0
296	4	-0.0358385	1
296	5	0.0201783	0
296	6	0.0451636	0
296	7	-0.111983	1
304	0	-0.022224	1
304	1	-0.0444592	0
304	2	0.0153428	0
304	3	0.124824	1
304	4	0.0249087	0
304	5	0.0106228	1
304	6	-0.0531717	0
304	7	-0.0558432	0
312	0	-0.0277338	1
312	1	0.0119696	0
312	2	0.0377595	0
312	3	-0.0303554	0
312	4	-0.0425875	0
312	5	-0.00810365	0
312	6	0.0684608	0
312	7	-0.00940969	1
320	0	0.0281237	0
320	1	-0.0578829	1
320	2	0.0550901	1
320	3	0.0124394	0
320	4	-0.0465408	1
320	5	-0.0544173	0
320	6	0.0188956	0
320	7	0.0442922	1
328	0	0.0484508	1
328	1	-0.075212	1
328	2	0.0463707	1
328	3	-0.018839	0
328	4	-0.0138573	1
328	5	0.0943167	1
328	6	-0.00630729	1
328	7	-0.0749225	0
336	0	0.0147787	0
336	1	-0.07831	1
336	2	0.0249866	1
336	3	-0.0444107	0
336	4	0.1225	0
336	5	-0.00689115	0
336	6	-0.0238475	1
336	7	-0.00880559	1
344	0	-0.0291884	0
344	1	-0.128005	1
344	2	-0.0313307	0
344	3	-0.0318238	1
344	4	0.120381	0
344	5	0.0788376	1
344	6	0.0197929	1
344	7	0.00133717	1
352	0	0.0461373	1
352	1	0.0201456	0
352	2	-0.0102374	0
352	3	0.00627203	1
352	4	-0.0615957	0
352	5	-0.0397674	0
352	6	0.0617255	0
352	7	-0.0226799	0
360	0	-0.0412563	0
360	1	0.0258167	1
360	2	0.0128472	1
360	3	-0.0152098	0
360	4	-0.0418075	0
360	5	-0.00729795	1
360	6	0.0305743	1
360	7	0.0363333	1
368	0	-0.0168843	0
368	1	0.0145458	1
368	2	0.0311913	1
368	3	-0.00303612	1
368	4	-0.00154053	0
368	5	-0.0152997	0
368	6	-0.0154637	1
368	7	0.00648728	0
376	0	0.0476162	1
376	1	0.00496769	0
376	2	-0.105285	1
376	3	-0.0277294	0
376	4	0.0473755	0
376	5	0.0120189	1
376	6	0.0134993	1
376	7	0.00753673	1
384	0	0.00302364	1
384	1	0.0191563	0
384	2	0.0137859	0
384	3	0.0134586	1
384	4	-0.0353799	1
384	5	0.0342274	0
384	6	0.0331443	0
384	7	-0.0814161	1
392	0	0.00685907	1
392	1	0.0362473	1
392	2	0.00858844	1
392	3	-0.0860217	1
392	4	0.0422224	1
392	5	-0.00845598	0
392	6	0.0583504	0
392	7	-0.05779	0
