0	0	0.000609336	0.5
0	1	0.0629152	0.5
0	2	0.0452768	0.5
0	3	-0.0669935	0.5
0	4	0.00172676	0.5
0	5	-0.0256669	0.5
0	6	0.0266099	0.5
0	7	-0.0444778	0.5
8	0	0.00233712	0.5
8	1	0.0273441	0.5
8	2	-0.0320293	0.5
8	3	0.0482885	0.5
8	4	-0.0168692	0.5
8	5	0.0497939	0.5
8	6	-0.00460488	0.5
8	7	-0.0742602	0.5
16	0	-0.0699536	0.5
16	1	0.129394	0.5
16	2	-0.0443248	0.5
16	3	0.0242656	0.5
16	4	-0.054694	0.5
16	5	0.0493947	0.5
16	6	-0.00188984	0.5
16	7	-0.0321918	0.5
24	0	0.0784895	0.5
24	1	-0.0555679	0.5
24	2	-0.0327435	0.5
24	3	-0.0218649	0.5
24	4	0.0198681	0.5
24	5	0.0158337	0.5
24	6	-0.0235798	0.5
24	7	0.0195648	0.5
32	0	0.0348539	0.5
32	1	-0.0760116	0.5
32	2	-0.0132397	0.5
32	3	0.00199485	0.5
32	4	0.0523867	0.5
32	5	-0.0304982	0.5
32	6	0.0136609	0.5
32	7	0.0168531	0.5
40	0	0.0370055	0.5
40	1	0.00819855	0.5
40	2	-0.00233678	0.5
40	3	0.0124683	0.5
40	4	0.0233547	0.5
40	5	0.0118608	0.5
40	6	-0.0313639	0.5
40	7	-0.0591872	0.5
48	0	-0.0821867	0.5
48	1	0.0378951	0.5
48	2	0.0680642	0.5
48	3	0.0184575	0.5
48	4	-0.0462258	0.5
48	5	-0.0109362	0.5
48	6	0.02371	0.5
48	7	-0.00877817	0.5
56	0	-0.0295719	0.5
56	1	0.0396403	0.5
56	2	-0.082862	0.5
56	3	-0.0742522	0.5
56	4	0.0330427	0.5
56	5	0.118069	0.5
56	6	-0.0118248	0.5
56	7	0.00775907	0.5
64	0	-0.042586	0.5
64	1	0.0351177	0.5
64	2	0.0283741	0.5
64	3	0.0125644	0.5
64	4	-0.0305216	0.5
64	5	-0.0226178	0.5
64	6	-0.0134313	0.5
64	7	0.0331005	0.5
72	0	-0.0281477	0.5
72	1	-0.0257977	0.5
72	2	-0.0307427	0.5
72	3	0.0269205	0.5
72	4	0.0417824	0.5
72	5	-0.0268838	0.5
72	6	0.0161462	0.5
72	7	0.0267227	0.5
80	0	-7.0822e-05	0.5
80	1	0.0454987	0.5
80	2	0.00678017	0.5
80	3	-0.0412823	0.5
80	4	0.0107677	0.5
80	5	-0.0108504	0.5
80	6	-0.0324105	0.5
80	7	0.0215674	0.5
88	0	0.127581	0.5
88	1	0.000984073	0.5
88	2	-0.0162112	0.5
88	3	-0.0350973	0.5
88	4	-0.0288161	0.5
88	5	-0.0330703	0.5
88	6	-0.0490243	0.5
88	7	0.0336546	0.5
96	0	-0.0773487	0.5
96	1	-0.0345785	0.5
96	2	0.0307138	0.5
96	3	-0.0174055	0.5
96	4	0.055849	0.5
96	5	0.0868004	0.5
96	6	0.0017522	0.5
96	7	-0.0457828	0.5
104	0	-0.0459309	0.5
104	1	0.0536448	0.5
104	2	-0.0524881	0.5
104	3	0.05598	0.5
104	4	0.0370865	0.5
104	5	-0.0488704	0.5
104	6	0.0403139	0.5
104	7	-0.0397358	0.5
112	0	0.0231342	0.5
112	1	0.00336127	0.5
112	2	-0.0971265	0.5
112	3	0.0263681	0.5
112	4	-0.0140603	0.5
112	5	-0.00741031	0.5
112	6	0.0133661	0.5
112	7	0.0523675	0.5
120	0	0.0030862	0.5
120	1	0.0709715	0.5
120	2	0.03787	0.5
120	3	0.0666829	0.5
120	4	-0.0111057	0.5
120	5	-0.0237435	0.5
120	6	-0.0316887	0.5
120	7	-0.112073	0.5
128	0	0.0552394	0.5
128	1	-0.0375908	0.5
128	2	0.0199524	0.5
128	3	-0.0107488	0.5
128	4	-0.0167931	0.5
128	5	0.0116131	0.5
128	6	0.000734154	0.5
128	7	-0.0224062	0.5
136	0	0.0514391	0.5
136	1	0.0203614	0.5
136	2	0.05501	0.5
136	3	-0.0960949	0.5
136	4	-0.0196933	0.5
136	5	0.0165897	0.5
136	6	0.00526465	0.5
136	7	-0.0328766	0.5
144	0	0.0208824	0.5
144	1	-0.00553124	0.5
144	2	0.00801938	0.5
144	3	-0.0186003	0.5
144	4	0.0391417	0.5
144	5	-0.0455034	0.5
144	6	-0.0786171	0.5
144	7	0.0802085	0.5
152	0	-0.0112019	0.5
152	1	-0.0387764	0.5
152	2	-0.00334477	0.5
152	3	0.0746583	0.5
152	4	-0.0052196	0.5
152	5	-0.00782668	0.5
152	6	0.0228533	0.5
152	7	-0.0311422	0.5
160	0	-0.0537354	0.5
160	1	0.03088	0.5
160	2	0.00291683	0.5
160	3	0.0317303	0.5
160	4	-0.0363382	0.5
160	5	0.029904	0.5
160	6	-0.00689821	0.5
160	7	0.0015407	0.5
168	0	0.0253444	0.5
168	1	-0.00375283	0.5
168	2	-0.0162461	0.5
168	3	-0.0111898	0.5
168	4	-0.0131187	0.5
168	5	-0.000290351	0.5
168	6	0.0469377	0.5
168	7	-0.0276842	0.5
176	0	0.0137387	0.5
176	1	-0.0547408	0.5
176	2	-0.0046253	0.5
176	3	0.00683787	0.5
176	4	-0.00190915	0.5
176	5	-0.0278291	0.5
176	6	0.0216772	0.5
176	7	0.0468506	0.5
184	0	-0.0251023	0.5
184	1	0.00320603	0.5
184	2	0.00432461	0.5
184	3	-0.0704448	0.5
184	4	-0.085675	0.5
184	5	0.0668947	0.5
184	6	0.034312	0.5
184	7	0.0724848	0.5
192	0	-0.00719293	0.5
192	1	-0.000953077	0.5
192	2	-0.0367772	0.5
192	3	0.109917	0.5
192	4	-0.00208724	0.5
192	5	-0.0137131	0.5
192	6	-0.00778883	0.5
192	7	-0.0414047	0.5
200	0	0.00704441	0.5
200	1	0.1031	0.5
200	2	0.0187036	0.5
200	3	-0.0732875	0.5
200	4	0.00310991	0.5
200	5	-0.0221182	0.5
200	6	-0.0119855	0.5
200	7	-0.0245669	0.5
208	0	0.02616	0.5
208	1	0.027554	0.5
208	2	0.0256551	0.5
208	3	0.0569293	0.5
208	4	-0.0298743	0.5
208	5	-0.0697388	0.5
208	6	0.0195679	0.5
208	7	-0.0562531	0.5
216	0	0.0378789	0.5
216	1	-0.02166	0.5
216	2	-0.0412951	0.5
216	3	0.0798098	0.5
216	4	-0.0779114	0.5
216	5	-0.036245	0.5
216	6	0.0384817	0.5
216	7	0.0209411	0.5
224	0	-0.00399418	0.5
224	1	-0.00367177	0.5
224	2	0.0235355	0.5
224	3	-0.0152313	0.5
224	4	-0.067449	0.5
224	5	-0.0226294	0.5
224	6	0.0215951	0.5
224	7	0.067845	0.5
232	0	0.0552999	0.5
232	1	0.046913	0.5
232	2	-0.0749742	0.5
232	3	-0.00274347	0.5
232	4	-0.0380171	0.5
232	5	-0.0321899	0.5
232	6	0.0334429	0.5
232	7	0.0122689	0.5
240	0	-0.0439258	0.5
240	1	-0.0492012	0.5
240	2	-0.0019851	0.5
240	3	0.00772952	0.5
240	4	-0.0616928	0.5
240	5	0.0559214	0.5
240	6	0.0622626	0.5
240	7	0.0308913	0.5
248	0	0.0151763	0.5
248	1	0.051798	0.5
248	2	-0.0440117	0.5
248	3	-0.0555417	0.5
248	4	-0.0448303	0.5
248	5	-0.0294946	0.5
248	6	-0.00580065	0.5
248	7	0.112705	0.5
256	0	0.0453826	0.5
256	1	-0.000662042	0.5
256	2	-0.00558097	0.5
256	3	0.00474014	0.5
256	4	-0.0418376	0.5
256	5	-0.00753449	0.5
256	6	-0.0319602	0.5
256	7	0.0374525	0.5
264	0	0.0655335	0.5
264	1	-0.0547236	0.5
264	2	0.0188197	0.5
264	3	-0.0538252	0.5
264	4	-0.0054278	0.5
264	5	0.0838575	0.5
264	6	0.00531242	0.5
264	7	-0.0595466	0.5
272	0	-0.0425995	0.5
272	1	-0.0234363	0.5
272	2	0.0186022	0.5
272	3	0.0223316	0.5
272	4	0.0154643	0.5
272	5	0.000729914	0.5
272	6	-0.0239107	0.5
272	7	0.0328184	0.5
280	0	-0.00992741	0.5
280	1	-0.0186114	0.5
280	2	0.0307786	0.5
280	3	0.0153834	0.5
280	4	-0.0230605	0.5
280	5	0.04596	0.5
280	6	-0.108091	0.5
280	7	0.0675687	0.5
288	0	-0.0451073	0.5
288	1	-2.929e-05	0.5
288	2	-0.0491854	0.5
288	3	0.0316181	0.5
288	4	0.0589759	0.5
288	5	0.0229452	0.5
288	6	0.00216755	0.5
288	7	-0.0213847	0.5
296	0	0.0624997	0.5
296	1	-0.0621261	0.5
296	2	-0.0380928	0.5
296	3	-0.0562288	0.5
296	4	0.0783975	0.5
296	5	0.0704466	0.5
296	6	-0.065849	0.5
296	7	0.010953	0.5
304	0	-0.0508863	0.5
304	1	-0.0512769	0.5
304	2	0.0176701	0.5
304	3	-0.00716932	0.5
304	4	0.0601939	0.5
304	5	-0.0262521	0.5
304	6	0.074881	0.5
304	7	-0.0171604	0.5
312	0	-0.00249566	0.5
312	1	-0.091495	0.5
312	2	0.0723151	0.5
312	3	0.0484715	0.5
312	4	0.029393	0.5
312	5	-0.00539929	0.5
312	6	0.00260489	0.5
312	7	-0.0533945	0.5
320	0	0.00409641	0.5
320	1	-0.0152695	0.5
320	2	-0.00972298	0.5
320	3	-0.0235125	0.5
320	4	-0.0384168	0.5
320	5	0.0254132	0.5
320	6	0.0315071	0.5
320	7	0.025905	0.5
328	0	0.0129769	0.5
328	1	-0.0388388	0.5
328	2	-0.0468515	0.5
328	3	0.0674675	0.5
328	4	0.00334196	0.5
328	5	-0.0375152	0.5
328	6	0.0444466	0.5
328	7	-0.0050274	0.5
336	0	0.104678	0.5
336	1	0.0454313	0.5
336	2	-0.0136167	0.5
336	3	-0.017276	0.5
336	4	0.00670183	0.5
336	5	-0.025154	0.5
336	6	-0.101931	0.5
336	7	0.00116733	0.5
344	0	-0.04474	0.5
344	1	0.00546357	0.5
344	2	-0.0375721	0.5
344	3	0.0986379	0.5
344	4	0.0395679	0.5
344	5	-0.102309	0.5
344	6	0.0685051	0.5
344	7	-0.027553	0.5
352	0	-0.0283279	0.5
352	1	-0.00913164	0.5
352	2	-0.0572471	0.5
352	3	0.0812454	0.5
352	4	-0.0254442	0.5
352	5	0.051918	0.5
352	6	0.00446549	0.5
352	7	-0.0174781	0.5
360	0	-0.0847311	0.5
360	1	0.0217748	0.5
360	2	0.0235146	0.5
360	3	-0.0296779	0.5
360	4	-0.0181729	0.5
360	5	0.0175859	0.5
360	6	0.106175	0.5
360	7	-0.0364684	0.5
368	0	-0.00881471	0.5
368	1	-0.0170656	0.5
368	2	0.0526141	0.5
368	3	0.0046175	0.5
368	4	0.0274399	0.5
368	5	-0.00508247	0.5
368	6	-0.0175823	0.5
368	7	-0.0361265	0.5
376	0	0.0127898	0.5
376	1	-0.0455	0.5
376	2	0.0357742	0.5
376	3	0.0119815	0.5
376	4	-0.065336	0.5
376	5	0.0177763	0.5
376	6	0.0240221	0.5
376	7	0.00849208	0.5
384	0	-0.0227526	0.5
384	1	0.0219051	0.5
384	2	0.0699464	0.5
384	3	-0.00241295	0.5
384	4	-0.0166105	0.5
384	5	0.0622757	0.5
384	6	-0.0711048	0.5
384	7	-0.0412464	0.5
392	0	-0.033613	0.5
392	1	-0.0253622	0.5
392	2	-0.0883082	0.5
392	3	0.0055655	0.5
392	4	0.060285	0.5
392	5	0.0467064	0.5
392	6	0.0186851	0.5
392	7	0.0160414	0.5
